20050118,2
20050119,2
20050123,1
20050128,1
20050302,1
20050306,1
20050307,2
20050308,2
20050309,2
20050314,1
20050322,1
20050329,1
20050401,1
20050407,1
20050414,1
20050415,1
20050418,3
20050419,2
20050420,1
20050502,1
20050512,2
20050513,2
20050608,1
20050615,1
20050617,1
20050619,1
20050626,1
20050628,1
20050630,2
20050701,5
20050707,1
20050712,1
20050717,1
20050718,1
20050719,3
20050722,1
20050728,1
20050805,1
20050819,1
20050830,1
20050919,2
20050921,2
20051007,1
20051016,1
20051017,1
20051018,2
20051019,1
20051022,1
20051024,1
20051101,1
20051112,1
20051114,1
20051115,1
20051117,1
20051122,1
20051206,3
20051207,3
20051208,1
20051210,1
20051214,1
20060106,1
20060110,1
20060112,1
20060113,1
20060117,1
20060119,1
20060122,1
20060124,3
20060125,1
20060126,1
20060131,1
20060210,1
20060215,1
20060303,1
20060306,1
20060307,2
20060322,1
20060329,3
20060330,2
20060403,1
20060404,1
20060405,2
20060406,2
20060407,1
20060414,1
20060421,3
20060422,1
20060424,1
20060426,1
20060429,1
20060508,1
20060605,1
20060613,1
20060615,1
20060626,1
20060707,4
20060708,4
20060709,1
20060710,1
20060711,1
20060712,1
20060713,2
20060714,2
20060718,2
20060719,1
20060721,1
20060723,1
20060724,1
20060726,2
20060727,2
20060802,1
20060816,2
20060820,1
20060824,1
20060826,1
20060828,1
20060905,1
20060921,1
20061002,1
20061013,1
20061016,1
20061020,5
20061021,2
20061024,1
20061109,1
20061110,1
20061112,1
20061118,1
20061120,1
20061128,1
20061202,1
20061207,1
20061209,2
20061214,1
20061227,1
20070102,1
20070104,1
20070124,1
20070130,3
20070131,2
20070203,1
20070207,1
20070213,1
20070214,2
20070218,1
20070409,2
20070413,1
20070425,1
20070426,6
20070427,1
20070428,2
20070430,1
20070502,1
20070505,1
20070526,1
20070606,1
20070609,1
20070709,1
20070718,1
20070722,1
20070726,1
20070727,1
20070815,2
20070927,1
20071002,1
20071015,1
20071019,3
20071020,2
20071023,1
20071109,1
20071116,1
20071208,1
20071213,2
20080102,1
20080129,1
20080202,1
20080214,1
20080303,1
20080316,1
20080317,1
20080323,1
20080411,2
20080424,3
20080425,2
20080521,1
20080614,1
20080707,1
20080724,1
20080725,1
20081017,1
20081021,2
20081022,2
20081202,1
20081203,1
20081208,3
20081209,2
20081217,1
20081218,1
20090130,1
20090217,1
20090223,1
20090224,1
20090312,1
20090325,2
20090326,2
20090327,1
20090331,1
20090401,1
20090403,1
20090406,1
20090409,1
20090424,2
20090425,1
20090427,2
20090428,2
20090518,1
20090523,1
20090526,1
20090528,2
20090622,1
20090710,1
20090723,1
20090724,2
20090803,1
20090809,1
20090822,1
20090902,1
20090903,1
20090911,1
20090916,1
20091014,1
20091022,2
20091023,1
20091105,1
20091119,1
20091201,1
20091208,2
20091209,1
20091210,1
20091229,1
20100108,1
20100121,1
20100126,1
20100128,1
20100129,1
20100203,1
20100204,1
20100205,1
20100213,1
20100219,1
20100301,1
20100319,1
20100320,1
20100331,1
20100401,1
20100402,1
20100410,1
20100416,1
20100421,1
20100427,2
20100428,2
20100429,1
20100507,1
20100510,1
20100512,1
20100514,1
20100520,1
20100522,1
20100528,1
20100622,1
20100625,1
20100701,1
20100703,1
20100719,1
20100722,3
20100723,3
20100817,1
20100820,1
20100821,1
20100830,2
20100831,6
20100901,2
20100907,1
20100910,4
20100911,1
20100920,1
20100921,2
20101001,2
20101004,2
20101008,1
20101009,1
20101017,1
20101019,1
20101028,6
20101029,1
20101031,1
20101101,1
20101106,1
20101126,1
20101206,2
20101207,4
20101208,1
20101210,1
20101212,1
20101220,1
20101221,1
20101226,1
20101228,1
20101230,1
20110101,1
20110106,1
20110113,1
20110124,1
20110125,2
20110127,2
20110128,1
20110207,1
20110208,1
20110209,1
20110217,1
20110224,1
20110228,1
20110302,3
20110306,1
20110311,1
20110322,2
20110323,1
20110401,1
20110414,1
20110415,1
20110424,1
20110425,2
20110426,6
20110427,3
20110504,2
20110507,1
20110516,1
20110517,2
20110518,1
20110525,1
20110609,2
20110610,1
20110614,1
20110615,1
20110621,1
20110624,1
20110625,1
20110627,1
20110720,1
20110724,1
20110725,2
20110726,6
20110727,1
20110728,1
20110808,1
20110817,1
20110818,1
20110822,1
20110825,1
20110826,1
20110831,1
20110902,1
20110906,2
20110914,1
20110915,1
20110929,1
20111004,1
20111007,1
20111013,1
20111014,2
20111017,1
20111024,2
20111025,7
20111026,4
20111028,1
20111031,2
20111101,1
20111110,1
20111115,1
20111129,1
20111206,1
20111207,1
20111209,1
20111210,1
20111214,1
20111219,1
20120103,1
20120104,3
20120105,1
20120113,1
20120117,1
20120118,3
20120123,2
20120126,5
20120127,4
20120208,3
20120209,1
20120215,1
20120227,2
20120228,1
20120302,1
20120306,1
20120312,1
20120329,1
20120330,1
20120403,1
20120407,2
20120417,1
20120423,3
20120424,5
20120425,1
20120426,1
20120427,3
20120428,1
20120510,1
20120516,1
20120517,2
20120518,2
20120524,1
20120613,1
20120618,1
20120620,1
20120621,2
20120622,1
20120701,1
20120702,1
20120712,1
20120720,1
20120723,1
20120725,2
20120726,4
20120801,1
20120807,1
20120813,1
20120817,1
20120821,1
20120904,1
20120905,3
20120906,1
20120914,2
20120919,1
20121001,4
20121003,2
20121004,2
20121017,1
20121018,2
20121019,1
20121023,8
20121025,1
20121114,1
20121120,2
20121126,1
20121212,2
20121214,1
20130109,1
20130118,1
20130123,1
20130124,5
20130130,2
20130131,1
20130206,1
20130219,2
20130222,1
20130301,1
20130305,1
20130308,1
20130322,4
20130324,1
20130425,4
20130428,1
20130429,1
20130503,1
20130516,1
20130528,1
20130530,1
20130531,1
20130602,1
20130609,1
20130610,1
20130627,1
20130725,3
20130728,1
20130731,1
20130809,1
20130827,1
20130828,1
20130904,1
20130909,1
20130910,1
20130912,1
20130924,1
20130925,1
20130926,2
20131003,2
20131015,1
20131016,1
20131021,1
20131023,1
20131024,7
20131029,1
20131031,2
20131105,1
20131118,1
20131121,3
20131202,1
20131204,1
20131209,1
20131211,1
20131213,1
20131217,4
20131218,1
20131219,1
20131220,1
20131230,1
20140106,1
20140108,1
20140115,1
20140130,3
20140202,1
20140203,3
20140204,1
20140205,3
20140214,1
20140220,1
20140227,2
20140228,1
20140307,1
20140310,1
20140325,1
20140414,1
20140421,1
20140422,1
20140424,4
20140507,1
20140509,1
20140518,1
20140601,1
20140604,1
20140609,2
20140610,1
20140611,1
20140613,1
20140614,1
20140624,1
20140722,1
20140724,3
20140725,2
20140730,1
20140806,2
20140813,2
20140814,1
20140815,1
20140908,1
20140909,2
20141006,1
20141022,1
20141023,5
20141024,1
20141026,1
20141107,1
20141204,1
20141216,1
20141219,1
20141223,1
20150119,1
20150122,1
20150126,1
20150127,3
20150129,1
20150130,1
20150209,1
20150223,1
20150224,1
20150302,1
20150306,1
20150310,1
20150319,1
20150327,1
20150330,1
20150403,1
20150406,1
20150415,1
20150421,1
20150423,3
20150427,1
