20050113,1
20050118,2
20050119,2
20050124,2
20050125,1
20050215,1
20050218,1
20050225,1
20050325,1
20050330,1
20050405,2
20050407,1
20050412,1
20050413,2
20050422,1
20050426,1
20050502,1
20050516,1
20050517,1
20050519,1
20050520,1
20050601,1
20050606,1
20050607,3
20050608,1
20050619,1
20050624,1
20050627,1
20050703,1
20050705,1
20050711,1
20050713,4
20050714,2
20050720,1
20050729,1
20050801,1
20050802,1
20050805,1
20050818,1
20050825,3
20050826,1
20050829,1
20050831,1
20050901,2
20050906,2
20050908,1
20050912,1
20050914,1
20050916,1
20050927,1
20051004,2
20051005,1
20051011,1
20051012,1
20051017,1
20051019,1
20051022,1
20051030,1
20051101,1
20051102,1
20051103,1
20051115,1
20051117,2
20051118,1
20051126,1
20051203,3
20051209,1
20051213,1
20051217,1
20051227,1
20060104,1
20060105,1
20060109,2
20060112,1
20060113,3
20060114,1
20060117,3
20060118,1
20060121,1
20060125,4
20060126,5
20060201,1
20060210,1
20060215,1
20060218,1
20060314,1
20060414,1
20060419,3
20060420,2
20060421,1
20060511,1
20060516,2
20060517,1
20060519,1
20060522,1
20060602,1
20060612,1
20060620,1
20060622,1
20060623,1
20060627,1
20060630,1
20060703,3
20060706,1
20060711,1
20060719,1
20060720,2
20060814,1
20060816,2
20060819,1
20060912,1
20060918,1
20060921,1
20060922,1
20060926,1
20060927,1
20061005,1
20061018,2
20061019,1
20061025,1
20061101,1
20061106,2
20061107,5
20061111,1
20061112,1
20061116,1
20061127,1
20061129,1
20061204,2
20061205,2
20061206,1
20061207,1
20061215,1
20061226,1
20070103,2
20070109,1
20070110,1
20070118,1
20070119,7
20070120,1
20070122,2
20070124,2
20070125,1
20070126,2
20070129,1
20070130,1
20070206,1
20070207,1
20070209,1
20070210,1
20070223,1
20070226,1
20070227,2
20070301,1
20070307,1
20070308,1
20070310,1
20070313,2
20070314,5
20070315,1
20070320,1
20070324,2
20070326,3
20070327,2
20070328,1
20070329,1
20070405,1
20070409,1
20070411,1
20070412,1
20070414,1
20070418,1
20070423,3
20070424,4
20070427,1
20070430,3
20070502,1
20070503,1
20070504,1
20070505,1
20070507,4
20070508,2
20070511,1
20070517,2
20070521,1
20070523,1
20070601,1
20070614,1
20070618,3
20070625,1
20070705,1
20070711,1
20070712,2
20070713,4
20070714,2
20070715,1
20070718,1
20070719,1
20070720,1
20070722,1
20070723,1
20070724,2
20070725,1
20070727,1
20070730,1
20070803,1
20070806,2
20070807,1
20070815,1
20070820,1
20070824,1
20070828,1
20070830,1
20070831,1
20070904,2
20070906,1
20070910,1
20070911,1
20070917,1
20070918,1
20070927,1
20071003,1
20071004,2
20071005,1
20071012,2
20071015,1
20071016,1
20071018,1
20071019,1
20071022,1
20071030,1
20071106,1
20071109,1
20071113,1
20071115,1
20071117,1
20071127,1
20071129,1
20071130,1
20071205,2
20071214,1
20080102,1
20080115,1
20080118,1
20080122,1
20080123,1
20080124,1
20080125,1
20080126,1
20080130,1
20080201,2
20080204,1
20080206,1
20080213,1
20080216,1
20080217,1
20080220,1
20080227,1
20080228,2
20080303,1
20080313,2
20080314,1
20080318,1
20080320,2
20080327,1
20080328,1
20080329,1
20080331,1
20080403,1
20080411,1
20080414,1
20080416,2
20080417,2
20080424,1
20080425,1
20080428,2
20080429,1
20080501,1
20080505,1
20080512,1
20080513,2
20080514,2
20080522,1
20080529,2
20080602,1
20080604,1
20080605,1
20080606,1
20080612,1
20080616,1
20080625,1
20080703,1
20080708,1
20080709,1
20080710,1
20080711,1
20080716,3
20080717,1
20080718,2
20080722,1
20080727,1
20080729,1
20080731,1
20080804,2
20080805,1
20080810,1
20080813,1
20080814,1
20080815,1
20080822,1
20080825,1
20080902,2
20080904,3
20080905,1
20080911,1
20080917,1
20081003,2
20081014,1
20081015,1
20081016,2
20081020,1
20081021,2
20081023,1
20081024,1
20081105,1
20081107,1
20081118,1
20081121,1
20081124,1
20081126,1
20081129,1
20081204,1
20081205,1
20081213,1
20081216,1
20081217,1
20081231,1
20090112,2
20090113,4
20090115,1
20090116,1
20090121,1
20090122,2
20090123,1
20090126,2
20090127,1
20090129,1
20090202,1
20090211,1
20090215,1
20090217,1
20090222,1
20090226,1
20090227,1
20090304,1
20090310,1
20090313,1
20090330,2
20090331,4
20090401,2
20090402,1
20090414,1
20090415,2
20090416,2
20090421,1
20090429,1
20090430,1
20090504,1
20090511,1
20090514,1
20090526,2
20090601,1
20090608,1
20090630,1
20090701,2
20090707,1
20090711,1
20090714,1
20090715,4
20090716,2
20090720,1
20090721,1
20090727,1
20090826,1
20090901,1
20090910,2
20090914,3
20090922,1
20090923,1
20090925,2
20090928,3
20090929,7
20090930,2
20091001,2
20091008,1
20091014,1
20091015,1
20091019,1
20091028,1
20091102,1
20091112,1
20091116,1
20091121,1
20091122,1
20091123,1
20091125,1
20091130,1
20091201,2
20091210,1
20091218,1
20091219,1
20100104,1
20100106,1
20100107,1
20100108,1
20100115,1
20100116,1
20100119,4
20100121,2
20100124,1
20100128,1
20100201,1
20100202,1
20100210,1
20100212,1
20100218,1
20100223,1
20100227,1
20100301,1
20100308,1
20100309,1
20100310,2
20100311,1
20100313,1
20100314,3
20100315,2
20100319,1
20100325,1
20100328,1
20100401,1
20100406,1
20100413,2
20100417,1
20100421,2
20100422,1
20100423,1
20100426,1
20100427,1
20100429,1
20100506,1
20100511,1
20100523,1
20100525,2
20100526,2
20100605,3
20100608,1
20100611,1
20100616,2
20100617,1
20100628,1
20100629,1
20100701,1
20100704,1
20100706,1
20100707,1
20100713,1
20100720,1
20100721,1
20100727,1
20100729,1
20100804,1
20100822,1
20100825,1
20100826,1
20100903,3
20100910,1
20100913,2
20100915,1
20100916,2
20100917,1
20100922,2
20100923,1
20100924,3
20100926,1
20100927,3
20101002,1
20101004,2
20101009,1
20101011,1
20101012,1
20101015,1
20101020,2
20101024,1
20101025,1
20101026,1
20101029,1
20101105,1
20101110,1
20101117,1
20101118,1
20101120,1
20101123,1
20101124,1
20101204,1
20101206,1
20101207,1
20101208,4
20101222,3
20101228,1
20101230,1
20101231,1
20110107,1
20110112,1
20110114,1
20110120,1
20110126,1
20110127,1
20110128,2
20110131,3
20110202,1
20110204,1
20110207,1
20110208,1
20110211,1
20110217,1
20110224,1
20110307,1
20110310,1
20110311,1
20110314,1
20110324,1
20110325,1
20110330,1
20110331,1
20110401,3
20110404,1
20110405,1
20110413,1
20110416,1
20110419,1
20110420,3
20110422,1
20110425,1
20110507,1
20110509,1
20110510,2
20110513,1
20110517,2
20110527,1
20110528,1
20110603,1
20110606,1
20110609,1
20110610,1
20110613,1
20110616,1
20110622,1
20110706,1
20110711,1
20110719,2
20110720,3
20110721,1
20110725,1
20110726,1
20110728,1
20110803,1
20110804,2
20110805,1
20110808,1
20110809,2
20110816,1
20110826,1
20110827,1
20110830,1
20110910,1
20110914,1
20110927,1
20111017,2
20111019,3
20111020,6
20111103,1
20111203,1
20111205,2
20111209,1
20111212,1
20111215,2
20111221,2
20111222,1
20111223,1
20120103,1
20120125,1
20120131,1
20120216,1
20120217,1
20120221,1
20120223,1
20120312,1
20120315,1
20120316,1
20120321,3
20120322,1
20120326,1
20120328,1
20120329,1
20120331,1
20120402,2
20120404,1
20120407,2
20120411,1
20120416,1
20120418,2
20120419,1
20120423,1
20120425,1
20120426,2
20120502,1
20120503,1
20120504,2
20120505,1
20120507,2
20120510,1
20120516,1
20120523,1
20120603,1
20120606,1
20120607,1
20120608,1
20120619,1
20120620,2
20120621,1
20120627,1
20120705,1
20120711,1
20120716,2
20120718,1
20120729,1
20120802,1
20120817,3
20120827,1
20120828,1
20120903,1
20120918,1
20120928,1
20121002,2
20121004,1
20121015,1
20121017,1
20121018,1
20121026,1
20121101,3
20121105,1
20121106,1
20121108,2
20121109,1
20121110,1
20121120,1
20121129,1
20121205,1
20121206,1
20121207,2
20121217,1
20121220,1
20121223,2
20121230,1
20130102,1
20130111,1
20130117,1
20130128,1
20130131,1
20130212,1
20130225,1
20130226,1
20130301,2
20130304,1
20130305,1
20130310,1
20130311,2
20130315,1
20130318,3
20130320,2
20130321,1
20130322,1
20130325,1
20130404,1
20130415,1
20130417,1
20130419,1
20130429,1
20130430,1
20130520,1
20130523,1
20130607,2
20130614,1
20130623,1
20130626,1
20130630,1
20130702,2
20130703,2
20130705,1
20130708,2
20130709,1
20130710,1
20130715,2
20130717,1
20130729,3
20130806,2
20130807,2
20130814,2
20130906,1
20130913,1
20130916,1
20130917,1
20130918,1
20130923,1
20130924,1
20131015,1
20131016,2
20131019,1
20131025,1
20131106,1
20131118,2
20131205,2
20131210,1
20131227,1
20131230,1
20140108,1
20140120,1
20140121,2
20140122,1
20140131,1
20140212,1
20140214,1
20140217,1
20140307,1
20140321,1
20140327,1
20140408,1
20140414,1
20140416,3
20140417,1
20140422,2
20140425,1
20140505,1
20140506,1
20140513,1
20140515,1
20140516,4
20140530,3
20140602,1
20140618,1
20140620,3
20140623,3
20140624,3
20140625,1
20140704,1
20140708,2
20140710,1
20140711,1
20140714,13
20140715,2
20140716,5
20140717,3
20140718,1
20140720,1
20140725,1
20140727,1
20140731,3
20140807,1
20140811,1
20140903,1
20140908,1
20140911,1
20140922,1
20140923,6
20140924,1
20140929,1
20141014,1
20141021,1
20141022,3
20141023,1
20141029,1
20141030,3
20141031,2
20141117,3
20141118,2
20141121,1
20141201,1
20141202,1
20141203,1
20141204,1
20141208,1
20141210,1
20141211,2
20141212,1
20141215,1
20141217,2
20141219,1
20141223,2
20141230,1
20150108,1
20150119,1
20150127,1
20150128,2
20150129,2
20150130,1
20150202,1
20150220,1
20150302,1
20150316,1
20150324,1
20150330,1
20150409,1
20150421,2
20150422,4
20150423,1
20150427,1
20150428,1
20150429,1
