20050224,1
20050421,1
20050425,1
20050602,1
20050706,1
20060821,1
20070112,1
20070514,1
20070705,1
20071116,1
20071119,1
20071205,1
20080212,1
20080417,1
20080820,1
20080910,1
20080930,1
20081018,1
20081021,1
20090108,1
20090717,1
20090925,1
20091006,1
20091009,1
20091110,1
20091123,1
20091127,1
20091130,1
20091208,1
20091210,1
20091211,1
20091212,1
20091213,1
20091214,1
20091216,1
20091218,1
20091221,1
20091222,1
20091231,1
20100104,1
20100112,1
20100125,1
20100217,1
20100220,1
20100226,1
20100406,1
20100420,1
20100507,2
20100508,2
20100513,1
20100601,1
20100615,1
20100621,1
20100625,1
20100713,1
20100714,1
20100803,1
20100806,1
20100823,1
20100830,1
20100902,1
20100912,1
20100919,1
20101008,1
20101117,1
20101202,1
20101207,1
20101208,1
20101215,1
20101217,1
20110221,1
20110325,1
20110331,1
20110426,1
20110427,2
20110428,1
20110506,1
20110516,1
20110531,1
20110602,1
20110603,1
20110608,1
20110624,1
20110627,1
20110702,1
20110705,1
20110712,2
20110805,1
20110809,1
20110823,1
20110913,1
20110930,1
20111011,1
20111018,1
20111024,1
20111026,1
20111113,1
20111116,1
20111117,1
20111216,1
20111222,1
20120111,1
20120322,1
20120404,1
20120413,1
20120416,1
20120420,1
20120501,1
20120611,1
20120613,1
20120618,1
20120626,1
20120629,1
20120718,1
20120719,1
20120928,1
20121010,2
20121023,1
20121118,1
20121206,1
20130104,1
20130111,1
20130121,1
20130214,1
20130306,1
20130307,1
20130313,1
20130328,1
20130422,1
20130423,2
20130520,1
20130619,1
20130621,1
20130624,1
20130628,2
20130707,1
20130708,1
20130711,2
20130712,1
20130717,1
20130719,1
20130730,1
20130731,1
20130807,1
20130808,1
20130828,1
20130903,1
20130919,1
20130923,1
20130927,1
20131010,1
20131017,1
20131018,1
20131030,1
20131111,1
20131112,1
20131113,1
20131114,1
20131204,1
20131209,1
20131211,1
20131219,1
20140105,1
20140110,1
20140206,1
20140210,1
20140228,1
20140303,1
20140305,1
20140307,1
20140314,1
20140317,1
20140318,2
20140319,2
20140325,1
20140326,1
20140327,2
20140410,1
20140415,1
20140430,1
20140507,1
20140520,1
20140612,2
20140616,1
20140624,3
20140626,2
20140715,1
20140716,1
20140724,1
20140727,1
20140806,1
20140903,1
20140904,1
20140924,2
20141013,1
20141014,1
20141124,1
20141127,1
20141202,1
20141203,1
20141204,1
20141209,1
20141217,1
20141218,1
20150109,1
20150113,1
20150201,2
20150203,1
20150206,1
20150212,1
20150318,1
20150326,4
20150414,1
20150415,1
20150416,3
20150421,1
20150423,1
