20050111,1
20050114,1
20050117,1
20050118,1
20050121,2
20050123,1
20050126,2
20050127,2
20050201,1
20050204,2
20050207,2
20050210,2
20050211,2
20050216,1
20050217,1
20050218,3
20050228,1
20050314,2
20050315,2
20050316,1
20050321,2
20050322,3
20050401,1
20050412,1
20050417,1
20050420,2
20050421,3
20050422,2
20050503,1
20050509,2
20050511,2
20050516,1
20050518,1
20050519,1
20050523,2
20050601,1
20050602,1
20050608,1
20050609,2
20050613,2
20050615,2
20050621,1
20050622,1
20050627,1
20050629,1
20050701,1
20050714,1
20050718,2
20050719,3
20050720,2
20050721,2
20050805,1
20050809,1
20050814,1
20050816,2
20050817,1
20050818,2
20050819,3
20050822,1
20050823,1
20050908,2
20050924,1
20050929,1
20051008,1
20051012,1
20051014,1
20051017,3
20051018,3
20051019,2
20051020,2
20051027,1
20051031,1
20051103,1
20051104,1
20051107,1
20051108,1
20051112,1
20051118,1
20051201,1
20051206,1
20051212,1
20051214,4
20051215,1
20051216,7
20051217,1
20051218,1
20051219,1
20051221,1
20051222,2
20060109,2
20060111,1
20060120,1
20060127,2
20060131,1
20060201,2
20060202,1
20060203,1
20060204,1
20060209,1
20060210,1
20060214,1
20060216,1
20060222,2
20060308,3
20060309,1
20060316,1
20060318,1
20060320,3
20060321,1
20060323,2
20060325,2
20060327,1
20060328,3
20060329,1
20060401,1
20060413,1
20060420,3
20060421,2
20060426,1
20060502,1
20060503,1
20060504,1
20060506,1
20060522,1
20060530,1
20060531,1
20060602,1
20060608,1
20060612,1
20060613,2
20060624,1
20060625,1
20060627,1
20060628,1
20060630,1
20060706,3
20060707,7
20060708,1
20060710,1
20060719,2
20060722,1
20060723,1
20060725,7
20060726,2
20060727,1
20060803,1
20060814,1
20060815,1
20060818,4
20060819,2
20060821,1
20060823,1
20060826,2
20060827,1
20060830,4
20060831,3
20060913,1
20060918,1
20060922,1
20060925,4
20060926,4
20060927,3
20060928,2
20060929,2
20061003,1
20061004,2
20061006,1
20061007,1
20061010,1
20061020,4
20061024,2
20061025,4
20061026,3
20061101,2
20061103,1
20061107,1
20061111,1
20061116,1
20061118,1
20061120,2
20061127,1
20061128,1
20061208,2
20061215,1
20061218,2
20061231,1
20070105,1
20070112,4
20070124,1
20070125,1
20070126,2
20070127,1
20070128,1
20070130,1
20070131,7
20070201,3
20070202,1
20070204,1
20070205,1
20070211,1
20070213,1
20070217,1
20070220,5
20070221,3
20070226,1
20070228,1
20070306,2
20070307,2
20070308,1
20070309,1
20070311,1
20070312,1
20070316,3
20070317,1
20070319,1
20070321,1
20070322,1
20070323,1
20070327,1
20070328,1
20070329,1
20070330,1
20070331,1
20070403,2
20070404,1
20070409,1
20070410,1
20070411,1
20070413,1
20070419,3
20070420,2
20070503,1
20070504,1
20070511,2
20070602,1
20070609,1
20070611,1
20070612,2
20070621,2
20070622,1
20070626,3
20070702,1
20070703,2
20070709,1
20070710,1
20070711,1
20070713,1
20070715,1
20070718,6
20070726,2
20070727,1
20070822,1
20070825,1
20070826,2
20070828,2
20070829,5
20070830,5
20070904,1
20070905,1
20070918,2
20070923,1
20070925,1
20070930,2
20071003,2
20071007,1
20071008,1
20071015,1
20071017,1
20071018,1
20071019,1
20071023,1
20071025,1
20071102,1
20071104,1
20071108,2
20071109,1
20071116,1
20071128,1
20071130,1
20071207,1
20071210,1
20071218,1
20071227,1
20080104,1
20080108,1
20080118,1
20080119,1
20080126,1
20080127,1
20080128,2
20080129,2
20080130,2
20080131,5
20080203,2
20080207,2
20080208,2
20080211,3
20080212,4
20080219,1
20080229,1
20080303,1
20080323,1
20080327,2
20080328,2
20080331,1
20080401,1
20080402,1
20080403,2
20080404,1
20080410,1
20080412,1
20080413,1
20080424,3
20080430,1
20080502,1
20080514,1
20080528,2
20080529,1
20080609,1
20080610,1
20080618,1
20080620,1
20080623,3
20080626,1
20080627,1
20080701,1
20080702,1
20080722,1
20080723,1
20080728,2
20080729,1
20080731,2
20080801,1
20080902,1
20080905,5
20080906,3
20080907,1
20080908,4
20080909,3
20080910,1
20080918,1
20080919,1
20080920,1
20080925,2
20080929,1
20080930,1
20081002,1
20081003,1
20081004,1
20081007,2
20081019,1
20081023,1
20081024,1
20081107,1
20081111,1
20081119,1
20081128,1
20081203,1
20081208,1
20081215,3
20081216,1
20081218,2
20081222,3
20081223,1
20081227,1
20081230,2
20090102,5
20090106,1
20090107,1
20090127,2
20090128,1
20090129,1
20090130,1
20090204,3
20090209,1
20090210,1
20090212,1
20090217,1
20090218,1
20090226,1
20090305,1
20090306,1
20090324,1
20090331,1
20090401,1
20090402,1
20090403,2
20090408,1
20090413,1
20090415,2
20090423,2
20090430,1
20090523,1
20090601,1
20090610,2
20090611,1
20090612,3
20090613,1
20090622,1
20090627,1
20090710,1
20090723,2
20090727,1
20090729,1
20090819,1
20090821,1
20090824,1
20090902,2
20090910,1
20091015,1
20091022,2
20091026,1
20091027,1
20091102,2
20091103,1
20091109,1
20091121,1
20091123,1
20091203,2
20091229,1
20100106,2
20100128,2
20100130,1
20100204,1
20100209,1
20100211,2
20100219,1
20100301,1
20100313,1
20100326,1
20100330,1
20100331,1
20100413,1
20100421,1
20100422,1
20100429,1
20100430,1
20100506,1
20100524,1
20100526,1
20100529,1
20100603,1
20100604,1
20100608,1
20100616,1
20100628,2
20100629,2
20100714,1
20100715,1
20100722,2
20100723,1
20100802,1
20100803,1
20100813,1
20100823,1
20100909,1
20100927,2
20101003,1
20101006,2
20101007,1
20101016,1
20101019,2
20101020,1
20101021,2
20101025,2
20101111,1
20101113,1
20101122,1
20101208,1
20101214,1
20101230,1
20110103,1
20110105,3
20110106,1
20110107,2
20110124,1
20110126,1
20110127,1
20110203,1
20110207,1
20110210,1
20110216,1
20110218,1
20110223,1
20110224,1
20110302,1
20110315,2
20110317,1
20110318,1
20110319,2
20110326,1
20110328,1
20110330,1
20110404,1
20110408,1
20110420,2
20110421,1
20110422,1
20110429,1
20110504,1
20110523,1
20110527,3
20110610,1
20110617,1
20110621,1
20110622,3
20110629,1
20110705,1
20110708,1
20110714,1
20110715,1
20110718,1
20110719,1
20110720,1
20110722,1
20110725,1
20110730,1
20110804,1
20110805,2
20110812,1
20110813,1
20110817,2
20110824,1
20110827,1
20110902,1
20110910,1
20110912,1
20110919,2
20110924,1
20111024,2
20111026,2
20111027,1
20111028,1
20111108,1
20111126,1
20111202,1
20111205,2
20111214,1
20111215,1
20120108,1
20120127,2
20120201,1
20120208,1
20120217,1
20120314,1
20120315,1
20120316,1
20120319,1
20120410,1
20120413,1
20120418,1
20120423,2
20120425,1
20120426,1
20120517,1
20120521,1
20120523,1
20120531,1
20120608,2
20120614,1
20120702,1
20120708,1
20120723,1
20120726,1
20120727,1
20120824,1
20120828,1
20120829,1
20120908,1
20120914,1
20120918,1
20121003,1
20121005,1
20121025,1
20121101,1
20121127,1
20121218,1
20121219,1
20130125,1
20130130,1
20130131,3
20130206,1
20130207,1
20130222,1
20130305,1
20130313,1
20130328,1
20130410,1
20130418,1
20130421,1
20130423,1
20130425,1
20130429,1
20130529,1
20130609,1
20130610,1
20130611,3
20130618,1
20130621,1
20130723,1
20130823,1
20130902,2
20130910,1
20130911,1
20131001,1
20131002,1
20131008,1
20131009,1
20131024,2
20131108,1
20131110,1
20131114,1
20131118,1
20131120,1
20131124,1
20131217,1
20131218,2
20131219,1
20131220,1
20131226,1
20140110,2
20140115,1
20140117,1
20140130,1
20140203,4
20140205,2
20140212,1
20140217,1
20140219,2
20140303,1
20140311,1
20140415,2
20140416,1
20140422,1
20140423,1
20140424,4
20140430,1
20140501,1
20140512,1
20140521,1
20140522,3
20140529,1
20140610,1
20140611,1
20140624,1
20140626,1
20140630,1
20140709,1
20140711,3
20140713,1
20140715,5
20140716,1
20140717,1
20140722,2
20140729,1
20140730,1
20140808,1
20140821,1
20140826,2
20140827,1
20140829,1
20140914,1
20140919,1
20140929,1
20141005,1
20141006,1
20141021,1
20141023,1
20141028,1
20141029,1
20141030,2
20141117,1
20141212,2
20141218,1
20150125,1
20150128,1
20150129,1
20150130,3
20150202,2
20150203,1
20150206,1
20150210,1
20150211,1
20150222,1
20150225,1
20150226,1
20150306,1
20150311,2
20150312,1
20150313,1
20150325,1
20150329,1
20150402,1
20150414,1
20150416,1
20150423,2
20150430,1
