20060305,1
20060830,1
20070507,1
20071212,1
20080413,1
20080626,1
20080928,1
20091103,1
20100127,1
20100128,1
20100316,1
20100519,1
20100525,1
20100618,1
20100910,1
20100917,1
20101004,1
20101007,1
20101008,1
20101014,1
20101022,2
20101207,1
20101209,1
20101216,1
20101220,1
20110104,1
20110105,1
20110112,1
20110127,1
20110211,1
20110321,2
20110323,1
20110420,2
20110421,1
20110510,1
20110525,1
20110818,1
20110831,1
20110901,3
20110902,1
20110915,1
20110919,1
20111020,2
20111128,1
20111130,1
20111207,1
20111212,1
20111219,2
20111220,3
20111223,1
20120104,1
20120119,1
20120126,3
20120214,1
20120216,1
20120302,1
20120319,1
20120411,1
20120509,1
20120717,1
20120910,2
20121025,1
20121107,1
20130107,2
20130117,1
20130322,1
20130403,1
20130412,1
20130419,1
20130423,2
20130515,1
20130523,1
20130619,1
20130712,4
20130713,1
20130715,2
20130801,2
20130809,1
20130830,1
20130906,2
20130909,1
20130925,1
20131011,1
20131021,1
20131025,1
20131028,1
20131101,1
20131121,1
20131204,1
20131216,1
20131217,1
20140106,1
20140109,2
20140115,1
20140128,1
20140204,2
20140218,1
20140224,1
20140225,1
20140312,2
20140327,2
20140408,1
20140421,2
20140422,1
20140423,1
20140428,1
20140501,2
20140505,1
20140506,1
20140507,1
20140508,1
20140512,1
20140513,4
20140514,1
20140518,4
20140519,11
20140520,3
20140530,1
20140603,3
20140608,1
20140609,1
20140611,1
20140617,1
20140623,1
20140701,2
20140723,1
20140724,1
20140731,1
20140801,1
20140807,1
20140811,1
20140821,1
20140909,1
20140917,3
20140930,1
20141001,1
20141008,2
20141021,1
20141028,2
20141110,1
20141112,1
20141121,1
20141216,1
20141217,1
20150116,2
20150126,1
20150127,1
20150128,1
20150223,1
20150226,1
20150306,2
20150313,1
20150319,1
20150320,1
20150330,1
20150422,1
