20050105,2
20050106,2
20050110,4
20050111,2
20050113,2
20050117,4
20050118,3
20050119,2
20050120,2
20050123,1
20050124,4
20050125,2
20050126,2
20050127,4
20050128,1
20050131,6
20050201,2
20050202,3
20050203,1
20050204,1
20050208,2
20050209,1
20050210,2
20050211,4
20050214,1
20050215,1
20050216,1
20050217,1
20050218,3
20050222,1
20050223,6
20050224,2
20050225,1
20050227,1
20050228,3
20050301,5
20050302,3
20050303,3
20050304,4
20050307,3
20050308,1
20050309,2
20050310,6
20050311,4
20050313,1
20050314,2
20050315,3
20050316,7
20050317,1
20050318,1
20050321,5
20050322,9
20050323,2
20050324,5
20050328,1
20050329,2
20050330,2
20050401,1
20050403,2
20050404,3
20050405,4
20050406,1
20050407,2
20050408,2
20050411,6
20050412,2
20050413,1
20050414,2
20050415,5
20050418,2
20050419,6
20050420,4
20050421,6
20050422,3
20050424,1
20050425,3
20050426,1
20050427,2
20050428,2
20050429,2
20050503,6
20050504,1
20050505,4
20050509,3
20050510,1
20050511,3
20050512,2
20050513,1
20050516,12
20050517,1
20050518,2
20050519,2
20050520,4
20050523,3
20050524,2
20050525,3
20050526,4
20050527,1
20050531,2
20050601,4
20050602,3
20050603,3
20050606,3
20050607,1
20050608,4
20050609,1
20050610,5
20050613,4
20050614,5
20050615,4
20050616,3
20050617,1
20050620,5
20050621,3
20050622,3
20050623,7
20050624,1
20050626,1
20050627,4
20050628,2
20050629,3
20050630,6
20050701,13
20050705,6
20050706,5
20050707,3
20050708,6
20050711,1
20050712,1
20050714,3
20050715,1
20050718,8
20050719,5
20050720,9
20050721,3
20050722,3
20050726,2
20050727,3
20050728,4
20050729,4
20050801,1
20050802,3
20050803,1
20050804,4
20050805,5
20050807,1
20050808,1
20050809,1
20050810,9
20050811,2
20050812,2
20050815,3
20050816,3
20050817,2
20050818,1
20050819,3
20050822,2
20050823,5
20050824,1
20050825,2
20050826,1
20050830,4
20050831,4
20050901,5
20050902,2
20050903,1
20050906,2
20050907,3
20050908,2
20050912,1
20050914,2
20050915,6
20050917,2
20050919,1
20050920,1
20050921,1
20050922,3
20050923,1
20050924,1
20050926,1
20050927,2
20050928,5
20050929,4
20050930,3
20051001,3
20051003,3
20051005,2
20051006,1
20051007,1
20051010,2
20051011,4
20051012,1
20051013,5
20051014,4
20051015,2
20051017,5
20051018,4
20051019,3
20051020,1
20051021,1
20051022,3
20051024,4
20051025,4
20051026,4
20051027,3
20051028,1
20051031,6
20051101,1
20051103,2
20051104,2
20051105,3
20051107,1
20051108,3
20051109,1
20051110,3
20051114,1
20051115,1
20051116,2
20051117,1
20051118,1
20051119,1
20051121,2
20051122,3
20051123,1
20051124,1
20051125,3
20051128,1
20051129,3
20051130,1
20051201,3
20051202,3
20051203,2
20051206,7
20051207,3
20051208,1
20051209,2
20051210,1
20051212,1
20051213,1
20051214,4
20051216,1
20051217,4
20051219,1
20051220,6
20051221,3
20051222,1
20051223,1
20051224,2
20051227,1
20051228,2
20051229,1
20051230,1
20051231,2
20060103,8
20060105,5
20060106,1
20060107,1
20060109,5
20060110,3
20060111,2
20060112,1
20060113,1
20060114,2
20060116,4
20060117,2
20060118,1
20060119,3
20060120,4
20060121,1
20060123,1
20060124,3
20060125,4
20060126,2
20060127,3
20060130,3
20060131,3
20060201,4
20060202,3
20060203,1
20060204,1
20060207,1
20060208,6
20060209,2
20060210,2
20060211,2
20060213,4
20060214,3
20060215,2
20060216,1
20060217,1
20060222,2
20060223,4
20060224,2
20060227,3
20060301,2
20060302,1
20060303,3
20060304,2
20060305,1
20060306,2
20060307,5
20060308,3
20060309,3
20060310,3
20060311,3
20060313,1
20060314,2
20060316,2
20060317,4
20060318,1
20060320,2
20060322,2
20060323,3
20060324,2
20060325,2
20060327,2
20060328,2
20060329,6
20060330,5
20060331,5
20060401,1
20060402,1
20060403,7
20060404,2
20060405,2
20060406,3
20060407,2
20060408,2
20060410,1
20060411,2
20060412,1
20060413,1
20060414,1
20060415,2
20060417,2
20060418,3
20060419,2
20060420,1
20060421,2
20060422,2
20060423,1
20060424,1
20060425,2
20060426,4
20060427,2
20060428,3
20060429,2
20060501,2
20060502,4
20060503,2
20060504,2
20060505,3
20060508,2
20060509,5
20060510,2
20060512,3
20060513,1
20060515,3
20060516,2
20060517,2
20060518,2
20060519,1
20060520,1
20060522,7
20060523,1
20060524,2
20060525,5
20060526,2
20060527,2
20060531,2
20060601,3
20060602,1
20060605,1
20060607,3
20060608,1
20060609,2
20060610,1
20060612,1
20060613,4
20060614,2
20060616,2
20060617,2
20060618,1
20060620,1
20060621,5
20060622,2
20060623,3
20060624,3
20060626,2
20060627,2
20060628,3
20060629,2
20060630,3
20060701,1
20060703,3
20060705,3
20060706,3
20060707,2
20060708,3
20060710,1
20060711,4
20060712,1
20060714,2
20060718,3
20060719,2
20060720,3
20060722,1
20060724,4
20060725,4
20060726,4
20060727,3
20060728,2
20060729,1
20060731,1
20060801,6
20060802,3
20060804,1
20060807,1
20060808,4
20060809,2
20060810,4
20060812,2
20060815,2
20060816,2
20060817,1
20060818,1
20060819,1
20060820,1
20060821,1
20060822,2
20060823,4
20060824,2
20060825,2
20060826,1
20060828,2
20060829,1
20060830,2
20060831,1
20060901,3
20060902,4
20060905,3
20060906,4
20060907,1
20060908,4
20060909,1
20060911,1
20060912,4
20060913,3
20060915,2
20060918,2
20060920,3
20060922,1
20060925,3
20060927,1
20060928,4
20060930,2
20061002,4
20061003,3
20061005,3
20061006,3
20061007,4
20061009,2
20061010,3
20061011,5
20061012,5
20061013,6
20061014,2
20061016,3
20061017,4
20061018,5
20061019,1
20061020,1
20061021,1
20061022,1
20061023,3
20061024,2
20061025,5
20061026,6
20061027,7
20061030,2
20061031,5
20061101,6
20061102,3
20061103,1
20061106,3
20061108,2
20061109,4
20061110,2
20061113,2
20061114,2
20061115,3
20061116,4
20061117,2
20061118,2
20061120,4
20061121,2
20061122,6
20061123,1
20061127,2
20061128,3
20061129,2
20061130,2
20061201,2
20061202,3
20061204,2
20061205,2
20061207,5
20061208,1
20061209,1
20061211,1
20061212,1
20061213,2
20061214,4
20061215,1
20061216,5
20061218,1
20061220,6
20061226,2
20061227,4
20061228,1
20061229,1
20061230,2
20070101,1
20070102,6
20070103,1
20070104,5
20070105,3
20070108,2
20070109,4
20070110,2
20070111,2
20070112,2
20070113,2
20070116,2
20070117,3
20070118,7
20070119,2
20070120,2
20070122,2
20070123,3
20070124,5
20070125,4
20070128,1
20070129,1
20070130,7
20070201,1
20070202,4
20070205,4
20070206,1
20070207,3
20070209,2
20070210,3
20070213,2
20070215,1
20070216,3
20070217,1
20070219,1
20070220,1
20070221,4
20070222,5
20070223,2
20070224,1
20070226,4
20070227,2
20070228,2
20070301,3
20070302,1
20070303,4
20070305,3
20070306,4
20070307,5
20070309,3
20070312,1
20070313,4
20070314,2
20070315,1
20070316,3
20070317,2
20070319,6
20070320,5
20070321,4
20070322,4
20070323,2
20070324,1
20070326,5
20070327,4
20070328,4
20070330,1
20070331,1
20070402,2
20070403,1
20070404,2
20070405,3
20070406,2
20070407,1
20070409,2
20070410,1
20070411,2
20070413,2
20070414,1
20070416,2
20070417,7
20070418,6
20070419,4
20070420,4
20070421,1
20070423,9
20070424,3
20070425,8
20070426,9
20070427,6
20070428,2
20070430,3
20070501,5
20070502,3
20070503,2
20070504,10
20070505,2
20070506,1
20070507,5
20070508,5
20070509,4
20070510,4
20070511,1
20070512,1
20070514,1
20070515,5
20070516,2
20070517,3
20070518,8
20070519,1
20070521,8
20070522,2
20070523,3
20070524,2
20070525,2
20070526,1
20070527,1
20070529,3
20070530,6
20070531,4
20070602,1
20070604,3
20070605,2
20070606,3
20070607,3
20070608,3
20070609,1
20070611,2
20070612,4
20070613,2
20070614,3
20070615,6
20070616,2
20070618,3
20070619,1
20070620,5
20070621,2
20070622,1
20070623,2
20070626,2
20070627,2
20070628,2
20070629,4
20070703,3
20070705,3
20070706,2
20070709,2
20070710,1
20070711,2
20070712,3
20070713,2
20070714,2
20070716,3
20070717,6
20070718,1
20070719,6
20070720,1
20070721,1
20070723,3
20070724,1
20070725,3
20070726,2
20070730,1
20070731,3
20070801,2
20070802,1
20070803,2
20070804,2
20070805,1
20070806,5
20070807,3
20070808,1
20070809,3
20070810,2
20070813,2
20070815,3
20070816,2
20070817,5
20070818,3
20070820,4
20070821,5
20070822,6
20070823,11
20070824,6
20070825,1
20070827,2
20070828,1
20070829,2
20070830,1
20070831,1
20070901,1
20070904,2
20070905,4
20070906,4
20070907,7
20070908,4
20070910,4
20070911,3
20070912,5
20070913,2
20070914,6
20070915,1
20070916,1
20070917,2
20070918,1
20070919,3
20070920,2
20070921,1
20070922,1
20070924,3
20070925,1
20070926,2
20070927,2
20070928,2
20071001,4
20071002,3
20071003,4
20071004,1
20071005,3
20071008,2
20071009,6
20071010,2
20071011,2
20071012,3
20071013,2
20071014,1
20071015,6
20071016,11
20071017,3
20071018,4
20071019,3
20071020,2
20071022,5
20071023,4
20071024,5
20071025,1
20071026,2
20071029,1
20071030,4
20071031,2
20071101,3
20071102,5
20071103,1
20071105,3
20071106,2
20071107,2
20071108,5
20071109,4
20071110,3
20071111,1
20071112,6
20071113,7
20071114,6
20071115,3
20071116,3
20071119,4
20071121,2
20071122,1
20071123,2
20071124,1
20071126,5
20071127,6
20071128,3
20071129,7
20071130,3
20071201,1
20071203,2
20071204,1
20071205,2
20071206,4
20071207,3
20071208,4
20071210,2
20071211,4
20071212,7
20071213,6
20071214,3
20071215,1
20071216,1
20071217,2
20071218,4
20071219,2
20071220,5
20071221,4
20071222,3
20071224,2
20071226,3
20071228,2
20071231,2
20080102,9
20080103,2
20080104,1
20080105,1
20080108,1
20080109,2
20080110,6
20080111,7
20080112,5
20080113,1
20080114,4
20080115,2
20080116,8
20080117,8
20080118,3
20080119,1
20080122,2
20080123,7
20080124,10
20080125,1
20080126,1
20080128,4
20080129,5
20080130,2
20080131,4
20080201,2
20080202,3
20080204,3
20080205,1
20080206,5
20080207,1
20080208,1
20080209,2
20080211,10
20080212,7
20080213,4
20080214,3
20080216,6
20080219,5
20080220,1
20080221,1
20080222,2
20080223,2
20080225,2
20080226,5
20080227,2
20080228,4
20080229,2
20080301,4
20080303,3
20080304,3
20080305,4
20080306,1
20080307,7
20080308,3
20080310,3
20080311,2
20080312,2
20080313,1
20080314,2
20080315,2
20080317,4
20080318,3
20080319,5
20080320,2
20080321,3
20080322,1
20080324,2
20080325,2
20080326,2
20080327,3
20080328,3
20080329,4
20080330,1
20080331,6
20080401,5
20080402,3
20080403,4
20080404,2
20080405,1
20080407,3
20080408,8
20080409,7
20080410,4
20080411,3
20080412,3
20080414,1
20080415,2
20080416,3
20080417,8
20080418,10
20080421,7
20080422,5
20080423,1
20080424,6
20080425,4
20080426,3
20080428,9
20080430,5
20080501,1
20080502,2
20080503,1
20080504,1
20080505,3
20080506,5
20080507,6
20080508,4
20080509,2
20080510,1
20080512,1
20080513,5
20080514,4
20080515,5
20080516,2
20080519,7
20080520,2
20080521,2
20080522,1
20080524,2
20080527,1
20080528,2
20080529,4
20080530,3
20080531,3
20080602,3
20080603,3
20080604,1
20080605,1
20080606,2
20080607,3
20080609,2
20080610,1
20080611,4
20080612,3
20080613,3
20080614,3
20080616,1
20080617,2
20080618,2
20080619,7
20080620,3
20080621,2
20080623,1
20080624,2
20080625,2
20080626,5
20080627,9
20080628,1
20080630,2
20080701,7
20080702,4
20080703,2
20080705,3
20080707,2
20080708,2
20080709,4
20080710,2
20080711,1
20080712,2
20080714,5
20080715,1
20080716,2
20080717,4
20080718,7
20080719,1
20080721,4
20080722,6
20080723,5
20080724,1
20080725,3
20080726,1
20080727,1
20080728,4
20080729,2
20080730,5
20080731,3
20080801,1
20080803,1
20080804,5
20080805,4
20080806,3
20080807,2
20080808,1
20080809,2
20080811,2
20080812,5
20080813,1
20080815,4
20080816,2
20080819,1
20080820,3
20080821,3
20080823,1
20080825,3
20080826,2
20080827,2
20080828,3
20080829,1
20080830,1
20080903,2
20080904,1
20080905,2
20080906,2
20080908,3
20080909,2
20080910,5
20080911,4
20080912,5
20080913,3
20080914,2
20080915,18
20080916,25
20080917,15
20080918,9
20080919,8
20080920,2
20080921,1
20080922,3
20080923,8
20080924,5
20080925,2
20080926,6
20080927,4
20080929,12
20080930,12
20081001,13
20081002,6
20081003,6
20081004,3
20081006,4
20081007,5
20081008,6
20081009,8
20081010,8
20081011,3
20081013,4
20081014,4
20081015,11
20081016,3
20081017,4
20081018,1
20081020,4
20081021,5
20081022,4
20081023,3
20081024,1
20081025,3
20081027,2
20081028,2
20081029,2
20081030,4
20081031,2
20081101,1
20081103,3
20081104,6
20081105,5
20081106,1
20081107,2
20081108,1
20081110,8
20081111,6
20081112,8
20081113,1
20081114,3
20081115,2
20081117,2
20081118,5
20081119,1
20081120,3
20081121,5
20081122,2
20081124,4
20081125,1
20081126,7
20081128,2
20081129,1
20081201,3
20081202,4
20081203,3
20081204,3
20081205,6
20081206,2
20081208,3
20081209,4
20081210,4
20081211,5
20081212,4
20081213,1
20081214,1
20081215,3
20081216,2
20081217,3
20081218,4
20081219,4
20081220,2
20081221,1
20081222,3
20081223,3
20081224,4
20081226,3
20081229,1
20081230,2
20081231,3
20090102,8
20090103,4
20090105,5
20090106,3
20090107,2
20090108,7
20090109,10
20090110,3
20090112,5
20090113,3
20090114,9
20090115,5
20090116,12
20090117,6
20090119,2
20090120,6
20090121,7
20090122,8
20090123,6
20090124,2
20090126,5
20090127,4
20090128,8
20090129,7
20090130,7
20090131,3
20090202,4
20090203,6
20090204,4
20090205,11
20090206,6
20090207,1
20090209,2
20090210,5
20090211,7
20090212,4
20090213,4
20090214,4
20090218,6
20090219,2
20090220,3
20090221,3
20090223,4
20090224,6
20090225,6
20090226,3
20090227,6
20090228,4
20090302,6
20090303,5
20090304,3
20090305,6
20090306,5
20090307,2
20090309,7
20090310,4
20090311,7
20090312,6
20090313,7
20090314,6
20090316,2
20090317,4
20090318,2
20090319,3
20090320,5
20090321,5
20090322,1
20090323,3
20090324,7
20090325,5
20090326,8
20090327,4
20090328,5
20090330,4
20090331,6
20090401,6
20090402,5
20090403,6
20090404,3
20090405,2
20090406,3
20090407,2
20090408,5
20090409,4
20090410,2
20090413,3
20090414,4
20090415,4
20090416,2
20090417,5
20090418,1
20090419,1
20090420,3
20090421,9
20090422,7
20090423,5
20090424,8
20090425,3
20090427,4
20090428,4
20090429,4
20090430,8
20090501,9
20090502,2
20090504,3
20090505,7
20090506,9
20090507,6
20090508,9
20090509,5
20090511,5
20090512,9
20090513,3
20090514,9
20090515,7
20090516,1
20090518,7
20090519,5
20090520,9
20090521,9
20090522,4
20090523,1
20090525,2
20090526,15
20090527,3
20090528,5
20090529,2
20090530,3
20090531,1
20090602,4
20090603,12
20090604,4
20090605,5
20090606,2
20090608,5
20090609,6
20090610,10
20090611,10
20090612,4
20090613,1
20090615,6
20090616,3
20090617,4
20090618,5
20090619,4
20090620,3
20090622,5
20090623,1
20090624,8
20090625,5
20090626,3
20090627,2
20090630,2
20090701,10
20090702,4
20090703,3
20090706,5
20090707,2
20090708,3
20090709,3
20090710,3
20090711,2
20090713,3
20090714,6
20090715,7
20090716,4
20090717,6
20090718,1
20090720,3
20090721,3
20090722,3
20090723,3
20090724,3
20090725,2
20090727,6
20090728,5
20090729,9
20090730,1
20090731,5
20090801,1
20090803,2
20090804,3
20090805,4
20090806,7
20090807,7
20090811,6
20090812,4
20090813,5
20090814,5
20090815,2
20090817,7
20090818,3
20090819,3
20090820,4
20090821,4
20090824,10
20090825,4
20090826,7
20090827,4
20090828,5
20090829,1
20090831,1
20090901,5
20090902,10
20090903,5
20090904,3
20090905,2
20090907,2
20090908,1
20090909,5
20090910,4
20090911,3
20090914,7
20090915,5
20090916,10
20090917,3
20090918,6
20090921,5
20090922,5
20090923,9
20090924,7
20090925,2
20090926,1
20090928,5
20090929,4
20090930,6
20091001,7
20091002,10
20091003,1
20091005,7
20091006,4
20091007,7
20091008,8
20091009,4
20091012,3
20091013,2
20091014,11
20091015,9
20091016,7
20091017,2
20091019,8
20091020,5
20091021,6
20091022,6
20091023,5
20091024,3
20091026,4
20091027,6
20091028,6
20091029,6
20091030,3
20091031,3
20091102,3
20091103,3
20091104,6
20091105,4
20091106,3
20091108,1
20091109,5
20091110,7
20091111,5
20091112,3
20091113,2
20091114,3
20091115,1
20091116,4
20091117,7
20091118,4
20091119,7
20091120,2
20091122,1
20091123,5
20091124,4
20091125,1
20091127,5
20091129,2
20091130,6
20091201,2
20091202,5
20091203,8
20091204,8
20091205,2
20091207,5
20091208,6
20091209,7
20091210,5
20091211,5
20091212,2
20091213,1
20091214,6
20091215,3
20091216,9
20091217,8
20091218,5
20091219,1
20091221,2
20091222,3
20091223,6
20091224,3
20091225,1
20091226,1
20091227,1
20091228,2
20091229,2
20091230,7
20091231,4
20100102,1
20100104,7
20100105,2
20100106,3
20100107,1
20100108,6
20100109,2
20100111,2
20100112,10
20100113,6
20100114,8
20100115,7
20100116,3
20100119,5
20100120,6
20100121,10
20100122,7
20100123,5
20100124,2
20100125,1
20100126,4
20100127,3
20100128,3
20100129,3
20100130,1
20100201,3
20100202,2
20100203,13
20100204,6
20100206,1
20100208,2
20100209,8
20100210,8
20100211,4
20100212,6
20100213,1
20100216,2
20100217,8
20100218,2
20100219,5
20100220,1
20100221,1
20100222,6
20100223,1
20100224,1
20100225,2
20100226,5
20100227,3
20100228,1
20100301,1
20100302,2
20100303,5
20100304,4
20100305,10
20100306,1
20100307,1
20100308,6
20100309,5
20100310,7
20100311,10
20100312,2
20100313,4
20100314,1
20100315,5
20100316,1
20100317,8
20100318,3
20100319,2
20100320,4
20100321,2
20100322,9
20100323,2
20100324,5
20100325,4
20100326,1
20100327,1
20100328,1
20100329,3
20100330,2
20100331,3
20100401,9
20100402,1
20100403,1
20100404,1
20100405,5
20100406,1
20100407,5
20100408,4
20100409,2
20100410,2
20100411,1
20100412,4
20100413,5
20100414,5
20100415,7
20100416,7
20100417,3
20100418,1
20100419,5
20100420,7
20100421,4
20100422,5
20100423,5
20100426,3
20100427,4
20100428,3
20100429,3
20100430,5
20100501,2
20100503,2
20100504,3
20100506,5
20100507,4
20100508,1
20100510,4
20100511,1
20100512,8
20100513,8
20100514,5
20100515,3
20100517,6
20100518,3
20100519,3
20100520,3
20100521,5
20100522,2
20100523,1
20100524,6
20100525,7
20100526,2
20100527,4
20100528,1
20100601,3
20100602,3
20100603,1
20100604,4
20100607,3
20100608,4
20100609,3
20100610,6
20100611,1
20100612,2
20100614,5
20100615,7
20100616,3
20100617,4
20100618,6
20100619,2
20100621,5
20100622,3
20100623,4
20100624,4
20100625,2
20100626,5
20100628,2
20100629,6
20100630,3
20100701,7
20100702,4
20100703,1
20100705,1
20100706,8
20100707,4
20100708,5
20100709,4
20100710,4
20100711,1
20100712,1
20100713,5
20100714,7
20100715,7
20100716,7
20100717,4
20100718,1
20100720,6
20100721,7
20100722,6
20100723,3
20100724,3
20100726,3
20100727,3
20100728,4
20100729,6
20100730,7
20100731,2
20100802,6
20100803,1
20100804,7
20100805,1
20100806,3
20100807,3
20100809,5
20100810,1
20100811,4
20100812,1
20100813,2
20100814,3
20100816,5
20100817,5
20100818,9
20100819,8
20100820,5
20100821,3
20100822,2
20100823,3
20100824,3
20100825,1
20100826,6
20100827,3
20100828,1
20100829,1
20100830,2
20100831,1
20100901,1
20100902,9
20100903,3
20100904,1
20100906,1
20100907,4
20100908,4
20100909,5
20100910,2
20100911,1
20100912,1
20100913,8
20100914,8
20100915,6
20100916,9
20100917,2
20100918,1
20100920,3
20100921,5
20100922,4
20100923,3
20100924,3
20100925,1
20100927,5
20100928,5
20100929,6
20100930,2
20101001,8
20101002,5
20101003,1
20101004,5
20101005,5
20101006,4
20101007,2
20101008,5
20101009,1
20101011,10
20101012,7
20101013,11
20101014,4
20101015,5
20101016,3
20101017,2
20101018,9
20101019,9
20101020,20
20101021,5
20101022,6
20101023,4
20101024,1
20101025,4
20101026,5
20101027,3
20101028,2
20101029,7
20101030,2
20101101,6
20101102,4
20101103,7
20101104,6
20101105,8
20101106,4
20101108,3
20101109,3
20101110,9
20101111,5
20101112,7
20101113,2
20101115,8
20101116,10
20101117,9
20101118,7
20101119,3
20101120,4
20101122,2
20101123,4
20101124,4
20101125,1
20101126,1
20101127,3
20101129,4
20101130,4
20101201,12
20101202,6
20101204,1
20101205,1
20101206,5
20101207,8
20101208,3
20101209,7
20101210,3
20101213,6
20101214,2
20101215,5
20101216,7
20101217,3
20101218,2
20101219,2
20101220,6
20101221,5
20101222,5
20101223,2
20101224,2
20101226,3
20101227,2
20101228,3
20101229,7
20101230,4
20110101,1
20110102,1
20110103,11
20110104,6
20110105,6
20110106,5
20110107,5
20110108,1
20110110,4
20110111,4
20110112,4
20110113,9
20110114,2
20110115,2
20110116,1
20110117,1
20110118,5
20110119,3
20110120,3
20110121,6
20110122,3
20110124,4
20110125,5
20110126,10
20110127,3
20110128,7
20110129,3
20110130,1
20110131,1
20110201,10
20110202,2
20110203,7
20110204,1
20110205,6
20110207,4
20110208,4
20110209,4
20110210,2
20110211,3
20110212,2
20110214,3
20110215,8
20110216,7
20110217,4
20110218,5
20110219,3
20110221,5
20110222,8
20110223,7
20110224,4
20110225,8
20110226,1
20110228,8
20110301,6
20110302,4
20110303,4
20110304,4
20110305,4
20110307,7
20110308,6
20110309,3
20110310,6
20110311,3
20110312,3
20110314,3
20110315,4
20110316,2
20110317,4
20110318,9
20110319,1
20110321,6
20110322,2
20110323,8
20110324,8
20110325,6
20110326,1
20110327,1
20110328,4
20110329,4
20110330,3
20110331,5
20110401,8
20110403,1
20110404,4
20110405,2
20110406,2
20110407,4
20110408,1
20110410,2
20110411,7
20110412,3
20110413,5
20110414,5
20110415,10
20110416,2
20110418,5
20110419,9
20110420,7
20110421,5
20110422,1
20110423,2
20110425,2
20110426,3
20110427,4
20110428,2
20110429,5
20110501,2
20110502,3
20110503,4
20110504,6
20110505,2
20110506,3
20110507,3
20110509,4
20110510,2
20110512,4
20110513,3
20110514,3
20110516,2
20110517,8
20110518,4
20110519,6
20110520,4
20110521,2
20110523,7
20110524,4
20110525,9
20110526,6
20110527,2
20110529,1
20110531,1
20110601,7
20110602,5
20110603,8
20110604,1
20110605,1
20110606,3
20110607,4
20110608,3
20110609,6
20110610,5
20110613,5
20110614,2
20110615,3
20110616,7
20110617,4
20110618,2
20110619,1
20110620,11
20110621,5
20110622,8
20110623,4
20110625,1
20110627,6
20110628,10
20110629,9
20110630,11
20110701,11
20110702,4
20110705,5
20110706,4
20110707,9
20110708,4
20110709,4
20110711,5
20110712,4
20110713,9
20110714,5
20110715,8
20110716,4
20110717,1
20110718,7
20110719,7
20110720,13
20110721,7
20110722,5
20110724,1
20110725,4
20110726,4
20110727,6
20110728,7
20110729,5
20110730,2
20110731,1
20110801,4
20110802,2
20110803,3
20110804,5
20110805,4
20110806,5
20110807,2
20110808,8
20110809,11
20110810,9
20110811,9
20110812,5
20110813,3
20110815,6
20110816,3
20110817,7
20110818,5
20110819,5
20110820,5
20110821,1
20110822,7
20110823,4
20110824,6
20110825,12
20110826,10
20110827,3
20110829,6
20110830,6
20110831,7
20110901,4
20110902,7
20110903,5
20110905,1
20110906,4
20110907,6
20110908,11
20110909,3
20110910,3
20110912,5
20110913,7
20110914,9
20110915,8
20110916,7
20110917,1
20110918,1
20110919,10
20110920,3
20110921,5
20110922,8
20110923,6
20110924,2
20110925,1
20110926,2
20110927,6
20110928,5
20110929,3
20110930,8
20111001,2
20111002,1
20111003,10
20111004,5
20111005,4
20111006,4
20111007,3
20111008,3
20111010,2
20111011,4
20111012,7
20111013,1
20111014,3
20111015,3
20111017,5
20111018,4
20111019,6
20111020,5
20111021,3
20111022,1
20111024,3
20111025,7
20111026,6
20111027,7
20111028,4
20111029,1
20111030,1
20111031,3
20111101,9
20111102,3
20111103,4
20111104,2
20111105,2
20111107,7
20111108,7
20111109,4
20111110,3
20111114,4
20111115,8
20111116,6
20111117,6
20111118,1
20111121,3
20111122,5
20111123,5
20111124,1
20111126,1
20111128,6
20111129,2
20111130,8
20111201,4
20111202,8
20111203,3
20111205,5
20111206,3
20111207,4
20111208,2
20111209,3
20111212,7
20111213,5
20111214,3
20111215,5
20111216,4
20111217,2
20111219,2
20111220,4
20111221,6
20111222,7
20111223,4
20111227,3
20111228,4
20111229,2
20111230,3
20111231,2
20120103,12
20120104,7
20120105,5
20120106,7
20120107,1
20120109,4
20120110,4
20120111,5
20120112,10
20120113,7
20120114,3
20120115,1
20120117,6
20120118,7
20120119,5
20120120,6
20120121,2
20120123,8
20120124,6
20120125,6
20120126,7
20120127,4
20120128,1
20120130,11
20120131,6
20120201,3
20120202,3
20120203,3
20120204,2
20120206,6
20120207,3
20120208,8
20120209,3
20120210,7
20120211,1
20120213,1
20120214,5
20120215,7
20120216,5
20120217,6
20120218,1
20120221,4
20120222,3
20120223,2
20120224,7
20120226,2
20120227,5
20120228,8
20120229,2
20120301,3
20120302,5
20120305,6
20120306,5
20120307,4
20120308,1
20120309,5
20120311,2
20120312,6
20120313,6
20120314,5
20120315,4
20120316,3
20120318,1
20120319,4
20120320,1
20120321,1
20120322,3
20120323,3
20120325,2
20120326,3
20120327,3
20120328,4
20120329,3
20120330,2
20120401,2
20120402,2
20120403,6
20120404,4
20120405,6
20120406,2
20120409,6
20120410,1
20120411,1
20120412,3
20120413,4
20120415,2
20120416,8
20120417,7
20120418,5
20120419,10
20120420,3
20120421,1
20120423,3
20120424,6
20120425,3
20120426,6
20120427,5
20120428,1
20120429,4
20120430,4
20120501,10
20120502,9
20120503,5
20120504,1
20120505,1
20120506,1
20120507,4
20120508,3
20120509,7
20120510,11
20120511,2
20120513,5
20120514,2
20120515,7
20120516,5
20120517,3
20120520,1
20120521,3
20120522,3
20120523,2
20120524,5
20120525,1
20120529,5
20120530,2
20120531,3
20120601,1
20120603,2
20120604,3
20120605,5
20120606,3
20120607,6
20120608,2
20120611,4
20120612,3
20120614,4
20120615,2
20120618,1
20120619,4
20120620,2
20120621,6
20120622,4
20120624,1
20120625,4
20120626,3
20120627,6
20120628,2
20120629,3
20120701,1
20120702,4
20120703,3
20120704,2
20120705,5
20120706,1
20120709,8
20120710,3
20120711,3
20120712,5
20120713,1
20120714,2
20120716,1
20120717,3
20120718,8
20120719,3
20120721,1
20120723,5
20120724,6
20120725,3
20120726,5
20120727,2
20120729,2
20120730,1
20120731,4
20120801,3
20120802,4
20120803,3
20120805,1
20120807,4
20120808,3
20120809,1
20120810,8
20120812,1
20120813,8
20120814,5
20120815,1
20120816,1
20120817,3
20120819,2
20120820,5
20120821,3
20120822,2
20120823,3
20120824,1
20120826,2
20120827,2
20120828,2
20120829,8
20120830,6
20120831,2
20120903,1
20120904,4
20120905,4
20120907,1
20120909,1
20120910,3
20120911,4
20120912,1
20120913,2
20120914,4
20120917,1
20120918,5
20120919,6
20120920,3
20120921,5
20120923,4
20120924,6
20120925,7
20120926,2
20120927,4
20120928,4
20120929,1
20120930,1
20121001,4
20121002,1
20121003,5
20121004,5
20121005,3
20121007,1
20121008,1
20121009,4
20121010,5
20121011,4
20121012,5
20121014,1
20121015,5
20121016,6
20121017,9
20121018,5
20121019,5
20121021,1
20121022,5
20121023,8
20121024,3
20121025,10
20121026,6
20121027,2
20121029,7
20121030,5
20121031,3
20121101,2
20121102,3
20121104,1
20121105,5
20121106,1
20121107,5
20121108,4
20121109,1
20121112,3
20121113,3
20121114,5
20121115,2
20121116,3
20121119,3
20121120,5
20121121,1
20121122,1
20121126,6
20121127,2
20121128,2
20121129,5
20121130,4
20121203,4
20121204,6
20121205,3
20121206,2
20121210,4
20121211,9
20121212,3
20121213,8
20121214,3
20121217,3
20121218,3
20121219,6
20121220,1
20121221,1
20121223,3
20121225,2
20121226,2
20121227,4
20121230,2
20121231,2
20130101,4
20130102,5
20130103,2
20130104,2
20130106,3
20130107,9
20130108,6
20130109,4
20130110,8
20130111,6
20130113,3
20130114,4
20130115,3
20130116,4
20130117,12
20130118,7
20130120,2
20130121,6
20130122,6
20130123,6
20130124,3
20130125,4
20130127,1
20130128,4
20130129,5
20130130,3
20130131,4
20130201,3
20130203,1
20130204,2
20130205,7
20130206,5
20130207,6
20130208,2
20130209,1
20130210,1
20130212,5
20130213,4
20130214,2
20130215,1
20130218,1
20130219,4
20130220,1
20130221,6
20130222,4
20130224,2
20130225,3
20130226,3
20130227,3
20130228,7
20130301,4
20130303,1
20130304,4
20130305,6
20130306,5
20130307,5
20130308,1
20130311,7
20130312,4
20130313,7
20130314,7
20130315,5
20130318,5
20130319,5
20130320,3
20130321,3
20130322,2
20130325,1
20130326,2
20130327,8
20130328,6
20130329,3
20130331,3
20130401,3
20130402,4
20130403,3
20130404,6
20130405,4
20130408,3
20130409,5
20130410,2
20130411,6
20130412,3
20130414,3
20130415,7
20130416,6
20130417,10
20130418,8
20130419,4
20130421,2
20130422,3
20130423,5
20130424,4
20130425,7
20130426,3
20130428,3
20130429,4
20130430,7
20130501,3
20130502,4
20130503,4
20130505,3
20130506,6
20130507,4
20130508,13
20130509,5
20130510,4
20130512,2
20130513,1
20130514,4
20130515,5
20130516,5
20130517,2
20130520,5
20130521,3
20130522,3
20130523,5
20130524,3
20130527,1
20130528,2
20130529,3
20130530,1
20130531,2
20130602,2
20130603,4
20130604,8
20130605,1
20130606,4
20130607,5
20130609,2
20130610,6
20130611,6
20130612,4
20130613,6
20130614,4
20130616,2
20130617,2
20130618,1
20130619,3
20130620,4
20130621,3
20130623,2
20130624,8
20130625,7
20130627,6
20130628,3
20130630,4
20130701,5
20130702,3
20130703,3
20130704,4
20130705,1
20130707,3
20130708,3
20130709,6
20130710,5
20130711,4
20130712,7
20130714,1
20130715,3
20130716,3
20130717,5
20130718,7
20130719,2
20130721,2
20130722,4
20130723,1
20130724,4
20130725,3
20130726,2
20130728,1
20130729,4
20130730,4
20130731,6
20130801,2
20130802,2
20130805,4
20130806,4
20130807,8
20130808,5
20130809,5
20130811,1
20130812,3
20130813,1
20130814,4
20130816,2
20130818,3
20130819,6
20130820,5
20130821,2
20130822,7
20130823,4
20130826,2
20130827,4
20130828,2
20130829,2
20130902,6
20130903,8
20130904,9
20130905,8
20130906,1
20130908,3
20130909,4
20130910,8
20130911,14
20130912,7
20130913,4
20130914,1
20130915,2
20130916,5
20130917,7
20130918,5
20130919,5
20130920,4
20130922,3
20130923,6
20130924,7
20130925,10
20130926,8
20130927,11
20130930,8
20131001,5
20131002,9
20131003,15
20131004,6
20131006,4
20131007,3
20131008,9
20131009,4
20131010,5
20131011,3
20131012,1
20131013,2
20131014,3
20131015,4
20131016,13
20131017,8
20131018,7
20131019,2
20131020,2
20131021,6
20131022,7
20131023,5
20131024,7
20131025,6
20131027,1
20131028,1
20131029,3
20131030,5
20131031,6
20131101,1
20131103,1
20131104,3
20131105,3
20131106,6
20131107,5
20131108,2
20131109,1
20131110,2
20131111,4
20131112,3
20131113,5
20131114,3
20131115,1
20131116,1
20131117,2
20131118,3
20131119,3
20131120,8
20131121,4
20131122,4
20131124,3
20131125,1
20131126,2
20131127,1
20131129,1
20131201,1
20131202,5
20131203,4
20131204,6
20131205,5
20131206,4
20131209,6
20131210,8
20131211,1
20131212,5
20131213,3
20131215,2
20131216,4
20131217,5
20131218,4
20131219,4
20131220,2
20131222,1
20131223,6
20131224,2
20131226,2
20131227,1
20131230,1
20131231,2
20140101,1
20140102,3
20140103,4
20140105,2
20140106,5
20140107,1
20140108,3
20140109,6
20140110,3
20140111,1
20140112,2
20140113,7
20140114,6
20140115,10
20140116,4
20140117,7
20140118,1
20140119,1
20140120,2
20140121,5
20140122,5
20140123,3
20140124,3
20140126,3
20140127,5
20140128,4
20140129,5
20140130,4
20140131,5
20140202,4
20140203,4
20140204,4
20140205,4
20140206,2
20140207,3
20140209,3
20140210,5
20140212,2
20140213,3
20140214,1
20140217,2
20140218,6
20140219,3
20140220,7
20140221,7
20140223,1
20140224,1
20140225,5
20140226,7
20140227,2
20140228,2
20140301,1
20140302,1
20140303,3
20140304,3
20140305,3
20140306,5
20140307,4
20140308,2
20140309,2
20140310,4
20140311,7
20140312,2
20140313,6
20140314,9
20140316,3
20140317,5
20140318,7
20140319,3
20140320,7
20140321,11
20140323,2
20140324,2
20140325,2
20140326,11
20140327,10
20140328,4
20140330,1
20140331,3
20140401,6
20140402,3
20140403,9
20140404,2
20140406,1
20140407,6
20140408,2
20140409,2
20140410,7
20140411,5
20140412,1
20140413,1
20140414,6
20140415,5
20140416,15
20140417,11
20140418,3
20140420,2
20140421,7
20140422,6
20140423,5
20140424,7
20140425,7
20140427,2
20140428,14
20140429,7
20140430,2
20140501,2
20140502,9
20140503,2
20140504,2
20140505,5
20140506,4
20140507,5
20140508,4
20140509,1
20140511,1
20140512,2
20140513,4
20140514,8
20140515,6
20140516,1
20140518,1
20140519,9
20140520,3
20140521,5
20140522,4
20140523,3
20140525,1
20140526,1
20140527,6
20140528,9
20140529,2
20140530,3
20140601,1
20140602,2
20140603,3
20140604,5
20140605,4
20140606,7
20140608,1
20140609,2
20140610,1
20140611,5
20140612,8
20140613,1
20140615,1
20140616,5
20140617,4
20140618,6
20140619,5
20140620,4
20140623,5
20140624,8
20140625,5
20140626,5
20140627,7
20140629,2
20140630,9
20140701,11
20140702,3
20140703,1
20140707,7
20140708,5
20140709,3
20140710,8
20140711,5
20140713,5
20140714,5
20140715,10
20140716,12
20140717,5
20140718,3
20140721,5
20140722,7
20140723,3
20140724,5
20140725,6
20140726,1
20140727,2
20140728,5
20140729,8
20140730,11
20140731,5
20140801,3
20140802,1
20140803,2
20140804,4
20140805,6
20140806,12
20140807,8
20140808,4
20140811,1
20140812,5
20140813,3
20140814,5
20140815,1
20140817,2
20140818,4
20140819,2
20140820,7
20140821,18
20140822,8
20140825,5
20140826,9
20140827,2
20140828,6
20140829,3
20140830,1
20140902,7
20140903,6
20140904,5
20140905,4
20140908,4
20140909,6
20140910,4
20140911,2
20140912,5
20140914,3
20140915,7
20140916,9
20140917,4
20140918,3
20140919,5
20140921,1
20140922,2
20140923,1
20140924,2
20140925,7
20140926,1
20140928,1
20140929,7
20140930,5
20141001,5
20141002,5
20141003,5
20141005,1
20141006,3
20141007,4
20141008,4
20141009,8
20141010,6
20141012,6
20141013,4
20141014,4
20141015,17
20141016,5
20141017,6
20141019,1
20141020,7
20141021,3
20141022,2
20141023,5
20141024,3
20141026,1
20141027,4
20141028,5
20141029,3
20141030,5
20141031,5
20141103,11
20141104,5
20141105,6
20141106,6
20141107,4
20141110,2
20141111,3
20141112,6
20141113,3
20141114,3
20141115,1
20141116,1
20141117,3
20141118,4
20141119,3
20141120,5
20141121,5
20141123,3
20141124,2
20141125,6
20141126,2
20141127,1
20141128,3
20141130,1
20141201,5
20141202,4
20141203,4
20141205,2
20141207,3
20141208,9
20141209,6
20141210,4
20141211,2
20141212,7
20141214,2
20141215,2
20141216,12
20141217,4
20141218,8
20141219,8
20141221,1
20141222,1
20141223,5
20141224,3
20141225,1
20141226,2
20141230,4
20150101,1
20150102,1
20150104,2
20150105,2
20150106,6
20150107,2
20150108,6
20150109,2
20150111,1
20150112,7
20150113,3
20150114,7
20150115,16
20150116,9
20150119,5
20150120,6
20150121,5
20150122,1
20150123,4
20150125,2
20150126,9
20150127,7
20150128,3
20150129,3
20150130,3
20150201,2
20150202,7
20150203,8
20150204,3
20150205,5
20150206,3
20150208,1
20150209,4
20150210,4
20150211,6
20150212,3
20150213,2
20150216,1
20150217,8
20150218,4
20150219,3
20150220,4
20150223,2
20150224,7
20150225,8
20150226,9
20150227,3
20150228,1
20150301,2
20150302,2
20150303,6
20150304,5
20150305,8
20150306,7
20150309,6
20150310,3
20150311,6
20150312,10
20150313,3
20150316,5
20150317,4
20150318,4
20150319,4
20150320,2
20150321,1
20150322,1
20150323,3
20150324,1
20150325,5
20150326,7
20150327,2
20150329,1
20150330,5
20150331,6
20150401,4
20150402,4
20150404,1
20150405,1
20150406,7
20150407,3
20150408,6
20150409,2
20150410,3
20150412,3
20150413,1
20150414,7
20150415,10
20150416,6
20150417,2
20150419,3
20150420,1
20150421,4
20150422,5
20150423,5
20150424,1
20150427,2
20150428,7
20150429,8
20150430,5
