20080901,10
20080902,11
20080903,10
20080904,10
20080905,15
20080906,8
20080907,1
20080908,21
20080909,19
20080910,19
20080911,23
20080912,20
20080913,6
20080914,3
20080915,35
20080916,40
20080917,44
20080918,36
20080919,19
20080920,11
20080921,2
20080922,30
20080923,47
20080924,32
20080925,27
20080926,33
20080927,22
20080928,3
20080929,38
20080930,59
20081001,75
20081002,41
20081003,35
20081004,15
20081005,2
20081006,34
20081007,42
20081008,39
20081009,37
20081010,40
20081011,19
20081012,2
20081013,40
20081014,45
20081015,48
20081016,43
20081017,27
20081018,18
20081019,4
20081020,25
20081021,21
20081022,23
20081023,32
20081024,18
20081025,8
20081026,3
20081027,19
20081028,23
20081029,18
20081030,18
20081031,23
20081101,8
20081102,1
20081103,21
20081104,24
20081105,20
20081106,17
20081107,19
20081108,12
20081110,25
20081111,24
20081112,28
20081113,23
20081114,18
20081115,9
20081116,2
20081117,17
20081118,23
20081119,14
20081120,18
20081121,18
20081122,9
20081123,1
20081124,25
20081125,17
20081126,19
20081127,6
20081128,18
20081129,2
20081130,3
20081201,21
20081202,19
20081203,19
20081204,25
20081205,20
20081206,7
20081207,1
20081208,18
20081209,15
20081210,22
20081211,21
20081212,15
20081213,7
20081214,1
20081215,16
20081216,16
20081217,26
20081218,22
20081219,22
20081220,11
20081221,1
20081222,16
20081223,18
20081224,12
20081226,4
20081227,5
20081229,9
20081230,15
20081231,17
20090101,1
20090102,23
20090103,8
20090104,2
20090105,10
20090106,15
20090107,12
20090108,17
20090109,19
20090110,8
20090112,22
20090113,19
20090114,25
20090115,32
20090116,28
20090117,18
20090118,2
20090119,4
20090120,32
20090121,37
20090122,30
20090123,35
20090124,9
20090125,1
20090126,17
20090127,29
20090128,31
20090129,29
20090130,27
20090131,9
20090201,3
20090202,22
20090203,27
20090204,23
20090205,21
20090206,21
20090207,10
20090208,1
20090209,25
20090210,21
20090211,42
20090212,26
20090213,24
20090214,8
20090215,3
20090216,7
20090217,18
20090218,30
20090219,35
20090220,23
20090221,12
20090222,3
20090223,26
20090224,36
20090225,39
20090226,26
20090227,33
20090228,12
20090301,3
20090302,17
20090303,25
20090304,21
20090305,14
20090306,25
20090307,7
20090308,3
20090309,25
20090310,29
20090311,23
20090312,24
20090313,22
20090314,8
20090315,2
20090316,19
20090317,30
20090318,34
20090319,29
20090320,27
20090321,10
20090322,3
20090323,18
20090324,22
20090325,18
20090326,24
20090327,21
20090328,12
20090329,1
20090330,30
20090331,19
20090401,21
20090402,18
20090403,16
20090404,5
20090405,2
20090406,16
20090407,17
20090408,13
20090409,26
20090410,10
20090411,1
20090412,4
20090413,19
20090414,26
20090415,23
20090416,24
20090417,17
20090418,3
20090419,2
20090420,22
20090421,20
20090422,28
20090423,20
20090424,20
20090425,4
20090426,4
20090427,20
20090428,26
20090429,38
20090430,18
20090501,15
20090502,7
20090503,1
20090504,12
20090505,17
20090506,28
20090507,37
20090508,28
20090509,5
20090510,2
20090511,13
20090512,20
20090513,18
20090514,22
20090515,25
20090516,7
20090517,1
20090518,16
20090519,22
20090520,22
20090521,15
20090522,15
20090523,6
20090525,3
20090526,44
20090527,25
20090528,26
20090529,13
20090530,8
20090531,1
20090601,12
20090602,16
20090603,27
20090604,15
20090605,19
20090606,3
20090607,1
20090608,15
20090609,21
20090610,15
20090611,18
20090612,20
20090613,6
20090614,2
20090615,14
20090616,19
20090617,20
20090618,23
20090619,26
20090620,8
20090622,13
20090623,10
20090624,15
20090625,21
20090626,21
20090627,7
20090628,3
20090629,12
20090630,14
20090701,22
20090702,22
20090703,6
20090704,1
20090705,2
20090706,13
20090707,14
20090708,13
20090709,12
20090710,14
20090711,4
20090713,14
20090714,11
20090715,19
20090716,22
20090717,20
20090718,1
20090719,2
20090720,22
20090721,19
20090722,16
20090723,16
20090724,18
20090725,9
20090726,4
20090727,23
20090728,20
20090729,15
20090730,26
20090731,22
20090801,5
20090802,1
20090803,13
20090804,24
20090805,24
20090806,21
20090807,18
20090808,6
20090810,4
20090811,14
20090812,20
20090813,22
20090814,16
20090815,8
20090816,1
20090817,12
20090818,25
20090819,12
20090820,9
20090821,21
20090822,4
20090823,1
20090824,12
20090825,18
20090826,28
20090827,14
20090828,22
20090829,3
20090830,1
20090831,15
20090901,13
20090902,16
20090903,12
20090904,21
20090905,7
20090907,10
20090908,18
20090909,19
20090910,19
20090911,16
20090912,7
20090913,1
20090914,16
20090915,10
20090916,19
20090917,13
20090918,17
20090919,3
20090921,20
20090922,16
20090923,22
20090924,20
20090925,26
20090926,5
20090927,1
20090928,24
20090929,21
20090930,18
20091001,22
20091002,16
20091003,4
20091004,2
20091005,17
20091006,18
20091007,28
20091008,25
20091009,20
20091010,2
20091011,1
20091012,21
20091013,15
20091014,31
20091015,28
20091016,27
20091017,1
20091018,1
20091019,12
20091020,20
20091021,28
20091022,39
20091023,19
20091024,4
20091025,4
20091026,17
20091027,23
20091028,24
20091029,25
20091030,32
20091031,2
20091101,1
20091102,20
20091103,18
20091104,27
20091105,24
20091106,20
20091107,2
20091108,2
20091109,30
20091110,33
20091111,26
20091112,18
20091113,17
20091114,1
20091115,3
20091116,13
20091117,29
20091118,28
20091119,29
20091120,19
20091122,1
20091123,22
20091124,24
20091125,29
20091126,12
20091127,19
20091128,2
20091129,2
20091130,26
20091201,22
20091202,25
20091203,30
20091204,22
20091205,5
20091206,3
20091207,13
20091208,28
20091209,26
20091210,21
20091211,19
20091212,2
20091213,3
20091214,18
20091215,34
20091216,33
20091217,34
20091218,21
20091219,2
20091220,2
20091221,21
20091222,24
20091223,15
20091224,11
20091226,2
20091228,16
20091229,14
20091230,15
20091231,10
20100101,2
20100102,4
20100103,3
20100104,18
20100105,18
20100106,8
20100107,19
20100108,13
20100109,7
20100110,2
20100111,28
20100112,22
20100113,24
20100114,19
20100115,22
20100116,11
20100117,1
20100118,11
20100119,28
20100120,29
20100121,37
20100122,35
20100123,14
20100124,9
20100125,27
20100126,19
20100127,29
20100128,29
20100129,20
20100130,6
20100131,7
20100201,19
20100202,16
20100203,22
20100204,18
20100205,19
20100206,6
20100207,6
20100208,26
20100209,21
20100210,16
20100211,22
20100212,20
20100213,6
20100214,2
20100215,4
20100216,20
20100217,23
20100218,19
20100219,18
20100220,6
20100221,14
20100222,24
20100223,26
20100224,33
20100225,33
20100226,29
20100227,11
20100228,5
20100301,27
20100302,24
20100303,18
20100304,24
20100305,21
20100306,1
20100307,1
20100308,23
20100309,19
20100310,20
20100311,35
20100312,22
20100313,4
20100314,4
20100315,18
20100316,25
20100317,29
20100318,22
20100319,24
20100320,15
20100321,6
20100322,34
20100323,14
20100324,20
20100325,16
20100326,14
20100327,9
20100328,6
20100329,13
20100330,30
20100331,16
20100401,15
20100402,3
20100403,4
20100404,1
20100405,6
20100406,12
20100407,16
20100408,13
20100409,14
20100410,1
20100411,5
20100412,16
20100413,15
20100414,16
20100415,14
20100416,14
20100417,12
20100418,5
20100419,21
20100420,26
20100421,24
20100422,19
20100423,12
20100424,10
20100425,5
20100426,15
20100427,15
20100428,19
20100429,24
20100430,25
20100501,8
20100502,4
20100503,13
20100504,18
20100505,19
20100506,24
20100507,20
20100508,9
20100509,5
20100510,13
20100511,16
20100512,18
20100513,8
20100514,12
20100515,11
20100516,5
20100517,20
20100518,11
20100519,15
20100520,18
20100521,19
20100522,4
20100523,2
20100524,18
20100525,28
20100526,15
20100527,18
20100528,12
20100529,3
20100530,4
20100531,9
20100601,12
20100602,16
20100603,14
20100604,17
20100605,4
20100606,2
20100607,10
20100608,17
20100609,23
20100610,21
20100611,17
20100612,5
20100613,6
20100614,19
20100615,20
20100616,19
20100617,34
20100618,23
20100619,3
20100620,3
20100621,29
20100622,31
20100623,26
20100624,32
20100625,29
20100626,14
20100627,7
20100628,18
20100629,26
20100630,23
20100701,25
20100702,19
20100703,8
20100704,4
20100705,11
20100706,28
20100707,23
20100708,30
20100709,28
20100710,6
20100711,5
20100712,25
20100713,30
20100714,24
20100715,41
20100716,21
20100717,10
20100718,4
20100719,14
20100720,15
20100721,15
20100722,28
20100723,35
20100724,9
20100725,2
20100726,27
20100727,25
20100728,20
20100729,20
20100730,12
20100731,9
20100801,2
20100802,24
20100803,14
20100804,21
20100805,15
20100806,23
20100807,8
20100808,3
20100809,11
20100810,12
20100811,25
20100812,15
20100813,8
20100814,8
20100816,17
20100817,18
20100818,15
20100819,16
20100820,16
20100821,7
20100822,2
20100823,20
20100824,15
20100825,18
20100826,23
20100827,15
20100828,6
20100830,9
20100831,13
20100901,13
20100902,17
20100903,12
20100904,9
20100905,2
20100906,10
20100907,36
20100908,29
20100909,31
20100910,17
20100911,5
20100912,3
20100913,46
20100914,30
20100915,25
20100916,21
20100917,14
20100918,10
20100919,1
20100920,28
20100921,23
20100922,16
20100923,28
20100924,25
20100925,7
20100926,5
20100927,28
20100928,23
20100929,19
20100930,99
20101001,19
20101002,3
20101003,2
20101004,25
20101005,22
20101006,26
20101007,15
20101008,22
20101009,8
20101010,6
20101011,25
20101012,23
20101013,25
20101014,20
20101015,12
20101016,2
20101017,7
20101018,22
20101019,20
20101020,22
20101021,27
20101022,17
20101023,5
20101024,4
20101025,19
20101026,28
20101027,27
20101028,18
20101029,24
20101030,7
20101031,4
20101101,21
20101102,33
20101103,29
20101104,28
20101105,27
20101106,6
20101107,5
20101108,16
20101109,24
20101110,27
20101111,22
20101112,18
20101113,6
20101114,5
20101115,26
20101116,31
20101117,39
20101118,26
20101119,17
20101120,8
20101121,5
20101122,19
20101123,17
20101124,29
20101125,13
20101126,27
20101127,11
20101128,3
20101129,25
20101130,17
20101201,28
20101202,36
20101203,28
20101204,9
20101205,3
20101206,23
20101207,18
20101208,33
20101209,18
20101210,20
20101211,4
20101212,5
20101213,16
20101214,11
20101215,17
20101216,26
20101217,26
20101218,6
20101219,3
20101220,25
20101221,21
20101222,9
20101223,14
20101224,12
20101225,1
20101226,2
20101227,11
20101228,12
20101229,18
20101230,20
20101231,6
20110101,1
20110102,2
20110103,23
20110104,17
20110105,21
20110106,28
20110107,16
20110108,9
20110109,9
20110110,18
20110111,22
20110112,32
20110113,26
20110114,32
20110115,7
20110117,11
20110118,28
20110119,38
20110120,31
20110121,29
20110122,12
20110123,2
20110124,27
20110125,26
20110126,20
20110127,29
20110128,24
20110129,10
20110130,3
20110131,17
20110201,27
20110202,21
20110203,21
20110204,18
20110205,3
20110206,4
20110207,23
20110208,24
20110209,26
20110210,22
20110211,19
20110212,8
20110213,1
20110214,28
20110215,23
20110216,23
20110217,32
20110218,24
20110219,7
20110220,2
20110221,22
20110222,23
20110223,19
20110224,23
20110225,23
20110226,5
20110227,5
20110228,24
20110301,38
20110302,33
20110303,21
20110304,23
20110305,5
20110306,4
20110307,29
20110308,35
20110309,25
20110310,29
20110311,17
20110312,7
20110313,1
20110314,18
20110315,26
20110316,27
20110317,31
20110318,17
20110319,7
20110320,2
20110321,15
20110322,22
20110323,30
20110324,22
20110325,19
20110326,3
20110327,1
20110328,23
20110329,34
20110330,29
20110331,26
20110401,31
20110402,3
20110403,3
20110404,21
20110405,21
20110406,23
20110407,29
20110408,20
20110409,12
20110410,4
20110411,30
20110412,23
20110413,20
20110414,22
20110415,33
20110416,3
20110417,2
20110418,21
20110419,20
20110420,29
20110421,21
20110422,9
20110423,4
20110424,1
20110425,18
20110426,26
20110427,21
20110428,23
20110429,17
20110430,7
20110501,7
20110502,13
20110503,17
20110504,20
20110505,29
20110506,17
20110507,5
20110508,2
20110509,23
20110510,27
20110511,23
20110512,36
20110513,16
20110514,4
20110515,3
20110516,22
20110517,25
20110518,19
20110519,14
20110520,17
20110521,6
20110522,1
20110523,20
20110524,19
20110525,38
20110526,27
20110527,27
20110528,10
20110529,4
20110530,7
20110531,16
20110601,20
20110602,31
20110603,19
20110604,4
20110605,5
20110606,28
20110607,21
20110608,38
20110609,32
20110610,27
20110611,9
20110612,2
20110613,26
20110614,20
20110615,37
20110616,32
20110617,24
20110618,2
20110619,5
20110620,28
20110621,25
20110622,25
20110623,33
20110624,24
20110625,7
20110626,4
20110627,34
20110628,31
20110629,47
20110630,35
20110701,28
20110702,5
20110703,2
20110704,6
20110705,27
20110706,30
20110707,29
20110708,17
20110709,6
20110710,4
20110711,33
20110712,17
20110713,24
20110714,26
20110715,42
20110716,8
20110718,30
20110719,26
20110720,47
20110721,37
20110722,27
20110723,5
20110724,7
20110725,22
20110726,27
20110727,21
20110728,23
20110729,18
20110730,5
20110731,1
20110801,22
20110802,15
20110803,17
20110804,29
20110805,29
20110806,11
20110807,5
20110808,22
20110809,34
20110810,28
20110811,33
20110812,32
20110813,9
20110814,1
20110815,22
20110816,21
20110817,19
20110818,31
20110819,30
20110820,10
20110821,2
20110822,13
20110823,18
20110824,30
20110825,31
20110826,20
20110827,5
20110828,4
20110829,25
20110830,24
20110831,27
20110901,30
20110902,18
20110903,5
20110904,3
20110905,14
20110906,36
20110907,39
20110908,30
20110909,39
20110910,12
20110911,1
20110912,31
20110913,34
20110914,33
20110915,56
20110916,51
20110917,11
20110918,5
20110919,51
20110920,33
20110921,40
20110922,29
20110923,33
20110924,3
20110925,7
20110926,35
20110927,29
20110928,23
20110929,32
20110930,27
20111001,5
20111002,2
20111003,31
20111004,39
20111005,33
20111006,37
20111007,34
20111008,11
20111009,2
20111010,31
20111011,45
20111012,26
20111013,49
20111014,22
20111015,11
20111016,1
20111017,28
20111018,28
20111019,43
20111020,38
20111021,34
20111022,6
20111023,5
20111024,25
20111025,19
20111026,22
20111027,28
20111028,27
20111029,8
20111030,3
20111031,15
20111101,39
20111102,33
20111103,34
20111104,24
20111105,3
20111106,2
20111107,23
20111108,32
20111109,31
20111110,27
20111111,20
20111112,7
20111113,2
20111114,23
20111115,33
20111116,34
20111117,40
20111118,22
20111119,7
20111120,2
20111121,21
20111122,32
20111123,31
20111124,24
20111125,25
20111126,6
20111128,31
20111129,20
20111130,29
20111201,29
20111202,39
20111203,8
20111204,2
20111205,26
20111206,25
20111207,30
20111208,47
20111209,33
20111210,6
20111211,3
20111212,25
20111213,22
20111214,32
20111215,38
20111216,28
20111217,5
20111218,1
20111219,34
20111220,26
20111221,25
20111222,23
20111223,23
20111224,1
20111225,1
20111227,19
20111228,17
20111229,11
20111230,19
20111231,8
20120101,1
20120102,3
20120103,25
20120104,26
20120105,37
20120106,30
20120107,5
20120108,6
20120109,31
20120110,18
20120111,33
20120112,35
20120113,47
20120114,7
20120115,1
20120116,12
20120117,41
20120118,43
20120119,38
20120120,29
20120121,8
20120122,2
20120123,24
20120124,31
20120125,32
20120126,22
20120127,27
20120128,4
20120129,3
20120130,29
20120131,24
20120201,29
20120202,32
20120203,29
20120204,10
20120205,4
20120206,24
20120207,22
20120208,36
20120209,37
20120210,39
20120211,3
20120212,6
20120213,30
20120214,22
20120215,26
20120216,33
20120217,31
20120218,6
20120219,1
20120220,14
20120221,33
20120222,23
20120223,28
20120224,36
20120225,5
20120226,5
20120227,27
20120228,39
20120229,41
20120301,36
20120302,27
20120303,2
20120304,9
20120305,28
20120306,41
20120307,28
20120308,23
20120309,24
20120310,3
20120311,3
20120312,26
20120313,21
20120314,36
20120315,30
20120316,18
20120317,2
20120318,3
20120319,21
20120320,30
20120321,25
20120322,37
20120323,23
20120324,2
20120325,9
20120326,32
20120327,25
20120328,22
20120329,42
20120330,15
20120331,1
20120401,12
20120402,38
20120403,28
20120404,30
20120405,29
20120406,10
20120407,3
20120408,4
20120409,18
20120410,24
20120411,29
20120412,26
20120413,32
20120414,2
20120415,5
20120416,31
20120417,31
20120418,37
20120419,48
20120420,11
20120422,8
20120423,36
20120424,35
20120425,26
20120426,34
20120427,34
20120428,4
20120429,10
20120430,25
20120501,33
20120502,32
20120503,30
20120504,12
20120505,3
20120506,11
20120507,16
20120508,35
20120509,44
20120510,55
20120511,58
20120512,1
20120513,13
20120514,48
20120515,63
20120516,42
20120517,45
20120518,38
20120519,2
20120520,5
20120521,28
20120522,26
20120523,27
20120524,32
20120525,29
20120526,1
20120527,4
20120528,19
20120529,53
20120530,57
20120531,63
20120601,27
20120602,1
20120603,10
20120604,25
20120605,40
20120606,48
20120607,42
20120608,33
20120609,6
20120610,10
20120611,54
20120612,50
20120613,66
20120614,42
20120615,36
20120616,3
20120617,10
20120618,46
20120619,41
20120620,28
20120621,31
20120622,13
20120624,6
20120625,39
20120626,35
20120627,37
20120628,30
20120629,51
20120630,1
20120701,15
20120702,28
20120703,47
20120704,25
20120705,39
20120706,16
20120707,1
20120708,8
20120709,37
20120710,46
20120711,31
20120712,36
20120713,38
20120714,3
20120715,7
20120716,42
20120717,45
20120718,44
20120719,44
20120720,27
20120721,1
20120722,9
20120723,35
20120724,33
20120725,38
20120726,34
20120727,30
20120728,2
20120729,7
20120730,31
20120731,31
20120801,28
20120802,25
20120803,20
20120804,1
20120805,5
20120806,30
20120807,24
20120808,27
20120809,26
20120810,25
20120812,7
20120813,22
20120814,35
20120815,31
20120816,27
20120817,21
20120818,2
20120819,9
20120820,12
20120821,27
20120822,12
20120823,17
20120824,15
20120826,5
20120827,17
20120828,22
20120829,19
20120830,25
20120831,21
20120901,4
20120902,8
20120903,11
20120904,31
20120905,32
20120906,26
20120907,20
20120908,1
20120909,11
20120910,17
20120911,27
20120912,27
20120913,31
20120914,29
20120915,2
20120916,9
20120917,24
20120918,21
20120919,27
20120920,30
20120921,24
20120923,11
20120924,36
20120925,32
20120926,22
20120927,43
20120928,23
20120929,2
20120930,9
20121001,36
20121002,20
20121003,16
20121004,24
20121005,25
20121007,8
20121008,22
20121009,39
20121010,37
20121011,25
20121012,30
20121013,4
20121014,10
20121015,32
20121016,43
20121017,37
20121018,36
20121019,39
20121020,5
20121021,10
20121022,33
20121023,23
20121024,22
20121025,35
20121026,26
20121027,1
20121028,9
20121029,16
20121030,37
20121031,18
20121101,22
20121102,16
20121103,1
20121104,3
20121105,34
20121106,17
20121107,30
20121108,26
20121109,20
20121111,8
20121112,27
20121113,20
20121114,21
20121115,22
20121116,24
20121117,1
20121118,5
20121119,22
20121120,27
20121121,24
20121122,5
20121123,8
20121124,1
20121125,4
20121126,30
20121127,37
20121128,21
20121129,23
20121130,21
20121201,1
20121202,6
20121203,20
20121204,31
20121205,28
20121206,20
20121207,13
20121208,1
20121209,7
20121210,24
20121211,27
20121212,24
20121213,33
20121214,23
20121215,3
20121216,8
20121217,20
20121218,24
20121219,32
20121220,24
20121221,10
20121223,4
20121224,9
20121225,1
20121226,10
20121227,7
20121228,10
20121229,2
20121230,5
20121231,15
20130101,11
20130102,17
20130103,15
20130104,13
20130105,3
20130106,7
20130107,26
20130108,28
20130109,28
20130110,19
20130111,28
20130113,7
20130114,21
20130115,19
20130116,32
20130117,25
20130118,31
20130119,1
20130120,1
20130121,12
20130122,29
20130123,31
20130124,38
20130125,26
20130126,3
20130127,4
20130128,20
20130129,27
20130130,25
20130131,34
20130201,21
20130202,1
20130203,7
20130204,23
20130205,23
20130206,26
20130207,28
20130208,18
20130209,2
20130210,5
20130211,19
20130212,20
20130213,30
20130214,25
20130215,12
20130216,1
20130217,5
20130218,18
20130219,35
20130220,15
20130221,25
20130222,30
20130223,2
20130224,12
20130225,18
20130226,26
20130227,31
20130228,34
20130301,12
20130303,8
20130304,21
20130305,24
20130306,22
20130307,15
20130308,19
20130310,6
20130311,20
20130312,27
20130313,26
20130314,32
20130315,19
20130316,7
20130317,9
20130318,46
20130319,43
20130320,51
20130321,28
20130322,37
20130323,3
20130324,8
20130325,34
20130326,36
20130327,38
20130328,26
20130329,14
20130330,1
20130331,3
20130401,12
20130402,27
20130403,42
20130404,28
20130405,20
20130407,9
20130408,29
20130409,24
20130410,36
20130411,34
20130412,34
20130413,3
20130414,4
20130415,20
20130416,27
20130417,35
20130418,50
20130419,17
20130421,12
20130422,21
20130423,36
20130424,33
20130425,29
20130426,16
20130428,8
20130429,34
20130430,33
20130501,30
20130502,34
20130503,32
20130504,1
20130505,3
20130506,20
20130507,33
20130508,35
20130509,28
20130510,24
20130511,3
20130512,11
20130513,25
20130514,26
20130515,21
20130516,18
20130517,23
20130518,1
20130519,4
20130520,25
20130521,32
20130522,27
20130523,27
20130524,28
20130526,3
20130527,11
20130528,14
20130529,24
20130530,28
20130531,13
20130601,3
20130602,8
20130603,28
20130604,24
20130605,35
20130606,26
20130607,20
20130609,6
20130610,20
20130611,18
20130612,20
20130613,24
20130614,23
20130615,2
20130616,2
20130617,22
20130618,4
20130619,38
20130620,43
20130621,39
20130622,5
20130623,12
20130624,51
20130625,42
20130626,36
20130627,39
20130628,27
20130629,1
20130630,6
20130701,31
20130702,30
20130703,24
20130704,22
20130705,16
20130707,25
20130708,24
20130709,36
20130710,25
20130711,40
20130712,53
20130713,3
20130714,9
20130715,31
20130716,39
20130717,39
20130718,42
20130719,30
20130720,2
20130721,11
20130722,36
20130723,32
20130724,25
20130725,27
20130726,28
20130727,1
20130728,5
20130729,29
20130730,39
20130731,36
20130801,39
20130802,31
20130803,2
20130804,23
20130805,26
20130806,26
20130807,24
20130808,31
20130809,30
20130810,2
20130811,2
20130812,34
20130813,22
20130814,40
20130815,21
20130816,21
20130817,2
20130818,6
20130819,27
20130820,29
20130821,29
20130822,32
20130823,34
20130824,4
20130825,7
20130826,22
20130827,24
20130828,35
20130829,30
20130830,26
20130831,2
20130901,2
20130902,11
20130903,28
20130904,43
20130905,36
20130906,34
20130908,3
20130909,25
20130910,35
20130911,32
20130912,36
20130913,33
20130914,4
20130915,8
20130916,51
20130917,35
20130918,55
20130919,39
20130920,26
20130922,12
20130923,31
20130924,22
20130925,34
20130926,38
20130927,31
20130929,8
20130930,25
20131001,23
20131002,33
20131003,33
20131004,27
20131006,20
20131007,24
20131008,42
20131009,46
20131010,30
20131011,33
20131012,3
20131013,6
20131014,33
20131015,36
20131016,39
20131017,25
20131018,34
20131019,2
20131020,10
20131021,38
20131022,23
20131023,26
20131024,42
20131025,26
20131026,1
20131027,9
20131028,31
20131029,38
20131030,27
20131031,35
20131101,32
20131102,1
20131103,26
20131104,37
20131105,42
20131106,37
20131107,47
20131108,30
20131109,1
20131110,24
20131111,37
20131112,33
20131113,51
20131114,59
20131115,26
20131117,11
20131118,30
20131119,43
20131120,39
20131121,32
20131122,26
20131123,1
20131124,4
20131125,30
20131126,30
20131127,24
20131128,17
20131129,22
20131130,2
20131201,5
20131202,25
20131203,26
20131204,49
20131205,46
20131206,35
20131207,2
20131208,8
20131209,42
20131210,56
20131211,43
20131212,40
20131213,38
20131214,4
20131215,27
20131216,38
20131217,39
20131218,47
20131219,47
20131220,31
20131221,2
20131222,13
20131223,31
20131224,11
20131225,2
20131226,19
20131227,15
20131229,7
20131230,26
20131231,15
20140101,7
20140102,23
20140103,30
20140104,4
20140105,37
20140106,38
20140107,40
20140108,34
20140109,43
20140110,38
20140111,1
20140112,5
20140113,43
20140114,47
20140115,54
20140116,44
20140117,40
20140118,2
20140119,5
20140120,23
20140121,39
20140122,38
20140123,46
20140124,40
20140125,1
20140126,8
20140127,39
20140128,42
20140129,54
20140130,28
20140131,42
20140201,1
20140202,7
20140203,52
20140204,41
20140205,37
20140206,43
20140207,31
20140208,1
20140209,27
20140210,39
20140211,35
20140212,50
20140213,51
20140214,28
20140215,3
20140216,4
20140217,17
20140218,50
20140219,46
20140220,36
20140221,32
20140223,10
20140224,42
20140225,37
20140226,48
20140227,62
20140228,38
20140302,8
20140303,50
20140304,43
20140305,43
20140306,43
20140307,29
20140308,7
20140309,11
20140310,41
20140311,49
20140312,45
20140313,43
20140314,34
20140315,2
20140316,15
20140317,37
20140318,39
20140319,36
20140320,44
20140321,37
20140322,3
20140323,4
20140324,37
20140325,54
20140326,50
20140327,57
20140328,37
20140330,6
20140331,39
20140401,47
20140402,41
20140403,42
20140404,43
20140405,1
20140406,23
20140407,37
20140408,46
20140409,42
20140410,44
20140411,50
20140412,6
20140413,23
20140414,34
20140415,38
20140416,58
20140417,37
20140418,24
20140419,1
20140420,5
20140421,25
20140422,41
20140423,37
20140424,45
20140425,33
20140426,3
20140427,6
20140428,44
20140429,60
20140430,46
20140501,29
20140502,40
20140503,3
20140504,23
20140505,32
20140506,45
20140507,46
20140508,55
20140509,34
20140510,2
20140511,10
20140512,32
20140513,41
20140514,52
20140515,42
20140516,29
20140518,13
20140519,48
20140520,48
20140521,41
20140522,34
20140523,28
20140524,1
20140525,7
20140526,17
20140527,39
20140528,41
20140529,39
20140530,36
20140531,2
20140601,3
20140602,36
20140603,31
20140604,41
20140605,55
20140606,45
20140607,1
20140608,11
20140609,35
20140610,32
20140611,31
20140612,38
20140613,27
20140614,1
20140615,22
20140616,37
20140617,32
20140618,37
20140619,43
20140620,36
20140621,1
20140622,7
20140623,28
20140624,37
20140625,37
20140626,48
20140627,33
20140628,1
20140629,12
20140630,44
20140701,46
20140702,52
20140703,35
20140704,18
20140706,19
20140707,28
20140708,43
20140709,43
20140710,55
20140711,37
20140713,10
20140714,59
20140715,60
20140716,56
20140717,44
20140718,26
20140720,8
20140721,26
20140722,41
20140723,39
20140724,33
20140725,24
20140726,2
20140727,13
20140728,37
20140729,45
20140730,51
20140731,34
20140801,27
20140802,2
20140803,22
20140804,26
20140805,33
20140806,26
20140807,36
20140808,26
20140810,9
20140811,16
20140812,28
20140813,54
20140814,30
20140815,21
20140817,3
20140818,19
20140819,23
20140820,27
20140821,38
20140822,39
20140823,3
20140824,3
20140825,24
20140826,22
20140827,31
20140828,49
20140829,22
20140830,2
20140831,3
20140901,14
20140902,37
20140903,55
20140904,56
20140905,33
20140907,24
20140908,33
20140909,44
20140910,38
20140911,45
20140912,27
20140913,2
20140914,9
20140915,36
20140916,48
20140917,49
20140918,38
20140919,31
20140920,1
20140921,26
20140922,38
20140923,21
20140924,34
20140925,35
20140926,28
20140927,3
20140928,10
20140929,46
20140930,35
20141001,38
20141002,35
20141003,39
20141005,20
20141006,22
20141007,29
20141008,40
20141009,38
20141010,30
20141011,9
20141012,17
20141013,29
20141014,55
20141015,40
20141016,42
20141017,43
20141019,12
20141020,38
20141021,36
20141022,30
20141023,38
20141024,28
20141025,1
20141026,21
20141027,52
20141028,55
20141029,52
20141030,32
20141031,45
20141101,2
20141102,15
20141103,43
20141104,36
20141105,47
20141106,50
20141107,33
20141108,2
20141109,26
20141110,35
20141111,24
20141112,38
20141113,35
20141114,27
20141116,5
20141117,41
20141118,26
20141119,35
20141120,47
20141121,45
20141122,3
20141123,13
20141124,24
20141125,39
20141126,19
20141127,17
20141128,20
20141129,1
20141130,9
20141201,26
20141202,30
20141203,35
20141204,44
20141205,27
20141206,1
20141207,15
20141208,37
20141209,38
20141210,35
20141211,47
20141212,29
20141213,2
20141214,20
20141215,28
20141216,41
20141217,31
20141218,35
20141219,27
20141220,1
20141221,9
20141222,26
20141223,19
20141224,14
20141225,6
20141226,15
20141227,3
20141228,7
20141229,9
20141230,16
20141231,8
20150101,5
20150102,9
20150103,2
20150104,8
20150105,45
20150106,30
20150107,29
20150108,34
20150109,24
20150111,8
20150112,29
20150113,33
20150114,45
20150115,61
20150116,42
20150117,3
20150118,4
20150119,28
20150120,45
20150121,51
20150122,51
20150123,35
20150124,5
20150125,5
20150126,22
20150127,32
20150128,38
20150129,42
20150130,28
20150131,4
20150201,24
20150202,43
20150203,41
20150204,44
20150205,46
20150206,36
20150207,1
20150208,25
20150209,36
20150210,33
20150211,32
20150212,49
20150213,21
20150214,2
20150215,4
20150216,14
20150217,27
20150218,36
20150219,31
20150220,27
20150222,5
20150223,28
20150224,57
20150225,50
20150226,49
20150227,40
20150228,3
20150301,19
20150302,39
20150303,51
20150304,62
20150305,43
20150306,30
20150307,1
20150308,14
20150309,21
20150310,35
20150311,42
20150312,43
20150313,28
20150314,2
20150315,11
20150316,38
20150317,43
20150318,49
20150319,35
20150320,26
20150321,5
20150322,9
20150323,23
20150324,48
20150325,34
20150326,36
20150327,25
20150328,1
20150329,4
20150330,38
20150331,50
20150401,41
20150402,28
20150403,10
20150404,2
20150405,7
20150406,31
20150407,24
20150408,38
20150409,28
20150410,25
20150411,2
20150412,25
20150413,29
20150414,54
20150415,53
20150416,34
20150417,23
20150418,4
20150419,16
20150420,44
20150421,38
20150422,35
20150423,29
20150424,25
20150426,9
20150427,23
20150428,38
20150429,33
20150430,38
