20050103,9
20050104,7
20050105,9
20050106,11
20050107,9
20050108,1
20050109,2
20050110,13
20050111,5
20050112,5
20050113,11
20050114,9
20050116,1
20050117,8
20050118,8
20050119,10
20050120,14
20050121,17
20050123,2
20050124,9
20050125,9
20050126,9
20050127,10
20050128,11
20050131,13
20050201,10
20050202,8
20050203,11
20050204,9
20050207,8
20050208,13
20050209,7
20050210,10
20050211,11
20050214,9
20050215,12
20050216,7
20050217,12
20050218,13
20050221,2
20050222,15
20050223,14
20050224,6
20050225,10
20050228,9
20050301,13
20050302,14
20050303,9
20050304,17
20050306,1
20050307,7
20050308,12
20050309,9
20050310,10
20050311,11
20050314,10
20050315,14
20050316,12
20050317,12
20050318,11
20050321,9
20050322,26
20050323,8
20050324,13
20050325,8
20050327,2
20050328,10
20050329,10
20050330,10
20050331,12
20050401,23
20050403,2
20050404,13
20050405,13
20050406,8
20050407,10
20050408,7
20050411,12
20050412,9
20050413,16
20050414,11
20050415,12
20050418,12
20050419,7
20050420,14
20050421,11
20050422,16
20050425,14
20050426,6
20050427,9
20050428,9
20050429,13
20050502,8
20050503,15
20050504,9
20050505,9
20050506,8
20050508,1
20050509,10
20050510,13
20050511,12
20050512,12
20050513,9
20050516,22
20050517,14
20050518,12
20050519,11
20050520,9
20050523,12
20050524,12
20050525,3
20050526,12
20050527,11
20050528,1
20050530,4
20050531,10
20050601,16
20050602,18
20050603,18
20050606,13
20050607,12
20050608,12
20050609,10
20050610,14
20050612,2
20050613,14
20050614,13
20050615,8
20050616,20
20050617,10
20050620,16
20050621,11
20050622,12
20050623,15
20050624,11
20050626,1
20050627,11
20050628,11
20050629,11
20050630,23
20050701,16
20050704,1
20050705,15
20050706,12
20050707,15
20050708,17
20050711,9
20050712,10
20050713,11
20050714,10
20050715,7
20050717,1
20050718,11
20050719,15
20050720,13
20050721,11
20050722,15
20050724,1
20050725,10
20050726,10
20050727,14
20050728,10
20050729,13
20050801,10
20050802,9
20050803,9
20050804,13
20050805,9
20050807,3
20050808,9
20050809,13
20050810,12
20050811,11
20050812,16
20050814,2
20050815,14
20050816,7
20050817,15
20050818,11
20050819,17
20050821,1
20050822,11
20050823,12
20050824,8
20050825,13
20050826,12
20050829,11
20050830,9
20050831,12
20050901,14
20050902,10
20050903,1
20050905,1
20050906,12
20050907,12
20050908,13
20050909,13
20050911,3
20050912,10
20050913,10
20050914,8
20050915,15
20050916,12
20050917,6
20050918,2
20050919,13
20050920,10
20050921,9
20050922,14
20050923,12
20050924,4
20050925,2
20050926,14
20050927,10
20050928,12
20050929,9
20050930,16
20051001,7
20051002,1
20051003,10
20051004,8
20051005,9
20051006,9
20051007,10
20051008,6
20051010,4
20051011,7
20051012,10
20051013,12
20051014,10
20051015,9
20051016,3
20051017,14
20051018,11
20051019,15
20051020,19
20051021,11
20051022,6
20051023,2
20051024,8
20051025,9
20051026,9
20051027,8
20051028,12
20051029,4
20051030,1
20051031,15
20051101,8
20051102,7
20051103,10
20051104,11
20051105,6
20051106,1
20051107,5
20051108,11
20051109,11
20051110,12
20051111,9
20051112,6
20051113,2
20051114,6
20051115,8
20051116,10
20051117,12
20051118,12
20051119,5
20051120,3
20051121,13
20051122,9
20051123,9
20051125,10
20051126,5
20051127,2
20051128,8
20051129,12
20051130,10
20051201,10
20051202,8
20051203,5
20051204,1
20051205,3
20051206,10
20051207,11
20051208,8
20051209,12
20051210,7
20051211,1
20051212,5
20051213,9
20051214,10
20051215,10
20051216,12
20051217,9
20051218,1
20051219,8
20051220,15
20051221,13
20051222,8
20051223,10
20051224,4
20051227,6
20051228,8
20051229,12
20051230,8
20051231,6
20060101,2
20060103,14
20060104,4
20060105,11
20060106,13
20060107,5
20060108,1
20060109,8
20060110,15
20060111,5
20060112,9
20060113,9
20060114,6
20060116,10
20060117,14
20060118,13
20060119,10
20060120,10
20060121,10
20060122,1
20060123,12
20060124,11
20060125,8
20060126,7
20060127,13
20060128,8
20060129,1
20060130,10
20060131,11
20060201,9
20060202,9
20060203,10
20060204,4
20060206,7
20060207,10
20060208,13
20060209,14
20060210,11
20060211,2
20060213,7
20060214,15
20060215,12
20060216,11
20060217,8
20060218,4
20060221,11
20060222,11
20060223,12
20060224,16
20060225,3
20060226,1
20060227,12
20060228,10
20060301,10
20060302,12
20060303,13
20060304,6
20060305,2
20060306,8
20060307,13
20060308,11
20060309,14
20060310,11
20060311,6
20060312,3
20060313,13
20060314,11
20060315,11
20060316,14
20060317,8
20060318,6
20060319,1
20060320,10
20060321,9
20060322,7
20060323,6
20060324,16
20060325,6
20060326,2
20060327,8
20060328,14
20060329,11
20060330,12
20060331,14
20060401,9
20060403,18
20060404,14
20060405,6
20060406,7
20060407,10
20060408,9
20060410,15
20060411,8
20060412,10
20060413,8
20060414,7
20060415,4
20060417,14
20060418,19
20060419,21
20060420,10
20060421,11
20060422,9
20060423,1
20060424,14
20060425,7
20060426,8
20060427,9
20060428,14
20060429,4
20060430,2
20060501,8
20060502,9
20060503,9
20060504,7
20060505,14
20060506,6
20060507,3
20060508,10
20060509,14
20060510,16
20060511,8
20060512,11
20060513,3
20060514,1
20060515,14
20060516,12
20060517,8
20060518,10
20060519,9
20060520,8
20060521,1
20060522,18
20060523,9
20060524,9
20060525,12
20060526,9
20060527,3
20060529,4
20060530,8
20060531,20
20060601,9
20060602,9
20060603,7
20060605,11
20060606,10
20060607,17
20060608,16
20060609,14
20060610,6
20060611,1
20060612,8
20060613,13
20060614,8
20060615,14
20060616,12
20060617,3
20060618,1
20060619,12
20060620,7
20060621,11
20060622,12
20060623,11
20060624,8
20060625,3
20060626,3
20060627,11
20060628,10
20060629,12
20060630,13
20060701,5
20060702,2
20060703,17
20060704,4
20060705,12
20060706,15
20060707,10
20060708,6
20060710,11
20060711,12
20060712,7
20060713,10
20060714,13
20060715,8
20060716,1
20060717,7
20060718,8
20060719,15
20060720,16
20060721,10
20060722,1
20060723,1
20060724,9
20060725,12
20060726,7
20060727,15
20060728,16
20060729,2
20060730,2
20060731,11
20060801,11
20060802,14
20060803,12
20060804,12
20060805,6
20060806,3
20060807,4
20060808,8
20060809,9
20060810,10
20060811,16
20060812,6
20060813,1
20060814,6
20060815,8
20060816,7
20060817,7
20060818,10
20060819,3
20060821,11
20060822,10
20060823,12
20060824,7
20060825,12
20060826,5
20060827,3
20060828,8
20060829,11
20060830,17
20060831,10
20060901,12
20060902,2
20060903,1
20060904,1
20060905,7
20060906,12
20060907,5
20060908,13
20060909,5
20060910,2
20060911,15
20060912,9
20060913,9
20060914,10
20060915,14
20060916,5
20060917,1
20060918,10
20060919,12
20060920,20
20060921,16
20060922,18
20060923,3
20060925,13
20060926,6
20060927,14
20060928,17
20060929,11
20060930,2
20061002,10
20061003,13
20061004,7
20061005,11
20061006,11
20061007,5
20061009,10
20061010,12
20061011,8
20061012,12
20061013,13
20061014,7
20061015,1
20061016,6
20061017,15
20061018,8
20061019,12
20061020,11
20061021,9
20061023,8
20061024,16
20061025,10
20061026,16
20061027,14
20061028,7
20061030,13
20061031,15
20061101,11
20061102,16
20061103,16
20061104,2
20061106,10
20061107,8
20061108,7
20061109,11
20061110,11
20061111,2
20061112,1
20061113,13
20061114,16
20061115,17
20061116,10
20061117,13
20061118,2
20061119,2
20061120,12
20061121,14
20061122,9
20061123,3
20061124,11
20061125,3
20061127,9
20061128,9
20061129,14
20061130,5
20061201,10
20061202,6
20061203,2
20061204,16
20061205,15
20061206,7
20061207,8
20061208,13
20061209,9
20061211,7
20061212,13
20061213,12
20061214,13
20061215,14
20061216,5
20061218,8
20061219,16
20061220,11
20061221,4
20061222,9
20061223,1
20061224,1
20061226,4
20061227,4
20061228,9
20061229,9
20061230,1
20061231,2
20070101,3
20070102,13
20070103,10
20070104,10
20070105,10
20070106,3
20070108,7
20070109,11
20070110,9
20070111,9
20070112,12
20070113,4
20070115,2
20070116,14
20070117,15
20070118,18
20070119,14
20070120,8
20070122,13
20070123,13
20070124,14
20070125,11
20070126,11
20070127,5
20070128,3
20070129,7
20070130,16
20070131,7
20070201,9
20070202,10
20070203,6
20070205,9
20070206,10
20070207,11
20070208,6
20070209,14
20070210,8
20070211,2
20070212,5
20070213,9
20070214,11
20070215,8
20070216,12
20070217,2
20070220,6
20070221,15
20070222,11
20070223,12
20070224,4
20070226,11
20070227,3
20070228,7
20070301,11
20070302,8
20070303,10
20070304,1
20070305,9
20070306,11
20070307,9
20070308,10
20070309,16
20070310,2
20070311,1
20070312,11
20070313,14
20070314,10
20070315,12
20070316,8
20070317,4
20070319,10
20070320,12
20070321,21
20070322,13
20070323,13
20070324,5
20070326,12
20070327,15
20070328,16
20070329,6
20070330,12
20070331,7
20070402,12
20070403,7
20070404,11
20070405,9
20070406,11
20070407,1
20070408,1
20070409,10
20070410,9
20070411,16
20070412,8
20070413,16
20070414,7
20070415,1
20070416,14
20070417,10
20070418,14
20070419,12
20070420,12
20070421,4
20070422,1
20070423,10
20070424,7
20070425,14
20070426,12
20070427,18
20070428,5
20070429,3
20070430,11
20070501,8
20070502,11
20070503,11
20070504,10
20070505,6
20070507,13
20070508,14
20070509,14
20070510,9
20070511,16
20070512,5
20070514,6
20070515,14
20070516,15
20070517,15
20070518,14
20070519,4
20070521,20
20070522,6
20070523,15
20070524,12
20070525,4
20070526,4
20070528,2
20070529,7
20070530,12
20070531,15
20070601,7
20070602,9
20070603,2
20070604,11
20070605,13
20070606,15
20070607,13
20070608,12
20070609,8
20070611,20
20070612,12
20070613,12
20070614,12
20070615,10
20070616,6
20070618,3
20070619,12
20070620,5
20070621,8
20070622,12
20070623,6
20070625,8
20070626,7
20070627,15
20070628,13
20070629,13
20070630,6
20070701,3
20070702,19
20070703,7
20070704,4
20070705,8
20070706,15
20070707,2
20070709,9
20070710,9
20070711,9
20070712,8
20070713,16
20070714,6
20070716,3
20070717,11
20070718,11
20070719,16
20070720,9
20070721,6
20070722,1
20070723,13
20070724,10
20070725,6
20070726,7
20070727,6
20070728,1
20070730,14
20070731,5
20070801,8
20070802,11
20070803,15
20070804,5
20070805,1
20070806,16
20070807,9
20070808,8
20070809,10
20070810,15
20070811,7
20070812,2
20070813,15
20070814,11
20070815,18
20070816,9
20070817,18
20070818,4
20070819,2
20070820,11
20070821,16
20070822,18
20070823,19
20070824,21
20070825,5
20070826,1
20070827,7
20070828,9
20070829,10
20070830,11
20070831,10
20070901,8
20070902,2
20070903,1
20070904,7
20070905,13
20070906,18
20070907,18
20070908,3
20070909,2
20070910,17
20070911,16
20070912,13
20070913,15
20070914,10
20070915,4
20070916,1
20070917,8
20070918,14
20070919,10
20070920,14
20070921,15
20070922,4
20070923,3
20070924,6
20070925,9
20070926,13
20070927,14
20070928,13
20070929,6
20071001,11
20071002,12
20071003,16
20071004,21
20071005,18
20071006,7
20071007,1
20071008,5
20071009,13
20071010,12
20071011,14
20071012,15
20071013,3
20071014,1
20071015,16
20071016,21
20071017,19
20071018,11
20071019,18
20071020,8
20071022,14
20071023,18
20071024,14
20071025,13
20071026,16
20071027,3
20071029,7
20071030,14
20071031,22
20071101,18
20071102,20
20071103,6
20071105,15
20071106,18
20071107,13
20071108,15
20071109,17
20071110,4
20071111,2
20071112,9
20071113,11
20071114,17
20071115,16
20071116,8
20071117,4
20071118,1
20071119,15
20071120,16
20071121,12
20071122,6
20071123,12
20071124,6
20071125,1
20071126,16
20071127,13
20071128,11
20071129,18
20071130,15
20071201,10
20071202,1
20071203,13
20071204,10
20071205,9
20071206,12
20071207,14
20071208,7
20071209,1
20071210,15
20071211,14
20071212,15
20071213,11
20071214,18
20071215,7
20071217,12
20071218,8
20071219,20
20071220,13
20071221,22
20071222,6
20071223,1
20071224,7
20071225,3
20071226,9
20071227,10
20071228,11
20071229,5
20071231,6
20080102,13
20080103,16
20080104,12
20080105,7
20080106,1
20080107,7
20080108,15
20080109,14
20080110,15
20080111,27
20080112,6
20080113,1
20080114,13
20080115,18
20080116,20
20080117,14
20080118,25
20080119,4
20080121,8
20080122,23
20080123,28
20080124,21
20080125,15
20080126,8
20080127,1
20080128,15
20080129,22
20080130,23
20080131,21
20080201,11
20080202,5
20080203,1
20080204,8
20080205,14
20080206,19
20080207,13
20080208,17
20080209,3
20080210,1
20080211,14
20080212,14
20080213,11
20080214,15
20080215,10
20080216,8
20080218,3
20080219,16
20080220,13
20080221,13
20080222,16
20080223,3
20080225,7
20080226,20
20080227,17
20080228,17
20080229,16
20080301,6
20080303,15
20080304,19
20080305,16
20080306,22
20080307,12
20080308,5
20080309,1
20080310,17
20080311,22
20080312,19
20080313,15
20080314,24
20080315,12
20080316,6
20080317,25
20080318,25
20080319,24
20080320,17
20080321,13
20080322,8
20080324,10
20080325,16
20080326,12
20080327,12
20080328,11
20080329,9
20080330,1
20080331,16
20080401,20
20080402,12
20080403,27
20080404,20
20080405,3
20080406,1
20080407,13
20080408,26
20080409,19
20080410,15
20080411,20
20080412,6
20080413,1
20080414,13
20080415,19
20080416,11
20080417,27
20080418,29
20080419,4
20080421,21
20080422,20
20080423,20
20080424,17
20080425,10
20080426,4
20080427,1
20080428,6
20080429,8
20080430,13
20080501,10
20080502,15
20080503,3
20080504,1
20080505,10
20080506,14
20080507,21
20080508,22
20080509,21
20080510,6
20080512,12
20080513,19
20080514,19
20080515,13
20080516,12
20080517,3
20080519,6
20080520,13
20080521,11
20080522,12
20080523,12
20080524,8
20080526,3
20080527,9
20080528,17
20080529,19
20080530,19
20080531,5
20080602,12
20080603,17
20080604,14
20080605,14
20080606,22
20080607,5
20080608,1
20080609,12
20080610,23
20080611,18
20080612,17
20080613,15
20080614,7
20080615,2
20080616,12
20080617,21
20080618,9
20080619,20
20080620,17
20080621,7
20080623,14
20080624,16
20080625,18
20080626,20
20080627,27
20080628,10
20080629,1
20080630,17
20080701,24
20080702,17
20080703,14
20080704,7
20080705,8
20080707,9
20080708,14
20080709,19
20080710,21
20080711,11
20080712,5
20080714,15
20080715,18
20080716,24
20080717,27
20080718,22
20080719,5
20080720,2
20080721,11
20080722,26
20080723,21
20080724,20
20080725,16
20080726,5
20080727,2
20080728,13
20080729,11
20080730,14
20080731,13
20080801,16
20080802,5
20080804,11
20080805,19
20080806,11
20080807,13
20080808,11
20080809,5
20080810,1
20080811,12
20080812,17
20080813,11
20080814,12
20080815,11
20080816,5
20080818,8
20080819,12
20080820,10
20080821,15
20080822,16
20080823,9
20080825,7
20080826,12
20080827,18
20080828,11
20080829,10
20080830,6
20080901,4
20080902,7
20080903,13
20080904,17
20080905,14
20080906,7
20080908,20
20080909,16
20080910,18
20080911,21
20080912,20
20080913,9
20080914,3
20080915,28
20080916,45
20080917,35
20080918,36
20080919,38
20080920,12
20080921,4
20080922,18
20080923,24
20080924,22
20080925,16
20080926,21
20080927,16
20080928,2
20080929,16
20080930,26
20081001,28
20081002,20
20081003,26
20081004,7
20081005,1
20081006,14
20081007,20
20081008,24
20081009,26
20081010,21
20081011,13
20081012,1
20081013,17
20081014,23
20081015,33
20081016,24
20081017,22
20081018,12
20081019,1
20081020,9
20081021,14
20081022,19
20081023,15
20081024,13
20081025,9
20081026,1
20081027,13
20081028,14
20081029,15
20081030,25
20081031,19
20081101,6
20081103,12
20081104,11
20081105,21
20081106,16
20081107,17
20081108,7
20081110,13
20081111,17
20081112,19
20081113,15
20081114,11
20081115,15
20081116,3
20081117,11
20081118,14
20081119,11
20081120,18
20081121,19
20081122,12
20081123,2
20081124,18
20081125,13
20081126,18
20081127,2
20081128,7
20081129,9
20081130,3
20081201,10
20081202,23
20081203,13
20081204,19
20081205,24
20081206,6
20081208,15
20081209,12
20081210,19
20081211,12
20081212,11
20081213,5
20081214,2
20081215,14
20081216,15
20081217,19
20081218,18
20081219,17
20081220,13
20081222,14
20081223,13
20081224,11
20081225,1
20081226,13
20081227,5
20081228,1
20081229,11
20081230,12
20081231,21
20090101,1
20090102,14
20090103,9
20090105,7
20090106,10
20090107,12
20090108,14
20090109,18
20090110,5
20090111,2
20090112,6
20090113,22
20090114,26
20090115,17
20090116,19
20090117,10
20090118,2
20090119,5
20090120,13
20090121,21
20090122,16
20090123,21
20090124,7
20090125,2
20090126,7
20090127,19
20090128,19
20090129,24
20090130,15
20090131,3
20090201,1
20090202,11
20090203,18
20090204,13
20090205,13
20090206,16
20090207,6
20090208,2
20090209,11
20090210,20
20090211,18
20090212,18
20090213,19
20090214,6
20090215,1
20090216,3
20090217,9
20090218,22
20090219,15
20090220,19
20090221,4
20090222,1
20090223,16
20090224,17
20090225,15
20090226,16
20090227,16
20090228,10
20090301,1
20090302,11
20090303,12
20090304,15
20090305,5
20090306,19
20090307,5
20090308,2
20090309,17
20090310,13
20090311,21
20090312,12
20090313,22
20090314,10
20090315,1
20090316,16
20090317,19
20090318,13
20090319,21
20090320,23
20090321,7
20090322,1
20090323,14
20090324,19
20090325,16
20090326,14
20090327,16
20090328,8
20090330,7
20090331,5
20090401,10
20090402,19
20090403,14
20090404,9
20090405,1
20090406,10
20090407,15
20090408,13
20090409,15
20090410,11
20090411,3
20090412,2
20090413,13
20090414,15
20090415,17
20090416,13
20090417,16
20090418,5
20090419,1
20090420,12
20090421,18
20090422,16
20090423,14
20090424,19
20090425,7
20090426,2
20090427,13
20090428,13
20090429,18
20090430,10
20090501,17
20090502,9
20090503,1
20090504,8
20090505,17
20090506,23
20090507,14
20090508,14
20090509,7
20090511,17
20090512,19
20090513,14
20090514,16
20090515,13
20090516,7
20090518,12
20090519,9
20090520,14
20090521,13
20090522,15
20090523,6
20090525,3
20090526,15
20090527,6
20090528,11
20090529,12
20090530,5
20090601,13
20090602,14
20090603,20
20090604,10
20090605,10
20090606,5
20090607,1
20090608,7
20090609,11
20090610,15
20090611,10
20090612,9
20090613,3
20090615,18
20090616,21
20090617,10
20090618,10
20090619,15
20090620,3
20090622,7
20090623,12
20090624,19
20090625,14
20090626,18
20090627,7
20090628,2
20090629,12
20090630,13
20090701,14
20090702,10
20090703,6
20090706,5
20090707,6
20090708,8
20090709,11
20090710,14
20090711,2
20090713,13
20090714,10
20090715,13
20090716,12
20090717,17
20090718,5
20090720,12
20090721,10
20090722,17
20090723,10
20090724,15
20090725,4
20090726,1
20090727,11
20090728,7
20090729,18
20090730,21
20090731,9
20090801,3
20090803,9
20090804,8
20090805,5
20090806,14
20090807,18
20090808,4
20090810,8
20090811,7
20090812,12
20090813,17
20090814,13
20090815,3
20090816,1
20090817,12
20090818,11
20090819,10
20090820,12
20090821,8
20090822,5
20090824,15
20090825,14
20090826,16
20090827,8
20090828,14
20090829,2
20090831,10
20090901,12
20090902,15
20090903,8
20090904,13
20090905,6
20090907,2
20090908,2
20090909,15
20090910,9
20090911,14
20090912,6
20090913,1
20090914,17
20090915,13
20090916,19
20090917,21
20090918,19
20090919,6
20090920,2
20090921,10
20090922,8
20090923,14
20090924,11
20090925,18
20090926,2
20090927,2
20090928,10
20090929,16
20090930,11
20091001,18
20091002,12
20091003,2
20091004,1
20091005,20
20091006,16
20091007,19
20091008,9
20091009,12
20091010,4
20091011,3
20091012,6
20091013,12
20091014,18
20091015,18
20091016,13
20091017,6
20091019,14
20091020,12
20091021,19
20091022,19
20091023,16
20091024,3
20091026,7
20091027,12
20091028,11
20091029,8
20091030,14
20091031,5
20091101,2
20091102,8
20091103,18
20091104,11
20091105,17
20091106,15
20091107,4
20091108,3
20091109,10
20091110,14
20091111,17
20091112,13
20091113,17
20091114,4
20091115,2
20091116,10
20091117,17
20091118,17
20091119,20
20091120,15
20091121,2
20091122,5
20091123,18
20091124,16
20091125,16
20091126,7
20091127,15
20091128,3
20091129,1
20091130,22
20091201,16
20091202,17
20091203,26
20091204,17
20091205,4
20091206,2
20091207,11
20091208,19
20091209,17
20091210,10
20091211,18
20091212,6
20091213,2
20091214,15
20091215,18
20091216,24
20091217,27
20091218,13
20091219,4
20091220,1
20091221,14
20091222,7
20091223,14
20091224,10
20091226,4
20091228,11
20091229,9
20091230,14
20091231,13
20100101,2
20100102,5
20100103,2
20100104,17
20100105,14
20100106,13
20100107,15
20100108,13
20100109,7
20100110,1
20100111,9
20100112,22
20100113,23
20100114,16
20100115,19
20100116,9
20100117,3
20100118,3
20100119,18
20100120,20
20100121,26
20100122,23
20100123,9
20100124,2
20100125,16
20100126,18
20100127,24
20100128,17
20100129,14
20100130,6
20100131,2
20100201,14
20100202,17
20100203,15
20100204,27
20100205,17
20100206,5
20100207,5
20100208,16
20100209,14
20100210,24
20100211,18
20100212,15
20100213,2
20100214,2
20100215,2
20100216,10
20100217,22
20100218,14
20100219,15
20100220,10
20100221,3
20100222,23
20100223,14
20100224,13
20100225,17
20100226,20
20100227,6
20100228,5
20100301,19
20100302,16
20100303,17
20100304,20
20100305,14
20100307,1
20100308,16
20100309,15
20100310,20
20100311,14
20100312,18
20100313,10
20100314,4
20100315,17
20100316,12
20100317,23
20100318,19
20100319,15
20100320,7
20100321,1
20100322,17
20100323,12
20100324,14
20100325,21
20100326,14
20100327,5
20100328,1
20100329,16
20100330,11
20100331,9
20100401,21
20100402,11
20100403,3
20100404,2
20100405,12
20100406,9
20100407,15
20100408,16
20100409,12
20100410,4
20100411,1
20100412,14
20100413,11
20100414,12
20100415,10
20100416,15
20100417,8
20100418,4
20100419,17
20100420,19
20100421,17
20100422,17
20100423,15
20100424,9
20100425,2
20100426,14
20100427,15
20100428,15
20100429,17
20100430,17
20100501,5
20100502,2
20100503,10
20100504,12
20100505,16
20100506,14
20100507,21
20100508,8
20100509,6
20100510,23
20100511,17
20100512,16
20100513,23
20100514,14
20100515,9
20100516,1
20100517,10
20100518,10
20100519,14
20100520,12
20100521,9
20100522,9
20100523,3
20100524,15
20100525,25
20100526,14
20100527,17
20100528,12
20100529,9
20100531,1
20100601,9
20100602,13
20100603,8
20100604,11
20100605,5
20100606,1
20100607,5
20100608,22
20100609,18
20100610,20
20100611,15
20100612,7
20100613,2
20100614,15
20100615,11
20100616,13
20100617,18
20100618,13
20100619,10
20100620,4
20100621,26
20100622,19
20100623,11
20100624,12
20100625,19
20100626,11
20100628,17
20100629,18
20100630,21
20100701,15
20100702,13
20100703,5
20100704,1
20100705,3
20100706,20
20100707,19
20100708,14
20100709,12
20100710,8
20100711,1
20100712,9
20100713,13
20100714,16
20100715,15
20100716,19
20100717,7
20100718,1
20100719,9
20100720,13
20100721,20
20100722,20
20100723,21
20100724,9
20100725,2
20100726,9
20100727,15
20100728,21
20100729,20
20100730,13
20100731,5
20100801,3
20100802,13
20100803,22
20100804,14
20100805,15
20100806,14
20100807,5
20100809,15
20100810,16
20100811,18
20100812,17
20100813,14
20100814,6
20100815,3
20100816,16
20100817,15
20100818,20
20100819,16
20100820,12
20100821,5
20100822,3
20100823,10
20100824,15
20100825,10
20100826,14
20100827,9
20100828,10
20100829,2
20100830,12
20100831,12
20100901,23
20100902,17
20100903,9
20100904,6
20100906,5
20100907,21
20100908,16
20100909,11
20100910,14
20100911,9
20100912,2
20100913,19
20100914,12
20100915,25
20100916,19
20100917,12
20100918,8
20100919,1
20100920,13
20100921,23
20100922,15
20100923,15
20100924,16
20100925,8
20100926,4
20100927,21
20100928,19
20100929,26
20100930,15
20101001,20
20101002,7
20101003,3
20101004,19
20101005,17
20101006,24
20101007,18
20101008,27
20101009,9
20101010,1
20101011,20
20101012,19
20101013,26
20101014,16
20101015,22
20101016,8
20101017,3
20101018,15
20101019,27
20101020,25
20101021,19
20101022,14
20101023,8
20101024,3
20101025,18
20101026,17
20101027,21
20101028,19
20101029,19
20101030,6
20101031,2
20101101,19
20101102,23
20101103,15
20101104,25
20101105,23
20101106,12
20101107,3
20101108,16
20101109,20
20101110,19
20101111,13
20101112,17
20101113,5
20101114,3
20101115,16
20101116,32
20101117,27
20101118,22
20101119,17
20101120,10
20101121,1
20101122,19
20101123,18
20101124,15
20101125,6
20101126,3
20101127,6
20101128,2
20101129,18
20101130,19
20101201,24
20101202,27
20101203,19
20101204,7
20101205,1
20101206,20
20101207,16
20101208,24
20101209,17
20101210,20
20101211,7
20101213,20
20101214,14
20101215,17
20101216,17
20101217,14
20101218,5
20101219,2
20101220,22
20101221,30
20101222,16
20101223,13
20101224,6
20101225,1
20101226,1
20101227,13
20101228,10
20101229,25
20101230,15
20101231,5
20110102,2
20110103,17
20110104,14
20110105,16
20110106,13
20110107,17
20110108,11
20110109,2
20110110,11
20110111,19
20110112,19
20110113,17
20110114,17
20110115,10
20110116,1
20110117,6
20110118,11
20110119,27
20110120,22
20110121,19
20110122,11
20110123,1
20110124,22
20110125,18
20110126,14
20110127,18
20110128,18
20110129,7
20110130,3
20110131,14
20110201,21
20110202,18
20110203,23
20110204,18
20110205,14
20110206,1
20110207,10
20110208,17
20110209,16
20110210,19
20110211,16
20110212,6
20110213,1
20110214,26
20110215,22
20110216,16
20110217,22
20110218,11
20110219,6
20110220,2
20110221,6
20110222,13
20110223,16
20110224,17
20110225,20
20110226,7
20110227,4
20110228,23
20110301,14
20110302,27
20110303,16
20110304,20
20110305,6
20110306,1
20110307,19
20110308,14
20110309,14
20110310,16
20110311,23
20110312,8
20110313,2
20110314,22
20110315,18
20110316,18
20110317,21
20110318,24
20110319,7
20110321,22
20110322,14
20110323,14
20110324,17
20110325,17
20110326,3
20110327,2
20110328,17
20110329,16
20110330,18
20110331,20
20110401,30
20110402,5
20110403,2
20110404,20
20110405,21
20110406,17
20110407,23
20110408,14
20110409,3
20110410,4
20110411,16
20110412,18
20110413,20
20110414,15
20110415,14
20110416,10
20110417,2
20110418,18
20110419,11
20110420,25
20110421,20
20110422,11
20110423,7
20110424,1
20110425,18
20110426,13
20110427,17
20110428,15
20110429,16
20110430,4
20110501,4
20110502,15
20110503,14
20110504,12
20110505,28
20110506,18
20110507,8
20110508,2
20110509,12
20110510,15
20110511,18
20110512,18
20110513,12
20110514,6
20110515,2
20110516,28
20110517,23
20110518,17
20110519,19
20110520,23
20110521,4
20110523,25
20110524,20
20110525,23
20110526,19
20110527,16
20110528,8
20110529,1
20110530,4
20110531,14
20110601,19
20110602,30
20110603,18
20110604,6
20110605,2
20110606,12
20110607,16
20110608,20
20110609,19
20110610,27
20110611,8
20110612,3
20110613,23
20110614,18
20110615,23
20110616,23
20110617,20
20110618,5
20110619,2
20110620,24
20110621,14
20110622,18
20110623,13
20110624,18
20110625,6
20110626,2
20110627,14
20110628,24
20110629,31
20110630,31
20110701,18
20110702,8
20110703,2
20110704,5
20110705,18
20110706,23
20110707,22
20110708,16
20110709,7
20110711,10
20110712,13
20110713,17
20110714,18
20110715,17
20110716,8
20110717,3
20110718,9
20110719,17
20110720,14
20110721,15
20110722,21
20110723,5
20110724,1
20110725,13
20110726,15
20110727,20
20110728,21
20110729,17
20110730,6
20110731,2
20110801,14
20110802,17
20110803,22
20110804,29
20110805,36
20110806,14
20110807,5
20110808,27
20110809,27
20110810,19
20110811,20
20110812,24
20110813,10
20110814,1
20110815,17
20110816,19
20110817,19
20110818,22
20110819,16
20110820,5
20110821,2
20110822,11
20110823,19
20110824,21
20110825,20
20110826,23
20110827,8
20110828,2
20110829,18
20110830,16
20110831,16
20110901,24
20110902,27
20110903,9
20110905,4
20110906,27
20110907,26
20110908,22
20110909,23
20110910,8
20110911,2
20110912,19
20110913,20
20110914,24
20110915,26
20110916,21
20110917,6
20110918,2
20110919,26
20110920,22
20110921,34
20110922,30
20110923,27
20110924,8
20110925,1
20110926,26
20110927,22
20110928,18
20110929,20
20110930,17
20111001,7
20111002,4
20111003,23
20111004,21
20111005,22
20111006,23
20111007,25
20111008,7
20111009,2
20111010,14
20111011,32
20111012,14
20111013,19
20111014,19
20111015,12
20111016,2
20111017,28
20111018,26
20111019,24
20111020,27
20111021,16
20111022,6
20111024,15
20111025,11
20111026,21
20111027,18
20111028,21
20111029,3
20111030,2
20111031,19
20111101,18
20111102,25
20111103,17
20111104,15
20111105,9
20111106,2
20111107,25
20111108,19
20111109,19
20111110,19
20111111,14
20111112,8
20111113,1
20111114,11
20111115,23
20111116,22
20111117,31
20111118,15
20111119,10
20111120,3
20111121,17
20111122,17
20111123,11
20111124,6
20111125,9
20111126,4
20111127,1
20111128,22
20111129,19
20111130,18
20111201,23
20111202,16
20111203,9
20111204,1
20111205,19
20111206,9
20111207,25
20111208,19
20111209,17
20111210,5
20111211,1
20111212,22
20111213,14
20111214,22
20111215,23
20111216,15
20111217,4
20111219,22
20111220,10
20111221,18
20111222,12
20111223,14
20111224,7
20111226,1
20111227,10
20111228,19
20111229,10
20111230,16
20111231,6
20120101,1
20120102,2
20120103,20
20120104,20
20120105,21
20120106,16
20120107,11
20120108,2
20120109,23
20120110,21
20120111,20
20120112,23
20120113,21
20120114,5
20120115,1
20120116,4
20120117,23
20120118,28
20120119,22
20120120,18
20120121,10
20120122,1
20120123,19
20120124,27
20120125,26
20120126,16
20120127,14
20120128,9
20120130,16
20120131,12
20120201,20
20120202,20
20120203,21
20120204,8
20120205,1
20120206,16
20120207,16
20120208,23
20120209,21
20120210,17
20120211,6
20120212,1
20120213,14
20120214,14
20120215,22
20120216,23
20120217,15
20120218,7
20120219,2
20120220,5
20120221,18
20120222,19
20120223,14
20120224,16
20120225,6
20120226,2
20120227,19
20120228,28
20120229,30
20120301,22
20120302,12
20120303,1
20120304,5
20120305,18
20120306,20
20120307,20
20120308,17
20120309,14
20120310,4
20120311,4
20120312,12
20120313,20
20120314,25
20120315,21
20120316,18
20120317,1
20120318,5
20120319,19
20120320,15
20120321,17
20120322,13
20120323,21
20120324,3
20120325,5
20120326,19
20120327,17
20120328,15
20120329,17
20120330,18
20120401,4
20120402,16
20120403,17
20120404,17
20120405,19
20120406,6
20120407,1
20120408,2
20120409,10
20120410,12
20120411,10
20120412,20
20120413,17
20120414,1
20120415,3
20120416,29
20120417,22
20120418,24
20120419,23
20120420,13
20120421,3
20120422,6
20120423,21
20120424,24
20120425,9
20120426,25
20120427,12
20120428,2
20120429,6
20120430,15
20120501,29
20120502,15
20120503,29
20120504,19
20120505,1
20120506,12
20120507,22
20120508,17
20120509,19
20120510,32
20120511,24
20120512,1
20120513,9
20120514,31
20120515,23
20120516,29
20120517,25
20120518,26
20120519,1
20120520,6
20120521,19
20120522,22
20120523,16
20120524,29
20120525,24
20120526,1
20120527,3
20120528,5
20120529,17
20120530,30
20120531,20
20120601,26
20120603,4
20120604,20
20120605,11
20120606,25
20120607,20
20120608,22
20120610,4
20120611,19
20120612,27
20120613,25
20120614,21
20120615,22
20120616,2
20120617,10
20120618,27
20120619,29
20120620,20
20120621,24
20120622,9
20120624,5
20120625,21
20120626,23
20120627,18
20120628,21
20120629,28
20120701,3
20120702,21
20120703,19
20120704,11
20120705,17
20120706,11
20120707,1
20120708,2
20120709,18
20120710,18
20120711,20
20120712,28
20120713,31
20120714,3
20120715,4
20120716,34
20120717,26
20120718,29
20120719,18
20120720,13
20120721,2
20120722,6
20120723,22
20120724,20
20120725,16
20120726,26
20120727,20
20120728,1
20120729,6
20120730,22
20120731,16
20120801,17
20120802,25
20120803,26
20120805,4
20120806,20
20120807,30
20120808,19
20120809,30
20120810,25
20120811,1
20120812,6
20120813,17
20120814,23
20120815,29
20120816,25
20120817,23
20120818,1
20120819,5
20120820,22
20120821,17
20120822,14
20120823,19
20120824,19
20120825,1
20120826,6
20120827,22
20120828,22
20120829,19
20120830,23
20120831,17
20120901,2
20120902,2
20120903,7
20120904,21
20120905,23
20120906,19
20120907,22
20120909,5
20120910,18
20120911,14
20120912,21
20120913,21
20120914,34
20120916,4
20120917,22
20120918,18
20120919,19
20120920,23
20120921,23
20120922,2
20120923,6
20120924,15
20120925,22
20120926,19
20120927,21
20120928,16
20120929,1
20120930,4
20121001,18
20121002,19
20121003,15
20121004,23
20121005,20
20121007,4
20121008,20
20121009,19
20121010,25
20121011,27
20121012,20
20121013,3
20121014,6
20121015,27
20121016,27
20121017,22
20121018,19
20121019,19
20121021,7
20121022,13
20121023,19
20121024,23
20121025,27
20121026,22
20121027,3
20121028,6
20121029,33
20121030,27
20121031,10
20121101,20
20121102,28
20121104,4
20121105,18
20121106,17
20121107,12
20121108,19
20121109,18
20121111,5
20121112,22
20121113,14
20121114,18
20121115,18
20121116,27
20121118,6
20121119,17
20121120,21
20121121,22
20121122,8
20121123,12
20121125,4
20121126,23
20121127,27
20121128,15
20121129,20
20121130,16
20121201,1
20121202,6
20121203,26
20121204,18
20121205,14
20121206,23
20121207,11
20121209,3
20121210,19
20121211,13
20121212,20
20121213,31
20121214,19
20121215,1
20121216,8
20121217,21
20121218,13
20121219,22
20121220,24
20121221,13
20121223,4
20121224,7
20121225,4
20121226,8
20121227,8
20121228,7
20121229,2
20121230,6
20121231,5
20130101,9
20130102,6
20130103,12
20130104,14
20130105,2
20130106,3
20130107,14
20130108,14
20130109,18
20130110,27
20130111,20
20130112,2
20130113,6
20130114,16
20130115,23
20130116,22
20130117,25
20130118,27
20130119,2
20130120,3
20130121,8
20130122,23
20130123,27
20130124,15
20130125,21
20130126,1
20130127,5
20130128,12
20130129,22
20130130,18
20130131,23
20130201,19
20130202,1
20130203,5
20130204,21
20130205,13
20130206,14
20130207,22
20130208,15
20130211,23
20130212,21
20130213,15
20130214,20
20130215,17
20130216,1
20130217,2
20130218,6
20130219,15
20130220,23
20130221,25
20130222,21
20130224,14
20130225,23
20130226,17
20130227,18
20130228,22
20130301,18
20130303,3
20130304,19
20130305,21
20130306,23
20130307,19
20130308,13
20130310,3
20130311,16
20130312,15
20130313,20
20130314,27
20130315,30
20130317,7
20130318,17
20130319,18
20130320,25
20130321,21
20130322,19
20130323,2
20130324,8
20130325,18
20130326,18
20130327,25
20130328,19
20130329,13
20130330,3
20130331,8
20130401,11
20130402,14
20130403,20
20130404,19
20130405,27
20130406,1
20130407,7
20130408,20
20130409,18
20130410,24
20130411,22
20130412,28
20130414,8
20130415,26
20130416,26
20130417,36
20130418,28
20130419,15
20130420,1
20130421,4
20130422,14
20130423,15
20130424,17
20130425,20
20130426,24
20130428,7
20130429,20
20130430,21
20130501,23
20130502,26
20130503,24
20130504,3
20130505,5
20130506,20
20130507,24
20130508,27
20130509,22
20130510,31
20130511,2
20130512,5
20130513,14
20130514,26
20130515,23
20130516,15
20130517,22
20130518,1
20130519,2
20130520,15
20130521,28
20130522,29
20130523,31
20130524,12
20130527,9
20130528,18
20130529,24
20130530,18
20130531,19
20130601,2
20130602,4
20130603,14
20130604,22
20130605,9
20130606,26
20130607,20
20130609,9
20130610,14
20130611,25
20130612,25
20130613,26
20130614,18
20130615,1
20130616,8
20130617,22
20130618,1
20130619,22
20130620,25
20130621,19
20130622,2
20130623,6
20130624,29
20130625,23
20130626,14
20130627,20
20130628,22
20130629,1
20130630,4
20130701,16
20130702,22
20130703,15
20130704,9
20130705,10
20130707,11
20130708,19
20130709,21
20130710,23
20130711,21
20130712,14
20130714,6
20130715,28
20130716,24
20130717,31
20130718,19
20130719,16
20130720,1
20130721,13
20130722,12
20130723,15
20130724,15
20130725,18
20130726,25
20130727,1
20130728,6
20130729,17
20130730,17
20130731,19
20130801,13
20130802,15
20130803,1
20130804,1
20130805,16
20130806,18
20130807,19
20130808,17
20130809,22
20130811,6
20130812,13
20130813,16
20130814,20
20130815,23
20130816,15
20130817,2
20130818,11
20130819,23
20130820,24
20130821,19
20130822,20
20130823,22
20130824,1
20130825,5
20130826,14
20130827,15
20130828,12
20130829,14
20130830,6
20130831,2
20130901,1
20130902,10
20130903,12
20130904,17
20130905,19
20130906,13
20130908,8
20130909,17
20130910,20
20130911,15
20130912,25
20130913,22
20130914,2
20130915,11
20130916,26
20130917,19
20130918,27
20130919,22
20130920,20
20130921,2
20130922,9
20130923,32
20130924,23
20130925,25
20130926,16
20130927,23
20130928,2
20130929,8
20130930,20
20131001,18
20131002,15
20131003,18
20131004,16
20131005,1
20131006,11
20131007,12
20131008,15
20131009,19
20131010,14
20131011,16
20131012,2
20131013,4
20131014,12
20131015,20
20131016,24
20131017,14
20131018,12
20131019,2
20131020,4
20131021,15
20131022,14
20131023,21
20131024,16
20131025,13
20131027,9
20131028,14
20131029,16
20131030,20
20131031,15
20131101,15
20131103,7
20131104,16
20131105,18
20131106,33
20131107,28
20131108,18
20131109,1
20131110,10
20131111,14
20131112,27
20131113,31
20131114,19
20131115,17
20131116,3
20131117,3
20131118,15
20131119,30
20131120,25
20131121,15
20131122,9
20131124,3
20131125,12
20131126,17
20131127,15
20131128,8
20131129,11
20131130,1
20131201,4
20131202,17
20131203,19
20131204,22
20131205,25
20131206,21
20131207,1
20131208,4
20131209,23
20131210,19
20131211,19
20131212,19
20131213,17
20131215,5
20131216,19
20131217,27
20131218,28
20131219,25
20131220,13
20131221,2
20131222,5
20131223,12
20131224,6
20131225,3
20131226,6
20131227,11
20131228,1
20131229,3
20131230,11
20131231,10
20140101,5
20140102,10
20140103,16
20140104,3
20140105,7
20140106,18
20140107,24
20140108,22
20140109,26
20140110,17
20140111,3
20140112,2
20140113,21
20140114,24
20140115,18
20140116,18
20140117,20
20140118,3
20140119,2
20140120,10
20140121,21
20140122,11
20140123,20
20140124,17
20140126,7
20140127,18
20140128,36
20140129,25
20140130,21
20140131,23
20140202,9
20140203,16
20140204,18
20140205,16
20140206,20
20140207,19
20140209,8
20140210,21
20140211,24
20140212,19
20140213,28
20140214,19
20140216,2
20140217,13
20140218,31
20140219,14
20140220,23
20140221,24
20140223,6
20140224,16
20140225,26
20140226,26
20140227,24
20140228,22
20140302,5
20140303,19
20140304,16
20140305,21
20140306,30
20140307,24
20140308,1
20140309,2
20140310,21
20140311,19
20140312,17
20140313,17
20140314,12
20140316,7
20140317,20
20140318,20
20140319,26
20140320,27
20140321,22
20140323,4
20140324,16
20140325,20
20140326,28
20140327,24
20140328,18
20140329,2
20140330,4
20140331,24
20140401,19
20140402,17
20140403,16
20140404,21
20140405,2
20140406,3
20140407,25
20140408,23
20140409,21
20140410,17
20140411,13
20140412,1
20140413,4
20140414,21
20140415,25
20140416,31
20140417,21
20140418,9
20140419,1
20140420,4
20140421,13
20140422,20
20140423,22
20140424,17
20140425,22
20140426,1
20140427,6
20140428,18
20140429,25
20140430,23
20140501,24
20140502,20
20140503,1
20140504,4
20140505,21
20140506,21
20140507,17
20140508,20
20140509,23
20140510,3
20140511,5
20140512,12
20140513,24
20140514,19
20140515,20
20140516,11
20140517,1
20140518,3
20140519,20
20140520,30
20140521,30
20140522,22
20140523,12
20140524,1
20140525,3
20140526,6
20140527,18
20140528,21
20140529,13
20140530,14
20140531,2
20140601,3
20140602,17
20140603,15
20140604,17
20140605,23
20140606,22
20140607,1
20140608,7
20140609,23
20140610,10
20140611,26
20140612,20
20140613,7
20140614,1
20140615,13
20140616,26
20140617,28
20140618,19
20140619,17
20140620,20
20140622,6
20140623,19
20140624,25
20140625,19
20140626,29
20140627,18
20140629,4
20140630,35
20140701,34
20140702,17
20140703,15
20140704,5
20140706,3
20140707,17
20140708,25
20140709,20
20140710,23
20140711,14
20140713,9
20140714,25
20140715,16
20140716,20
20140717,15
20140718,13
20140720,5
20140721,12
20140722,16
20140723,18
20140724,19
20140725,17
20140726,1
20140727,1
20140728,15
20140729,20
20140730,27
20140731,21
20140801,17
20140802,1
20140803,9
20140804,10
20140805,16
20140806,19
20140807,17
20140808,9
20140810,3
20140811,9
20140812,16
20140813,28
20140814,19
20140815,13
20140816,2
20140817,3
20140818,17
20140819,13
20140820,23
20140821,27
20140822,17
20140824,3
20140825,16
20140826,16
20140827,9
20140828,29
20140829,18
20140831,2
20140901,4
20140902,27
20140903,16
20140904,22
20140905,17
20140906,2
20140907,5
20140908,18
20140909,22
20140910,24
20140911,17
20140912,14
20140913,2
20140914,6
20140915,30
20140916,20
20140917,22
20140918,21
20140919,17
20140921,13
20140922,19
20140923,18
20140924,21
20140925,24
20140926,20
20140928,11
20140929,25
20140930,22
20141001,23
20141002,19
20141003,15
20141004,1
20141005,5
20141006,18
20141007,21
20141008,25
20141009,28
20141010,22
20141012,10
20141013,15
20141014,14
20141015,18
20141016,18
20141017,25
20141019,6
20141020,23
20141021,23
20141022,19
20141023,22
20141024,18
20141026,6
20141027,19
20141028,20
20141029,26
20141030,21
20141031,26
20141102,7
20141103,26
20141104,11
20141105,14
20141106,18
20141107,17
20141109,9
20141110,17
20141111,15
20141112,21
20141113,26
20141114,19
20141116,3
20141117,18
20141118,22
20141119,22
20141120,28
20141121,27
20141122,1
20141123,7
20141124,18
20141125,20
20141126,13
20141127,7
20141128,13
20141129,1
20141130,7
20141201,22
20141202,23
20141203,19
20141204,22
20141205,15
20141207,9
20141208,33
20141209,27
20141210,23
20141211,22
20141212,18
20141213,1
20141214,8
20141215,23
20141216,32
20141217,25
20141218,22
20141219,14
20141220,1
20141221,6
20141222,13
20141223,12
20141224,5
20141225,3
20141226,4
20141228,3
20141229,10
20141230,10
20141231,8
20150101,8
20150102,7
20150103,2
20150104,7
20150105,21
20150106,13
20150107,17
20150108,19
20150109,19
20150111,6
20150112,13
20150113,12
20150114,23
20150115,25
20150116,25
20150118,2
20150119,8
20150120,28
20150121,22
20150122,23
20150123,30
20150124,1
20150125,4
20150126,21
20150127,21
20150128,22
20150129,14
20150130,18
20150131,1
20150201,6
20150202,15
20150203,18
20150204,20
20150205,23
20150206,16
20150208,8
20150209,18
20150210,15
20150211,22
20150212,20
20150213,3
20150214,2
20150215,2
20150216,8
20150217,19
20150218,26
20150219,20
20150220,15
20150222,6
20150223,16
20150224,21
20150225,22
20150226,30
20150227,23
20150228,1
20150301,3
20150302,20
20150303,25
20150304,34
20150305,26
20150306,19
20150307,1
20150308,6
20150309,25
20150310,17
20150311,24
20150312,27
20150313,19
20150314,2
20150315,4
20150316,16
20150317,24
20150318,20
20150319,24
20150320,17
20150321,1
20150322,6
20150323,16
20150324,19
20150325,22
20150326,17
20150327,17
20150329,1
20150330,17
20150331,27
20150401,25
20150402,21
20150403,9
20150404,1
20150405,5
20150406,28
20150407,16
20150408,19
20150409,13
20150410,14
20150411,1
20150412,8
20150413,13
20150414,24
20150415,18
20150416,25
20150417,11
20150418,2
20150419,7
20150420,33
20150421,21
20150422,28
20150423,31
20150424,17
20150425,1
20150426,7
20150427,11
20150428,19
20150429,18
20150430,22
