20050125,1
20050216,1
20050302,1
20050412,1
20050520,1
20050524,1
20050707,1
20050708,1
20050713,1
20050722,1
20050726,1
20051004,1
20051010,2
20051014,1
20051021,1
20051115,1
20051201,1
20051202,1
20051214,1
20051217,1
20051219,1
20060104,1
20060222,1
20060322,1
20060404,1
20060419,1
20060505,1
20060519,1
20060707,1
20060712,1
20061012,1
20061025,1
20061214,1
20070105,1
20070207,1
20070208,1
20070213,1
20070216,1
20070228,2
20070418,1
20070730,1
20070807,1
20070927,1
20080116,1
20080122,1
20080125,1
20080129,1
20080212,1
20080214,1
20080215,1
20080219,1
20080220,1
20080221,1
20080222,2
20080223,1
20080227,1
20080228,1
20080229,1
20080303,2
20080305,1
20080306,1
20080307,1
20080310,1
20080313,1
20080315,1
20080320,1
20080326,1
20080409,1
20080410,2
20080416,1
20080417,1
20080422,1
20080423,1
20080430,1
20080509,1
20080510,1
20080519,1
20080606,1
20080607,1
20080710,1
20080717,1
20080721,1
20080731,1
20080813,2
20080922,1
20080923,1
20081106,1
20090311,1
20090402,1
20090416,1
20090421,1
20090504,1
20090508,1
20090512,1
20090515,2
20090516,1
20090526,1
20090610,1
20090622,1
20090701,1
20090702,1
20090715,1
20090717,2
20090928,1
20090929,1
20091005,1
20091007,1
20091103,1
20091125,1
20091207,1
20100108,1
20100109,1
20100111,1
20100113,2
20100114,1
20100116,1
20100119,1
20100124,1
20100126,1
20100127,3
20100130,1
20100421,1
20100422,2
20100423,2
20100429,1
20100503,1
20100605,1
20100702,1
20100713,1
20100722,1
20100804,1
20100816,1
20100818,1
20101005,1
20101014,1
20101021,1
20101028,1
20101118,1
20101206,1
20101217,1
20101226,1
20110121,1
20110127,1
20110131,1
20110223,1
20110328,1
20110408,1
20110419,1
20110518,1
20110607,1
20110610,1
20110629,1
20110721,1
20110728,1
20110729,1
20111010,1
20111213,1
20120126,1
20120223,1
20120416,2
20120430,1
20120503,1
20120611,1
20120629,1
20120717,1
20120802,1
20120803,2
20121017,1
20121123,1
20121125,2
20121204,2
20121217,1
20130124,1
20130328,1
20130507,2
20130516,1
20130613,1
20130623,1
20130802,2
20130804,1
20130805,1
20130807,1
20130814,1
20131017,2
20131029,1
20131115,2
20131201,1
20131202,1
20131210,1
20131223,1
20131224,1
20140113,1
20140123,1
20140218,1
20140221,1
20140224,1
20140228,1
20140320,1
20140327,5
20140402,1
20140417,1
20140504,1
20140515,1
20140601,1
20140602,1
20140707,1
20140708,1
20140710,1
20140730,4
20140812,1
20140818,1
20140819,1
20140924,2
20140930,1
20141003,1
20141016,1
20141123,1
20150105,1
20150108,1
20150129,1
20150203,1
20150211,1
20150304,1
20150305,1
20150306,1
20150423,3
