20050102,1
20050103,4
20050104,3
20050105,3
20050106,6
20050107,6
20050109,1
20050110,8
20050111,4
20050112,5
20050113,6
20050114,5
20050117,6
20050118,6
20050119,1
20050120,9
20050121,4
20050123,2
20050124,5
20050125,3
20050126,6
20050127,7
20050128,11
20050131,2
20050201,1
20050202,8
20050203,2
20050204,5
20050206,3
20050207,3
20050208,2
20050209,10
20050210,5
20050211,7
20050213,1
20050214,5
20050215,5
20050216,6
20050217,7
20050218,7
20050220,2
20050221,2
20050222,8
20050223,10
20050224,4
20050225,4
20050227,2
20050228,7
20050301,1
20050302,8
20050303,4
20050304,9
20050306,1
20050307,7
20050308,9
20050309,8
20050310,6
20050311,8
20050313,3
20050314,8
20050315,10
20050316,10
20050317,11
20050318,6
20050320,4
20050321,5
20050322,5
20050323,2
20050324,6
20050325,6
20050328,7
20050329,1
20050330,5
20050331,4
20050401,4
20050403,1
20050404,5
20050405,4
20050406,7
20050407,3
20050408,7
20050410,1
20050411,3
20050412,6
20050413,4
20050414,4
20050415,6
20050417,1
20050418,3
20050419,3
20050420,3
20050421,3
20050422,8
20050424,1
20050425,7
20050426,5
20050427,8
20050428,8
20050429,8
20050501,2
20050502,2
20050503,3
20050504,9
20050505,6
20050506,4
20050508,2
20050509,8
20050510,6
20050511,5
20050512,3
20050513,2
20050515,2
20050516,7
20050517,4
20050518,6
20050519,5
20050520,4
20050522,2
20050523,7
20050525,2
20050526,4
20050527,6
20050529,1
20050531,6
20050601,4
20050602,3
20050603,10
20050605,1
20050606,5
20050607,6
20050608,6
20050609,4
20050610,7
20050612,2
20050613,8
20050614,5
20050615,9
20050616,8
20050617,4
20050619,2
20050620,5
20050621,5
20050622,6
20050623,3
20050624,7
20050626,2
20050627,2
20050628,8
20050629,6
20050630,3
20050701,6
20050702,1
20050703,2
20050705,4
20050706,3
20050707,5
20050708,3
20050710,2
20050711,2
20050712,6
20050713,3
20050714,5
20050715,4
20050717,2
20050718,8
20050719,5
20050720,6
20050721,4
20050722,11
20050724,2
20050725,4
20050726,3
20050727,5
20050728,1
20050729,8
20050731,1
20050801,5
20050802,3
20050803,3
20050804,5
20050805,6
20050807,1
20050808,3
20050809,5
20050810,9
20050811,5
20050812,3
20050814,1
20050815,6
20050816,3
20050817,6
20050818,1
20050819,9
20050821,1
20050822,2
20050823,2
20050824,7
20050825,4
20050826,6
20050829,4
20050830,4
20050831,5
20050901,3
20050902,3
20050903,1
20050904,1
20050905,1
20050906,3
20050907,7
20050908,9
20050909,7
20050911,2
20050912,3
20050913,6
20050914,14
20050915,10
20050916,9
20050917,3
20050918,1
20050919,2
20050920,5
20050921,3
20050922,5
20050923,6
20050924,4
20050926,7
20050927,7
20050928,5
20050929,5
20050930,5
20051001,4
20051002,1
20051003,11
20051004,6
20051005,5
20051006,7
20051007,6
20051008,3
20051009,2
20051010,2
20051011,1
20051012,8
20051013,2
20051014,8
20051015,3
20051016,3
20051017,6
20051018,4
20051019,6
20051020,2
20051021,11
20051022,3
20051023,1
20051024,4
20051025,5
20051026,10
20051027,4
20051028,4
20051029,4
20051031,8
20051101,4
20051102,10
20051103,5
20051104,10
20051105,2
20051106,2
20051107,5
20051108,3
20051109,7
20051110,10
20051111,5
20051112,4
20051113,1
20051114,2
20051115,4
20051116,6
20051117,8
20051118,3
20051119,5
20051120,3
20051121,5
20051122,5
20051123,6
20051125,6
20051126,1
20051127,1
20051128,4
20051129,4
20051130,8
20051201,2
20051202,8
20051203,5
20051204,1
20051205,5
20051206,4
20051207,4
20051208,5
20051209,9
20051210,3
20051211,1
20051212,7
20051213,5
20051214,9
20051215,4
20051216,7
20051217,3
20051218,2
20051219,9
20051220,5
20051221,3
20051222,4
20051223,6
20051224,2
20051225,1
20051227,3
20051228,5
20051229,2
20051230,5
20051231,3
20060101,1
20060103,4
20060104,4
20060105,6
20060106,5
20060107,6
20060108,1
20060109,4
20060110,3
20060111,6
20060112,4
20060113,7
20060114,1
20060116,5
20060117,3
20060118,6
20060119,2
20060120,1
20060121,3
20060123,3
20060124,6
20060125,6
20060126,6
20060127,7
20060128,4
20060130,3
20060131,7
20060201,4
20060202,2
20060203,7
20060204,5
20060206,3
20060207,4
20060208,6
20060209,4
20060210,7
20060211,2
20060213,1
20060214,4
20060215,3
20060216,4
20060217,7
20060218,5
20060219,3
20060220,1
20060221,2
20060222,5
20060223,4
20060224,7
20060225,1
20060227,5
20060228,6
20060301,8
20060302,4
20060303,4
20060304,5
20060306,3
20060307,7
20060308,10
20060309,6
20060310,6
20060311,3
20060313,8
20060314,8
20060315,7
20060316,8
20060317,9
20060318,7
20060319,2
20060320,4
20060321,4
20060322,6
20060323,6
20060324,5
20060325,2
20060326,1
20060327,4
20060328,5
20060329,6
20060330,3
20060331,6
20060401,1
20060402,1
20060403,4
20060404,4
20060405,3
20060406,5
20060407,7
20060408,3
20060410,5
20060411,6
20060412,7
20060413,4
20060414,1
20060415,2
20060417,8
20060418,5
20060419,6
20060420,5
20060421,9
20060422,3
20060423,1
20060424,5
20060425,3
20060426,5
20060427,5
20060428,6
20060429,2
20060501,3
20060502,1
20060503,5
20060504,2
20060505,5
20060506,1
20060508,2
20060509,4
20060510,5
20060511,5
20060512,9
20060513,1
20060515,2
20060516,5
20060517,5
20060518,7
20060519,6
20060520,3
20060521,1
20060522,9
20060523,7
20060524,6
20060525,5
20060526,10
20060527,4
20060528,2
20060530,6
20060531,6
20060601,7
20060602,5
20060603,2
20060604,1
20060605,8
20060606,6
20060607,4
20060608,2
20060609,7
20060610,1
20060611,1
20060612,8
20060613,8
20060614,9
20060615,12
20060616,18
20060617,4
20060619,7
20060620,2
20060621,5
20060622,7
20060623,5
20060624,1
20060625,1
20060626,6
20060627,1
20060628,12
20060629,4
20060630,6
20060701,4
20060703,7
20060704,1
20060705,5
20060706,5
20060707,7
20060708,2
20060709,1
20060710,3
20060711,3
20060712,8
20060713,3
20060714,8
20060715,3
20060716,1
20060717,2
20060718,3
20060719,9
20060720,6
20060721,7
20060722,2
20060723,1
20060724,2
20060725,7
20060726,4
20060727,7
20060728,6
20060729,2
20060730,1
20060731,1
20060801,2
20060802,7
20060803,5
20060804,7
20060805,6
20060806,1
20060807,6
20060808,6
20060809,2
20060810,6
20060811,8
20060812,4
20060813,1
20060814,3
20060815,8
20060816,6
20060817,4
20060818,4
20060819,2
20060820,2
20060821,4
20060822,8
20060823,9
20060824,7
20060825,4
20060826,4
20060827,1
20060828,4
20060829,5
20060830,5
20060831,4
20060901,4
20060902,2
20060903,3
20060904,1
20060905,8
20060906,5
20060907,5
20060908,6
20060909,3
20060910,1
20060911,2
20060912,7
20060913,9
20060914,9
20060915,9
20060916,6
20060917,1
20060918,4
20060919,4
20060920,12
20060921,3
20060922,10
20060923,3
20060925,8
20060926,6
20060927,4
20060928,3
20060929,10
20060930,2
20061002,3
20061003,9
20061004,14
20061005,5
20061006,6
20061007,3
20061008,1
20061009,3
20061010,5
20061011,5
20061012,8
20061013,3
20061014,3
20061015,1
20061016,5
20061017,4
20061018,5
20061019,6
20061020,1
20061021,1
20061022,1
20061023,2
20061024,2
20061025,12
20061026,5
20061027,4
20061028,2
20061030,3
20061031,2
20061101,4
20061102,6
20061103,9
20061104,3
20061105,1
20061106,6
20061107,7
20061108,3
20061109,2
20061110,4
20061111,2
20061113,4
20061114,7
20061115,3
20061116,4
20061117,5
20061118,3
20061120,6
20061122,7
20061123,2
20061124,7
20061125,3
20061127,6
20061128,7
20061129,5
20061130,4
20061201,12
20061202,5
20061203,1
20061204,4
20061205,7
20061206,5
20061207,5
20061208,11
20061209,5
20061210,1
20061211,3
20061212,7
20061213,6
20061214,7
20061215,10
20061216,6
20061217,1
20061218,5
20061219,5
20061220,4
20061221,9
20061222,6
20061223,2
20061224,1
20061226,1
20061227,10
20061228,6
20061229,5
20061230,2
20070102,9
20070103,7
20070104,8
20070105,9
20070106,4
20070107,1
20070108,7
20070109,4
20070110,4
20070111,4
20070112,4
20070113,3
20070116,5
20070117,4
20070118,9
20070119,10
20070120,4
20070122,3
20070123,6
20070124,2
20070125,5
20070126,4
20070127,3
20070129,4
20070130,3
20070131,7
20070201,5
20070202,7
20070203,2
20070204,1
20070205,3
20070206,7
20070207,7
20070208,4
20070209,7
20070210,3
20070211,2
20070212,4
20070213,5
20070214,6
20070215,6
20070216,10
20070217,5
20070220,4
20070221,7
20070222,10
20070223,10
20070226,2
20070227,6
20070228,8
20070301,7
20070302,7
20070303,3
20070304,2
20070305,8
20070306,10
20070307,9
20070308,6
20070309,6
20070310,4
20070312,3
20070313,7
20070314,12
20070315,14
20070316,8
20070317,4
20070319,3
20070320,8
20070321,10
20070322,5
20070323,6
20070324,4
20070326,4
20070327,7
20070328,8
20070329,3
20070330,2
20070331,5
20070401,1
20070402,8
20070403,7
20070404,3
20070405,8
20070406,5
20070407,2
20070408,1
20070409,8
20070410,9
20070411,5
20070412,4
20070413,6
20070414,4
20070415,1
20070416,6
20070417,3
20070418,2
20070419,5
20070420,8
20070421,6
20070423,2
20070424,3
20070425,5
20070426,6
20070427,8
20070428,3
20070430,5
20070501,4
20070502,3
20070503,8
20070504,7
20070505,5
20070507,6
20070508,5
20070509,4
20070510,7
20070511,7
20070512,3
20070514,5
20070515,11
20070516,8
20070517,4
20070518,4
20070519,2
20070520,1
20070521,10
20070522,8
20070523,7
20070524,7
20070525,13
20070526,1
20070529,4
20070530,5
20070531,2
20070601,5
20070602,4
20070603,3
20070604,7
20070605,11
20070606,5
20070607,6
20070608,7
20070609,1
20070610,1
20070611,6
20070612,15
20070613,11
20070614,15
20070615,11
20070616,9
20070617,1
20070618,11
20070619,14
20070620,14
20070621,17
20070622,16
20070623,10
20070624,1
20070625,14
20070626,18
20070627,13
20070628,20
20070629,9
20070630,6
20070701,1
20070702,19
20070703,10
20070705,8
20070706,7
20070707,2
20070709,5
20070710,12
20070711,12
20070712,7
20070713,4
20070714,3
20070715,1
20070716,4
20070717,8
20070718,12
20070719,10
20070720,7
20070721,5
20070722,1
20070723,8
20070724,6
20070725,13
20070726,10
20070727,10
20070728,5
20070729,1
20070730,9
20070731,7
20070801,15
20070802,17
20070803,19
20070804,9
20070806,22
20070807,13
20070808,11
20070809,13
20070810,13
20070811,3
20070812,1
20070813,8
20070814,10
20070815,11
20070816,9
20070817,9
20070818,1
20070819,1
20070820,8
20070821,4
20070822,6
20070823,9
20070824,5
20070825,3
20070826,2
20070827,11
20070828,14
20070829,17
20070830,11
20070831,8
20070901,5
20070902,2
20070903,1
20070904,7
20070905,15
20070906,6
20070907,5
20070908,5
20070909,2
20070910,9
20070911,15
20070912,12
20070913,17
20070914,10
20070915,6
20070916,3
20070917,6
20070918,8
20070919,11
20070920,18
20070921,12
20070922,5
20070924,6
20070925,8
20070926,8
20070927,4
20070928,8
20070929,3
20070930,1
20071001,7
20071002,11
20071003,11
20071004,12
20071005,16
20071006,4
20071007,2
20071008,6
20071009,7
20071010,4
20071011,8
20071012,8
20071013,3
20071015,8
20071016,11
20071017,9
20071018,9
20071019,11
20071020,4
20071022,10
20071023,12
20071024,11
20071025,11
20071026,12
20071027,6
20071029,8
20071030,14
20071031,9
20071101,5
20071102,13
20071103,3
20071104,1
20071105,9
20071106,4
20071107,8
20071108,8
20071109,9
20071110,4
20071112,7
20071113,7
20071114,12
20071115,14
20071116,5
20071117,2
20071119,8
20071120,9
20071121,7
20071122,2
20071123,10
20071124,5
20071126,5
20071127,9
20071128,6
20071129,5
20071130,12
20071201,8
20071202,1
20071203,10
20071204,8
20071205,12
20071206,6
20071207,7
20071208,3
20071209,1
20071210,14
20071211,14
20071212,6
20071213,10
20071214,14
20071215,4
20071216,1
20071217,6
20071218,9
20071219,13
20071220,17
20071221,19
20071222,4
20071223,1
20071224,5
20071226,9
20071227,4
20071228,8
20071229,2
20071230,1
20071231,5
20080102,12
20080103,9
20080104,7
20080105,3
20080106,1
20080107,3
20080108,19
20080109,13
20080110,5
20080111,6
20080112,3
20080113,2
20080114,11
20080115,12
20080116,14
20080117,14
20080118,15
20080119,4
20080120,2
20080121,7
20080122,16
20080123,25
20080124,9
20080125,6
20080126,3
20080127,2
20080128,10
20080129,6
20080130,10
20080131,10
20080201,6
20080202,5
20080204,11
20080205,9
20080206,13
20080207,10
20080208,10
20080209,2
20080211,7
20080212,5
20080213,11
20080214,4
20080215,11
20080216,2
20080218,5
20080219,7
20080220,2
20080221,6
20080222,7
20080223,3
20080225,6
20080226,9
20080227,9
20080228,5
20080229,12
20080301,2
20080303,5
20080304,8
20080305,5
20080306,11
20080307,10
20080308,2
20080309,1
20080310,16
20080311,22
20080312,17
20080313,13
20080314,40
20080315,18
20080316,12
20080317,59
20080318,69
20080319,47
20080320,33
20080321,22
20080322,12
20080323,3
20080324,21
20080325,35
20080326,28
20080327,23
20080328,19
20080329,7
20080330,2
20080331,14
20080401,30
20080402,30
20080403,28
20080404,28
20080405,11
20080406,4
20080407,24
20080408,14
20080409,24
20080410,17
20080411,13
20080412,10
20080414,13
20080415,20
20080416,13
20080417,11
20080418,15
20080419,6
20080420,1
20080421,9
20080422,10
20080423,12
20080424,14
20080425,7
20080426,4
20080427,2
20080428,19
20080429,10
20080430,12
20080501,7
20080502,11
20080503,3
20080505,16
20080506,10
20080507,8
20080508,8
20080509,10
20080510,2
20080512,5
20080513,4
20080514,11
20080515,13
20080516,9
20080517,6
20080519,10
20080520,7
20080521,9
20080522,7
20080523,15
20080524,5
20080525,2
20080527,14
20080528,11
20080529,19
20080530,11
20080531,8
20080601,2
20080602,8
20080603,15
20080604,8
20080605,18
20080606,14
20080607,3
20080609,11
20080610,19
20080611,8
20080612,18
20080613,9
20080614,7
20080615,1
20080616,8
20080617,7
20080618,11
20080619,20
20080620,14
20080621,5
20080622,2
20080623,8
20080624,9
20080625,11
20080626,14
20080627,23
20080628,11
20080629,5
20080630,14
20080701,21
20080702,21
20080703,27
20080704,5
20080705,7
20080706,3
20080707,11
20080708,19
20080709,23
20080710,21
20080711,13
20080712,12
20080714,25
20080715,22
20080716,22
20080717,9
20080718,18
20080719,9
20080720,2
20080721,13
20080722,8
20080723,7
20080724,11
20080725,11
20080726,5
20080727,1
20080728,9
20080729,7
20080730,11
20080731,9
20080801,11
20080802,3
20080804,11
20080805,9
20080806,6
20080807,3
20080808,8
20080809,4
20080810,2
20080811,5
20080812,12
20080813,6
20080814,8
20080815,8
20080816,2
20080817,3
20080818,8
20080819,7
20080820,3
20080821,12
20080822,9
20080823,3
20080824,2
20080825,8
20080826,6
20080827,10
20080828,8
20080829,5
20080830,12
20080831,1
20080901,4
20080902,6
20080903,7
20080904,13
20080905,7
20080906,5
20080907,1
20080908,10
20080909,12
20080910,13
20080911,14
20080912,23
20080913,14
20080914,8
20080915,26
20080916,34
20080917,23
20080918,24
20080919,18
20080920,10
20080921,3
20080922,12
20080923,17
20080924,15
20080925,14
20080926,15
20080927,6
20080928,3
20080929,8
20080930,11
20081001,16
20081002,20
20081003,9
20081004,8
20081005,3
20081006,5
20081007,15
20081008,10
20081009,8
20081010,10
20081011,10
20081012,5
20081013,13
20081014,8
20081015,14
20081016,9
20081017,8
20081018,10
20081019,2
20081020,7
20081021,4
20081022,6
20081023,7
20081024,7
20081025,4
20081026,1
20081027,8
20081028,6
20081029,7
20081030,8
20081031,8
20081101,1
20081103,12
20081104,2
20081105,8
20081106,5
20081107,2
20081108,4
20081109,3
20081110,10
20081111,6
20081112,8
20081113,11
20081114,10
20081115,4
20081116,1
20081117,9
20081118,8
20081119,8
20081120,12
20081121,11
20081122,6
20081123,3
20081124,10
20081125,8
20081126,12
20081127,1
20081128,7
20081129,7
20081130,1
20081201,9
20081202,7
20081203,6
20081204,7
20081205,7
20081206,2
20081208,8
20081209,11
20081210,3
20081211,5
20081212,11
20081213,7
20081214,2
20081215,5
20081216,5
20081217,3
20081218,6
20081219,8
20081220,4
20081222,7
20081223,5
20081224,5
20081226,6
20081227,7
20081229,8
20081230,10
20081231,10
20090102,20
20090103,2
20090104,5
20090105,9
20090106,7
20090107,7
20090108,4
20090109,7
20090110,4
20090111,2
20090112,9
20090113,7
20090114,11
20090115,8
20090116,9
20090117,8
20090118,1
20090120,9
20090121,2
20090122,9
20090123,7
20090124,3
20090125,1
20090126,7
20090127,4
20090128,5
20090129,3
20090130,3
20090131,5
20090202,9
20090203,8
20090204,3
20090205,8
20090206,4
20090207,6
20090209,11
20090210,6
20090211,5
20090212,4
20090213,10
20090214,3
20090215,2
20090216,2
20090217,4
20090218,10
20090219,8
20090220,6
20090221,9
20090223,4
20090224,4
20090225,3
20090226,10
20090227,11
20090228,4
20090301,1
20090302,7
20090303,6
20090304,9
20090305,7
20090306,12
20090307,4
20090308,2
20090309,9
20090310,8
20090311,7
20090312,7
20090313,10
20090314,7
20090316,9
20090317,9
20090318,8
20090319,6
20090320,8
20090321,3
20090323,8
20090324,9
20090325,11
20090326,10
20090327,14
20090328,4
20090330,6
20090331,4
20090401,9
20090402,3
20090403,14
20090404,3
20090405,3
20090406,23
20090407,12
20090408,5
20090409,10
20090410,10
20090411,4
20090412,2
20090413,9
20090414,5
20090415,11
20090416,9
20090417,8
20090418,7
20090420,7
20090421,7
20090422,10
20090423,11
20090424,7
20090425,1
20090426,2
20090427,4
20090428,4
20090429,9
20090430,10
20090501,5
20090502,1
20090504,12
20090505,13
20090506,8
20090507,7
20090508,7
20090509,2
20090511,12
20090512,5
20090513,9
20090514,11
20090515,3
20090516,3
20090517,1
20090518,5
20090519,11
20090520,3
20090521,11
20090522,12
20090523,5
20090525,1
20090526,13
20090527,7
20090528,8
20090529,6
20090530,3
20090531,3
20090601,3
20090602,8
20090603,6
20090604,7
20090605,3
20090606,2
20090608,5
20090609,5
20090610,8
20090611,6
20090612,8
20090613,5
20090615,6
20090616,12
20090617,7
20090618,5
20090619,6
20090620,3
20090621,1
20090622,9
20090623,10
20090624,8
20090625,8
20090626,7
20090629,2
20090630,8
20090701,10
20090702,4
20090703,7
20090706,12
20090707,5
20090708,2
20090709,7
20090710,9
20090711,5
20090712,1
20090713,3
20090714,8
20090715,8
20090716,11
20090717,9
20090718,6
20090719,1
20090720,6
20090721,2
20090722,10
20090723,8
20090724,10
20090725,2
20090726,1
20090727,4
20090728,4
20090729,2
20090730,5
20090731,4
20090801,3
20090803,2
20090804,4
20090805,3
20090806,8
20090807,5
20090809,1
20090810,7
20090811,9
20090812,5
20090813,10
20090814,6
20090815,4
20090816,2
20090817,2
20090818,3
20090819,2
20090820,6
20090821,8
20090822,1
20090823,4
20090824,8
20090825,7
20090826,4
20090827,6
20090828,3
20090829,3
20090830,2
20090831,8
20090901,10
20090902,6
20090903,7
20090904,4
20090905,2
20090907,3
20090908,2
20090909,2
20090910,5
20090911,11
20090912,1
20090913,2
20090914,7
20090915,12
20090916,8
20090917,12
20090918,6
20090919,3
20090920,1
20090921,5
20090922,3
20090923,7
20090924,5
20090925,6
20090926,4
20090927,2
20090928,2
20090929,5
20090930,10
20091001,8
20091002,6
20091004,2
20091005,9
20091006,9
20091007,6
20091008,6
20091009,9
20091010,4
20091011,1
20091012,3
20091013,4
20091014,11
20091015,11
20091016,6
20091017,2
20091018,1
20091019,6
20091020,7
20091021,5
20091022,9
20091023,8
20091024,3
20091026,4
20091027,5
20091028,3
20091029,13
20091030,12
20091031,1
20091102,8
20091103,4
20091104,7
20091105,11
20091106,6
20091107,2
20091109,5
20091110,5
20091111,5
20091112,5
20091113,5
20091115,3
20091116,8
20091117,3
20091118,9
20091119,7
20091120,10
20091121,5
20091122,3
20091123,9
20091124,5
20091125,4
20091126,3
20091127,3
20091128,2
20091129,2
20091130,6
20091201,7
20091202,6
20091203,9
20091204,6
20091205,1
20091206,2
20091207,5
20091208,8
20091209,5
20091210,7
20091211,6
20091212,4
20091213,2
20091214,6
20091215,8
20091216,6
20091217,4
20091218,5
20091219,3
20091220,2
20091221,5
20091222,3
20091223,5
20091224,2
20091228,2
20091229,5
20091230,9
20091231,6
20100101,1
20100103,3
20100104,5
20100105,3
20100106,8
20100107,4
20100108,6
20100109,4
20100111,8
20100112,4
20100113,7
20100114,5
20100115,7
20100117,2
20100118,3
20100119,5
20100120,5
20100121,21
20100122,11
20100123,5
20100124,3
20100125,7
20100126,7
20100127,8
20100128,7
20100129,10
20100130,3
20100131,1
20100201,13
20100202,9
20100203,14
20100204,13
20100205,7
20100206,3
20100207,2
20100208,7
20100209,5
20100210,5
20100211,10
20100212,10
20100213,1
20100215,3
20100216,11
20100217,6
20100218,5
20100219,11
20100220,3
20100221,3
20100222,6
20100223,8
20100224,5
20100225,11
20100226,8
20100227,2
20100228,2
20100301,10
20100302,10
20100303,6
20100304,4
20100305,8
20100306,2
20100307,1
20100308,12
20100309,6
20100310,7
20100311,9
20100312,9
20100313,2
20100314,3
20100315,8
20100316,12
20100317,12
20100318,13
20100319,4
20100320,3
20100321,2
20100322,11
20100323,9
20100324,3
20100325,7
20100326,5
20100327,4
20100328,2
20100329,3
20100330,1
20100401,7
20100402,4
20100403,3
20100404,2
20100405,11
20100406,3
20100407,8
20100408,3
20100409,8
20100410,5
20100412,6
20100413,4
20100414,3
20100415,6
20100416,1
20100417,6
20100418,2
20100419,6
20100420,5
20100421,4
20100422,5
20100423,5
20100424,6
20100425,1
20100426,6
20100427,7
20100428,5
20100429,7
20100430,8
20100501,5
20100502,4
20100503,10
20100504,2
20100505,4
20100506,9
20100507,11
20100508,6
20100509,2
20100510,5
20100511,3
20100512,3
20100513,6
20100514,3
20100515,5
20100516,2
20100517,11
20100518,8
20100519,9
20100520,6
20100521,6
20100522,4
20100523,3
20100524,5
20100525,8
20100526,3
20100527,4
20100528,12
20100529,2
20100530,2
20100531,2
20100601,5
20100602,6
20100603,3
20100604,7
20100605,4
20100606,2
20100607,6
20100608,5
20100609,3
20100610,6
20100611,3
20100612,2
20100613,3
20100614,9
20100615,8
20100616,6
20100617,11
20100618,8
20100619,2
20100620,3
20100621,10
20100622,13
20100623,11
20100624,8
20100625,11
20100626,7
20100627,1
20100628,8
20100629,11
20100630,10
20100701,10
20100702,12
20100703,5
20100704,1
20100705,3
20100706,6
20100707,10
20100708,2
20100709,6
20100710,8
20100711,2
20100712,6
20100713,6
20100714,4
20100715,5
20100716,11
20100717,3
20100718,2
20100719,3
20100720,6
20100721,4
20100722,9
20100723,6
20100724,4
20100725,2
20100726,4
20100727,10
20100728,3
20100729,10
20100730,11
20100731,3
20100801,1
20100802,9
20100803,7
20100804,3
20100805,6
20100806,5
20100807,3
20100808,1
20100809,5
20100810,3
20100811,5
20100812,13
20100813,11
20100814,3
20100815,2
20100816,5
20100817,4
20100818,8
20100819,11
20100820,3
20100821,5
20100822,1
20100823,6
20100824,11
20100825,10
20100826,7
20100827,8
20100828,1
20100829,1
20100830,11
20100831,6
20100901,11
20100902,9
20100903,7
20100904,8
20100905,2
20100906,1
20100907,4
20100908,6
20100909,5
20100910,9
20100911,5
20100912,1
20100913,9
20100914,6
20100915,4
20100916,4
20100917,5
20100918,4
20100920,4
20100921,3
20100922,3
20100923,6
20100924,6
20100925,4
20100927,8
20100928,6
20100929,6
20100930,8
20101001,2
20101002,4
20101003,2
20101004,10
20101005,9
20101006,9
20101007,6
20101008,6
20101009,11
20101011,5
20101012,6
20101013,4
20101014,9
20101015,10
20101016,3
20101017,2
20101018,4
20101019,6
20101020,4
20101021,8
20101022,13
20101023,4
20101024,1
20101025,5
20101026,3
20101027,10
20101028,8
20101029,11
20101030,4
20101101,8
20101102,7
20101103,5
20101104,11
20101105,4
20101106,4
20101107,3
20101108,8
20101109,7
20101110,9
20101111,10
20101112,11
20101113,5
20101115,14
20101116,10
20101117,6
20101118,6
20101119,9
20101120,6
20101121,1
20101122,6
20101123,6
20101124,4
20101125,4
20101126,4
20101127,2
20101128,4
20101129,4
20101130,4
20101201,12
20101202,11
20101203,7
20101204,7
20101205,1
20101206,10
20101207,9
20101208,8
20101209,4
20101210,6
20101211,5
20101212,2
20101213,8
20101214,5
20101215,8
20101216,9
20101217,11
20101218,3
20101219,1
20101220,7
20101221,5
20101222,3
20101223,6
20101224,3
20101227,1
20101228,5
20101229,4
20101230,7
20101231,1
20110102,1
20110103,7
20110104,7
20110105,11
20110106,6
20110107,4
20110108,7
20110109,1
20110110,6
20110111,6
20110112,7
20110113,7
20110114,8
20110115,7
20110116,1
20110117,6
20110118,9
20110119,7
20110120,14
20110121,9
20110122,5
20110124,7
20110125,6
20110126,6
20110127,6
20110128,6
20110129,3
20110131,7
20110201,6
20110202,2
20110203,6
20110204,7
20110205,3
20110206,1
20110207,8
20110208,6
20110209,11
20110210,9
20110211,8
20110212,4
20110213,1
20110214,5
20110215,4
20110216,6
20110217,15
20110218,8
20110219,6
20110220,2
20110222,4
20110223,9
20110224,6
20110225,5
20110226,4
20110228,9
20110301,8
20110302,5
20110303,13
20110304,6
20110305,6
20110307,7
20110308,7
20110309,5
20110310,6
20110311,8
20110312,1
20110314,7
20110315,10
20110316,8
20110317,7
20110318,7
20110319,4
20110320,2
20110321,9
20110322,9
20110323,5
20110324,7
20110325,6
20110326,2
20110327,1
20110328,10
20110329,2
20110330,7
20110331,4
20110401,5
20110402,3
20110403,2
20110404,8
20110405,5
20110406,3
20110407,6
20110408,5
20110409,5
20110410,2
20110411,6
20110412,4
20110413,5
20110414,8
20110415,8
20110416,4
20110417,2
20110418,14
20110419,6
20110420,5
20110421,4
20110422,2
20110424,2
20110425,6
20110426,9
20110427,3
20110428,6
20110429,9
20110430,1
20110502,10
20110503,8
20110504,4
20110505,8
20110506,5
20110507,5
20110509,12
20110510,14
20110511,7
20110512,11
20110513,9
20110514,3
20110516,7
20110517,6
20110518,5
20110519,3
20110520,13
20110521,5
20110523,5
20110524,4
20110525,15
20110526,12
20110527,9
20110528,7
20110529,1
20110530,1
20110531,8
20110601,7
20110602,3
20110603,11
20110604,6
20110605,3
20110606,6
20110607,8
20110608,7
20110609,5
20110610,13
20110611,5
20110613,7
20110614,6
20110615,5
20110616,7
20110617,16
20110618,6
20110619,2
20110620,8
20110621,6
20110622,15
20110623,8
20110624,3
20110625,6
20110626,1
20110627,9
20110628,7
20110629,13
20110630,2
20110701,11
20110702,7
20110703,4
20110704,1
20110705,5
20110706,9
20110707,6
20110708,11
20110709,2
20110710,2
20110711,4
20110712,5
20110713,10
20110714,12
20110715,12
20110716,6
20110718,10
20110719,7
20110720,5
20110721,3
20110722,10
20110723,3
20110724,3
20110725,10
20110726,6
20110727,9
20110728,7
20110729,10
20110730,2
20110801,7
20110802,6
20110803,10
20110804,10
20110805,8
20110806,5
20110807,1
20110808,18
20110809,8
20110810,13
20110811,9
20110812,11
20110813,7
20110815,10
20110816,5
20110817,3
20110818,10
20110819,15
20110820,7
20110822,11
20110823,12
20110824,5
20110825,9
20110826,7
20110827,2
20110828,1
20110829,10
20110830,9
20110831,5
20110901,11
20110902,4
20110903,1
20110904,1
20110906,12
20110907,10
20110908,11
20110909,17
20110910,8
20110912,8
20110913,9
20110914,4
20110915,8
20110916,13
20110917,1
20110918,1
20110919,10
20110920,4
20110921,7
20110922,17
20110923,14
20110924,7
20110925,1
20110926,9
20110927,11
20110928,10
20110929,7
20110930,11
20111001,6
20111003,11
20111004,27
20111005,25
20111006,10
20111007,18
20111008,8
20111010,12
20111011,9
20111012,8
20111013,6
20111014,12
20111015,6
20111017,14
20111018,10
20111019,12
20111020,6
20111021,13
20111022,2
20111023,2
20111024,11
20111025,6
20111026,7
20111027,12
20111028,10
20111029,1
20111030,3
20111031,11
20111101,12
20111102,16
20111103,10
20111104,10
20111105,4
20111106,1
20111107,9
20111108,6
20111109,11
20111110,12
20111111,7
20111112,6
20111114,14
20111115,10
20111116,4
20111117,9
20111118,19
20111119,7
20111120,2
20111121,10
20111122,7
20111123,3
20111124,2
20111125,4
20111126,9
20111127,2
20111128,11
20111129,7
20111130,10
20111201,13
20111202,4
20111203,7
20111204,1
20111205,8
20111206,13
20111207,6
20111208,7
20111209,8
20111210,2
20111211,1
20111212,11
20111213,7
20111214,8
20111215,5
20111216,6
20111217,6
20111219,9
20111220,3
20111221,7
20111222,7
20111223,10
20111224,4
20111227,2
20111228,4
20111229,1
20111230,7
20111231,4
20120101,2
20120102,5
20120103,7
20120104,1
20120105,4
20120106,5
20120107,2
20120108,1
20120109,7
20120110,16
20120111,8
20120112,3
20120113,11
20120114,3
20120116,1
20120117,6
20120118,9
20120119,9
20120120,10
20120121,4
20120122,3
20120123,9
20120124,4
20120125,8
20120126,5
20120127,7
20120128,8
20120130,6
20120131,6
20120201,10
20120202,8
20120203,11
20120204,4
20120205,3
20120206,4
20120207,11
20120208,12
20120209,9
20120210,14
20120211,12
20120213,2
20120214,11
20120215,3
20120216,5
20120217,9
20120218,5
20120219,2
20120220,1
20120221,13
20120222,5
20120223,11
20120224,3
20120225,2
20120227,8
20120228,13
20120229,15
20120301,11
20120302,5
20120303,5
20120304,3
20120305,3
20120306,12
20120307,5
20120308,9
20120309,8
20120310,4
20120311,3
20120312,9
20120313,9
20120314,14
20120315,11
20120316,7
20120317,2
20120318,5
20120319,5
20120320,13
20120321,13
20120322,8
20120323,12
20120324,2
20120325,4
20120326,8
20120327,7
20120328,5
20120329,8
20120330,8
20120331,3
20120401,3
20120402,5
20120403,9
20120404,7
20120405,11
20120406,2
20120407,1
20120408,6
20120409,8
20120410,5
20120411,11
20120412,8
20120413,9
20120415,3
20120416,6
20120417,9
20120418,5
20120419,7
20120420,9
20120422,4
20120423,9
20120424,6
20120425,6
20120426,7
20120427,9
20120428,1
20120430,7
20120501,6
20120502,4
20120503,7
20120504,11
20120505,1
20120506,1
20120507,5
20120508,6
20120509,4
20120510,15
20120511,8
20120512,1
20120513,5
20120514,10
20120515,10
20120516,6
20120517,9
20120518,8
20120520,4
20120521,8
20120522,8
20120523,6
20120524,7
20120525,9
20120526,1
20120528,5
20120529,8
20120530,15
20120531,11
20120601,10
20120602,2
20120603,3
20120604,8
20120605,5
20120606,4
20120607,7
20120608,13
20120609,3
20120610,5
20120611,7
20120612,10
20120613,13
20120614,16
20120615,15
20120616,3
20120618,3
20120619,5
20120620,13
20120621,10
20120622,3
20120624,4
20120625,5
20120626,6
20120627,10
20120628,10
20120629,17
20120630,1
20120701,6
20120702,4
20120703,4
20120704,4
20120705,6
20120706,4
20120707,1
20120708,3
20120709,6
20120710,7
20120711,10
20120712,5
20120713,7
20120714,2
20120715,6
20120716,11
20120717,7
20120718,5
20120719,4
20120720,7
20120721,1
20120722,6
20120723,7
20120724,10
20120725,12
20120726,12
20120727,8
20120728,1
20120729,5
20120730,8
20120731,8
20120801,8
20120802,11
20120803,11
20120804,1
20120805,2
20120806,6
20120807,9
20120808,5
20120809,12
20120810,5
20120811,2
20120812,1
20120813,4
20120814,9
20120815,7
20120816,6
20120817,7
20120820,9
20120821,7
20120822,9
20120823,3
20120824,11
20120827,5
20120828,6
20120829,4
20120830,9
20120831,7
20120903,3
20120904,3
20120905,6
20120906,4
20120907,8
20120909,5
20120910,6
20120911,7
20120912,7
20120913,5
20120914,11
20120915,2
20120916,1
20120917,5
20120918,10
20120919,2
20120920,7
20120921,4
20120922,2
20120923,1
20120924,6
20120925,3
20120926,8
20120927,9
20120928,13
20120930,3
20121001,13
20121002,15
20121003,9
20121004,7
20121005,15
20121006,1
20121008,3
20121009,4
20121010,10
20121011,6
20121012,12
20121013,1
20121014,1
20121015,2
20121016,4
20121017,2
20121018,15
20121019,9
20121020,2
20121021,1
20121022,11
20121023,9
20121024,5
20121025,12
20121026,6
20121027,3
20121028,2
20121029,6
20121030,5
20121031,7
20121101,5
20121102,17
20121104,6
20121105,5
20121106,4
20121107,11
20121108,8
20121109,9
20121110,1
20121111,1
20121112,8
20121113,3
20121114,6
20121115,4
20121116,9
20121118,1
20121119,9
20121120,11
20121121,2
20121122,5
20121123,3
20121125,5
20121126,4
20121127,7
20121128,6
20121129,10
20121130,5
20121201,1
20121202,3
20121203,7
20121204,12
20121205,8
20121206,8
20121207,7
20121209,5
20121210,7
20121211,11
20121212,7
20121213,9
20121214,15
20121215,1
20121216,3
20121217,14
20121218,4
20121219,7
20121220,9
20121221,6
20121222,1
20121223,7
20121224,3
20121225,7
20121226,3
20121227,3
20121228,3
20121229,1
20121230,2
20121231,3
20130101,3
20130102,4
20130103,4
20130104,9
20130106,5
20130107,10
20130108,3
20130109,2
20130110,8
20130111,10
20130112,1
20130113,4
20130114,9
20130115,10
20130116,17
20130117,7
20130118,10
20130119,1
20130120,4
20130121,4
20130122,9
20130123,4
20130124,5
20130125,15
20130127,2
20130128,9
20130129,8
20130130,10
20130131,7
20130201,7
20130203,2
20130204,6
20130205,8
20130206,8
20130207,10
20130208,19
20130209,2
20130210,4
20130211,9
20130212,10
20130213,6
20130214,2
20130215,5
20130216,1
20130217,1
20130218,3
20130219,8
20130220,12
20130221,4
20130222,12
20130224,4
20130225,4
20130226,12
20130227,12
20130228,16
20130301,10
20130303,6
20130304,20
20130305,18
20130306,8
20130307,9
20130308,6
20130310,2
20130311,10
20130312,6
20130313,10
20130314,14
20130315,7
20130316,2
20130317,2
20130318,6
20130319,8
20130320,7
20130321,7
20130322,12
20130324,6
20130325,6
20130326,12
20130327,6
20130328,7
20130329,9
20130331,4
20130401,8
20130402,12
20130403,11
20130404,10
20130405,11
20130407,3
20130408,4
20130409,9
20130410,10
20130411,7
20130412,21
20130413,1
20130414,4
20130415,15
20130416,10
20130417,10
20130418,16
20130419,9
20130420,1
20130421,6
20130422,9
20130423,11
20130424,10
20130425,10
20130426,7
20130428,6
20130429,12
20130430,7
20130501,9
20130502,8
20130503,9
20130504,2
20130505,9
20130506,10
20130507,11
20130508,11
20130509,8
20130510,12
20130512,3
20130513,8
20130514,4
20130515,6
20130516,13
20130517,7
20130518,2
20130519,4
20130520,8
20130521,13
20130522,12
20130523,6
20130524,16
20130526,1
20130527,5
20130528,6
20130529,8
20130530,6
20130531,8
20130602,3
20130603,8
20130604,5
20130605,13
20130606,9
20130607,15
20130608,1
20130609,5
20130610,6
20130611,9
20130612,5
20130613,29
20130614,16
20130616,5
20130617,12
20130618,3
20130619,12
20130620,6
20130621,8
20130622,2
20130623,6
20130624,14
20130625,12
20130626,6
20130627,18
20130628,12
20130630,5
20130701,15
20130702,3
20130703,4
20130704,7
20130705,4
20130707,3
20130708,7
20130709,7
20130710,7
20130711,7
20130712,9
20130713,2
20130714,2
20130715,6
20130716,9
20130717,9
20130718,9
20130719,11
20130720,1
20130721,5
20130722,7
20130723,2
20130724,12
20130725,11
20130726,10
20130727,1
20130728,1
20130729,13
20130730,10
20130731,6
20130801,8
20130802,8
20130804,4
20130805,6
20130806,9
20130807,8
20130808,8
20130809,9
20130810,1
20130811,2
20130812,4
20130813,5
20130814,7
20130815,19
20130816,12
20130817,2
20130818,2
20130819,8
20130820,11
20130821,6
20130822,4
20130823,5
20130824,1
20130825,2
20130826,7
20130827,6
20130828,10
20130829,8
20130830,12
20130831,1
20130901,1
20130902,5
20130903,11
20130904,9
20130905,11
20130906,19
20130907,1
20130908,4
20130909,7
20130910,16
20130911,9
20130912,13
20130913,13
20130914,1
20130915,3
20130916,10
20130917,6
20130918,10
20130919,5
20130920,16
20130922,4
20130923,7
20130924,7
20130925,8
20130926,20
20130927,15
20130929,3
20130930,15
20131001,7
20131002,7
20131003,9
20131004,9
20131006,5
20131007,11
20131008,8
20131009,12
20131010,4
20131011,13
20131013,3
20131014,8
20131015,12
20131016,4
20131017,9
20131018,5
20131019,2
20131020,8
20131021,14
20131022,12
20131023,4
20131024,5
20131025,9
20131026,1
20131027,5
20131028,9
20131029,9
20131030,9
20131031,10
20131101,12
20131103,2
20131104,6
20131105,8
20131106,7
20131107,3
20131108,11
20131110,6
20131111,12
20131112,8
20131113,11
20131114,12
20131115,6
20131116,1
20131117,7
20131118,7
20131119,8
20131120,10
20131121,8
20131122,15
20131123,3
20131124,5
20131125,13
20131126,6
20131127,4
20131128,3
20131129,4
20131130,1
20131201,2
20131202,10
20131203,6
20131204,10
20131205,13
20131206,10
20131207,1
20131208,7
20131209,3
20131210,6
20131211,4
20131212,11
20131213,7
20131215,11
20131216,9
20131217,3
20131218,7
20131219,10
20131220,9
20131222,3
20131223,10
20131224,3
20131226,3
20131227,7
20131228,2
20131229,1
20131230,12
20131231,12
20140101,1
20140102,10
20140103,16
20140104,1
20140105,4
20140106,6
20140107,8
20140108,6
20140109,9
20140110,8
20140111,3
20140112,2
20140113,14
20140114,11
20140115,8
20140116,4
20140117,9
20140118,1
20140119,2
20140120,3
20140121,5
20140122,4
20140123,9
20140124,6
20140126,2
20140127,7
20140128,9
20140129,8
20140130,13
20140131,8
20140201,1
20140202,2
20140203,5
20140204,7
20140205,4
20140206,10
20140207,12
20140208,1
20140209,6
20140210,6
20140211,12
20140212,3
20140213,12
20140214,6
20140215,2
20140216,3
20140217,4
20140218,4
20140219,3
20140220,13
20140221,15
20140223,9
20140224,8
20140225,8
20140226,8
20140227,15
20140228,10
20140301,2
20140302,2
20140303,8
20140304,10
20140305,11
20140306,14
20140307,12
20140308,2
20140309,4
20140310,12
20140311,10
20140312,9
20140313,7
20140314,7
20140315,1
20140316,4
20140317,3
20140318,5
20140319,9
20140320,8
20140321,9
20140322,1
20140323,5
20140324,5
20140325,7
20140326,5
20140327,5
20140328,11
20140329,1
20140330,6
20140331,3
20140401,7
20140402,7
20140403,9
20140404,5
20140406,1
20140407,4
20140408,9
20140409,11
20140410,9
20140411,10
20140412,1
20140413,6
20140414,13
20140415,8
20140416,6
20140417,7
20140418,7
20140419,1
20140420,6
20140421,4
20140422,4
20140423,7
20140424,2
20140425,7
20140426,1
20140427,4
20140428,6
20140429,9
20140430,7
20140501,11
20140502,11
20140503,1
20140504,7
20140505,4
20140506,8
20140507,9
20140508,9
20140509,4
20140510,1
20140511,7
20140512,8
20140513,3
20140514,6
20140515,8
20140516,5
20140517,2
20140518,6
20140519,5
20140520,7
20140521,9
20140522,12
20140523,7
20140524,1
20140525,1
20140527,7
20140528,11
20140529,3
20140530,12
20140601,3
20140602,8
20140603,7
20140604,9
20140605,13
20140606,15
20140607,1
20140608,1
20140609,7
20140610,6
20140611,5
20140612,8
20140613,10
20140614,1
20140615,1
20140616,4
20140617,5
20140618,4
20140619,8
20140620,13
20140622,8
20140623,7
20140624,12
20140625,6
20140626,8
20140627,4
20140629,4
20140630,9
20140701,9
20140702,7
20140703,10
20140704,6
20140705,2
20140706,2
20140707,11
20140708,10
20140709,8
20140710,7
20140711,13
20140713,2
20140714,8
20140715,9
20140716,3
20140717,5
20140718,5
20140719,1
20140720,4
20140721,5
20140722,7
20140723,11
20140724,7
20140725,10
20140726,1
20140727,6
20140728,11
20140729,10
20140730,2
20140731,4
20140801,5
20140803,4
20140804,9
20140805,4
20140806,7
20140807,5
20140808,10
20140810,2
20140811,4
20140812,5
20140813,26
20140814,8
20140815,14
20140816,1
20140817,4
20140818,5
20140819,2
20140820,7
20140821,8
20140822,6
20140823,1
20140824,5
20140825,3
20140826,6
20140827,3
20140828,3
20140829,7
20140831,2
20140901,6
20140902,9
20140903,10
20140904,11
20140905,10
20140906,1
20140907,3
20140908,3
20140909,15
20140910,4
20140911,7
20140912,6
20140914,2
20140915,15
20140916,8
20140917,5
20140918,5
20140919,6
20140920,2
20140921,5
20140922,11
20140923,5
20140924,4
20140925,4
20140926,12
20140927,1
20140928,1
20140929,5
20140930,7
20141001,5
20141002,10
20141003,10
20141004,2
20141005,3
20141006,9
20141007,8
20141008,9
20141009,14
20141010,10
20141011,2
20141012,3
20141013,8
20141014,7
20141015,6
20141016,16
20141017,11
20141018,1
20141019,1
20141020,12
20141021,8
20141022,5
20141023,6
20141024,7
20141026,1
20141027,7
20141028,5
20141029,9
20141030,10
20141031,9
20141102,2
20141103,7
20141104,14
20141105,9
20141106,8
20141107,7
20141108,1
20141109,1
20141110,10
20141111,9
20141112,7
20141113,14
20141114,4
20141115,1
20141116,4
20141117,7
20141118,2
20141119,8
20141120,6
20141121,3
20141123,6
20141124,2
20141125,9
20141126,4
20141127,4
20141128,9
20141129,1
20141130,8
20141201,3
20141202,4
20141203,4
20141204,7
20141205,5
20141207,6
20141208,4
20141209,8
20141210,3
20141211,5
20141212,6
20141214,3
20141215,10
20141216,6
20141217,4
20141218,16
20141219,8
20141220,1
20141221,2
20141222,8
20141223,6
20141224,5
20141225,5
20141226,5
20141228,1
20141229,3
20141230,10
20141231,3
20150101,3
20150102,4
20150104,4
20150105,8
20150106,6
20150107,11
20150108,8
20150109,10
20150112,6
20150113,4
20150114,6
20150115,7
20150116,6
20150118,2
20150119,3
20150120,2
20150121,4
20150122,7
20150123,7
20150124,1
20150125,2
20150126,2
20150127,6
20150128,8
20150129,9
20150130,5
20150131,1
20150201,2
20150202,6
20150203,6
20150204,10
20150205,7
20150206,9
20150208,4
20150209,6
20150210,8
20150211,5
20150212,7
20150213,7
20150214,1
20150215,3
20150216,3
20150217,6
20150218,7
20150219,7
20150220,7
20150222,5
20150223,5
20150224,12
20150225,12
20150226,10
20150227,7
20150301,4
20150302,11
20150303,7
20150304,5
20150305,9
20150306,5
20150307,1
20150308,6
20150309,10
20150310,5
20150311,6
20150312,10
20150313,10
20150314,2
20150315,5
20150316,5
20150317,4
20150318,5
20150319,6
20150320,7
20150322,6
20150323,4
20150324,4
20150325,3
20150326,9
20150327,17
20150328,1
20150329,1
20150330,6
20150331,8
20150401,7
20150402,3
20150403,5
20150405,2
20150406,4
20150407,3
20150408,6
20150409,5
20150410,8
20150412,2
20150413,4
20150414,5
20150415,7
20150416,8
20150417,6
20150418,1
20150419,6
20150420,5
20150421,8
20150422,3
20150423,12
20150424,6
20150425,1
20150426,3
20150427,3
20150428,7
20150429,8
20150430,7
