20050107,1
20050110,1
20050112,1
20050113,1
20050119,1
20050120,1
20050127,1
20050128,6
20050130,1
20050131,1
20050202,1
20050208,1
20050209,1
20050215,1
20050216,1
20050218,1
20050223,1
20050228,2
20050301,1
20050302,1
20050303,2
20050304,2
20050306,1
20050307,1
20050308,3
20050309,1
20050310,2
20050314,2
20050315,3
20050316,6
20050317,3
20050320,1
20050321,1
20050322,3
20050323,4
20050324,1
20050325,3
20050328,2
20050329,8
20050330,7
20050331,8
20050401,6
20050403,1
20050404,2
20050405,2
20050407,1
20050408,3
20050411,5
20050412,3
20050413,5
20050414,2
20050415,3
20050418,1
20050420,1
20050421,1
20050422,1
20050426,1
20050428,2
20050429,2
20050501,2
20050502,3
20050503,2
20050505,3
20050506,4
20050509,3
20050510,3
20050511,2
20050512,1
20050513,1
20050516,1
20050518,1
20050520,1
20050523,1
20050524,6
20050525,5
20050526,1
20050527,5
20050529,1
20050605,2
20050606,2
20050607,3
20050608,1
20050610,3
20050613,3
20050615,2
20050616,1
20050617,1
20050622,3
20050623,1
20050627,1
20050628,1
20050629,1
20050705,1
20050707,1
20050713,1
20050714,1
20050726,1
20050802,1
20050808,2
20050810,2
20050817,1
20050819,2
20050824,1
20050901,1
20050902,1
20050909,2
20050912,1
20050917,1
20050919,1
20050926,2
20050928,1
20050929,1
20051005,1
20051007,2
20051008,1
20051015,1
20051017,1
20051026,1
20051028,1
20051105,1
20051106,1
20051107,1
20051108,1
20051110,1
20051112,2
20051113,1
20051114,2
20051115,1
20051116,1
20051119,1
20051121,2
20051122,1
20051123,2
20051125,1
20051203,1
20051217,1
20051231,1
20060109,1
20060111,2
20060112,1
20060113,1
20060116,1
20060117,1
20060118,3
20060128,1
20060130,3
20060131,2
20060202,3
20060203,2
20060208,1
20060209,1
20060211,1
20060213,1
20060214,2
20060215,4
20060218,1
20060221,1
20060224,1
20060225,1
20060226,1
20060227,2
20060228,1
20060301,2
20060303,2
20060306,4
20060313,1
20060315,1
20060316,1
20060317,1
20060320,1
20060321,1
20060322,1
20060325,2
20060329,2
20060331,1
20060402,1
20060403,1
20060406,1
20060407,1
20060411,1
20060415,2
20060419,3
20060422,1
20060426,1
20060429,1
20060501,1
20060502,1
20060503,1
20060505,9
20060506,4
20060507,1
20060508,3
20060509,3
20060510,1
20060511,1
20060516,1
20060520,1
20060531,1
20060603,2
20060605,1
20060606,1
20060607,1
20060610,1
20060617,1
20060618,1
20060623,2
20060625,2
20060626,8
20060627,5
20060628,3
20060701,2
20060705,3
20060710,1
20060721,1
20060724,1
20060728,2
20060803,2
20060805,1
20060806,1
20060807,1
20060809,1
20060811,2
20060814,1
20060815,1
20060816,1
20060818,4
20060821,2
20060823,1
20060826,1
20060830,1
20060831,2
20060901,1
20060905,1
20060909,1
20060916,1
20060918,1
20060925,1
20060927,1
20060928,1
20061003,1
20061005,1
20061006,1
20061009,1
20061010,3
20061012,1
20061014,1
20061018,1
20061021,1
20061022,1
20061024,3
20061025,1
20061026,1
20061029,1
20061102,1
20061104,1
20061106,1
20061108,1
20061110,1
20061115,1
20061120,2
20061121,1
20061122,2
20061123,1
20061124,1
20061125,1
20061201,1
20061202,1
20061205,1
20061206,1
20061208,3
20061212,1
20061213,1
20061218,1
20061219,1
20061221,1
20061222,2
20061223,2
20061228,1
20061229,1
20070101,1
20070102,1
20070104,1
20070105,1
20070110,2
20070120,1
20070122,1
20070126,1
20070127,1
20070131,2
20070203,1
20070206,2
20070207,1
20070208,1
20070211,1
20070214,1
20070216,1
20070217,1
20070218,1
20070220,2
20070223,1
20070226,1
20070301,2
20070302,5
20070304,1
20070305,3
20070307,1
20070309,1
20070311,1
20070312,3
20070314,2
20070315,1
20070321,1
20070327,1
20070328,1
20070402,1
20070403,1
20070404,3
20070409,4
20070410,3
20070411,1
20070412,3
20070414,2
20070417,1
20070419,1
20070422,1
20070423,2
20070424,1
20070428,3
20070502,1
20070505,7
20070507,10
20070509,2
20070510,3
20070514,2
20070516,2
20070517,1
20070518,1
20070520,1
20070523,1
20070527,1
20070528,1
20070529,1
20070601,1
20070605,1
20070608,1
20070610,1
20070615,1
20070618,1
20070620,1
20070625,2
20070627,1
20070629,2
20070703,1
20070704,1
20070708,1
20070709,1
20070710,2
20070711,2
20070712,1
20070713,2
20070714,1
20070718,2
20070721,1
20070725,1
20070726,2
20070727,1
20070728,1
20070803,2
20070804,1
20070805,1
20070807,1
20070808,1
20070809,3
20070810,2
20070813,1
20070815,2
20070816,1
20070817,1
20070821,2
20070822,2
20070823,1
20070824,1
20070904,1
20070905,2
20070907,1
20070913,2
20070914,2
20070915,1
20070921,1
20070927,2
20070928,2
20070929,1
20071002,1
20071006,1
20071009,5
20071011,1
20071012,2
20071013,1
20071014,1
20071016,2
20071019,2
20071021,1
20071022,1
20071023,1
20071025,1
20071026,3
20071029,1
20071030,1
20071102,3
20071103,1
20071104,1
20071105,5
20071106,1
20071107,1
20071112,1
20071113,1
20071114,3
20071115,1
20071116,1
20071117,2
20071119,1
20071120,1
20071126,1
20071130,1
20071203,1
20071204,1
20071206,1
20071207,1
20071209,2
20071211,1
20071212,2
20071219,1
20071223,1
20071226,3
20071227,3
20071228,5
20071229,3
20071230,1
20080102,4
20080103,1
20080104,1
20080107,1
20080108,1
20080109,1
20080110,1
20080111,2
20080115,1
20080118,2
20080119,1
20080122,1
20080124,4
20080130,1
20080201,1
20080202,1
20080205,1
20080206,1
20080211,1
20080212,5
20080213,9
20080214,1
20080215,3
20080216,2
20080225,2
20080226,1
20080229,7
20080301,2
20080303,3
20080306,2
20080311,1
20080312,2
20080313,1
20080314,1
20080327,1
20080328,1
20080329,1
20080331,2
20080407,3
20080409,2
20080411,1
20080414,4
20080415,4
20080416,1
20080417,2
20080419,1
20080420,1
20080423,1
20080424,1
20080425,1
20080428,9
20080429,9
20080430,1
20080501,2
20080502,4
20080503,10
20080504,2
20080505,2
20080506,4
20080507,3
20080508,2
20080511,1
20080515,1
20080516,2
20080519,1
20080520,2
20080521,1
20080522,1
20080523,2
20080524,1
20080527,1
20080528,2
20080529,2
20080601,1
20080603,2
20080604,1
20080606,1
20080617,2
20080618,1
20080619,1
20080620,1
20080701,2
20080702,1
20080710,6
20080711,2
20080712,1
20080723,2
20080724,1
20080727,1
20080728,1
20080804,1
20080808,4
20080809,1
20080810,1
20080815,1
20080822,2
20080823,1
20080827,1
20080828,1
20080910,2
20080912,2
20080916,1
20080918,5
20080919,6
20080920,1
20080921,1
20080922,3
20080924,11
20080925,13
20080926,2
20080927,1
20080928,1
20080929,1
20080930,2
20081001,2
20081002,10
20081003,1
20081004,2
20081005,1
20081007,1
20081008,4
20081009,2
20081010,1
20081011,1
20081013,2
20081014,1
20081015,2
20081016,1
20081017,2
20081020,1
20081021,2
20081023,2
20081024,1
20081027,1
20081029,1
20081031,1
20081101,1
20081103,1
20081106,1
20081108,4
20081110,1
20081114,2
20081119,2
20081120,3
20081121,1
20081123,1
20081125,1
20081202,1
20081203,2
20081204,2
20081209,2
20081216,1
20081217,2
20081218,3
20081219,1
20081223,1
20081231,1
20090102,2
20090103,1
20090106,1
20090107,1
20090114,1
20090116,1
20090122,1
20090124,1
20090127,1
20090204,2
20090205,1
20090206,4
20090212,1
20090213,3
20090214,1
20090217,1
20090219,4
20090220,2
20090223,1
20090224,1
20090227,3
20090228,2
20090301,2
20090302,3
20090303,2
20090304,3
20090305,1
20090309,1
20090310,3
20090311,2
20090312,1
20090313,2
20090314,1
20090316,1
20090324,1
20090326,1
20090327,1
20090331,1
20090402,1
20090403,1
20090406,1
20090407,1
20090409,2
20090412,1
20090414,1
20090417,1
20090420,1
20090424,1
20090428,1
20090430,2
20090501,2
20090502,11
20090504,4
20090505,2
20090506,1
20090508,2
20090509,2
20090518,1
20090519,1
20090520,1
20090521,2
20090528,1
20090529,1
20090601,2
20090615,1
20090616,1
20090619,1
20090622,1
20090623,1
20090624,2
20090625,1
20090628,1
20090629,1
20090702,1
20090707,1
20090709,1
20090710,1
20090713,1
20090717,1
20090723,3
20090724,3
20090725,1
20090726,1
20090729,1
20090731,1
20090802,1
20090805,2
20090806,2
20090807,2
20090808,1
20090810,1
20090812,1
20090814,1
20090817,1
20090821,1
20090822,1
20090826,2
20090902,1
20090903,4
20090904,1
20090905,1
20090909,1
20090916,1
20090917,1
20090921,1
20090923,1
20090924,1
20090925,1
20090929,1
20091002,1
20091005,1
20091008,1
20091009,1
20091020,1
20091025,1
20091027,1
20091028,1
20091030,1
20091103,8
20091104,9
20091105,9
20091106,1
20091107,3
20091108,1
20091109,4
20091110,6
20091112,1
20091113,1
20091117,3
20091118,1
20091124,2
20091125,1
20091201,1
20091204,1
20091207,1
20091208,1
20091210,2
20091211,1
20091214,1
20091216,3
20091221,1
20091223,2
20091224,1
20091228,2
20091229,1
20100104,2
20100105,7
20100106,6
20100107,3
20100108,1
20100112,4
20100115,1
20100117,1
20100118,2
20100119,5
20100120,5
20100121,4
20100122,3
20100123,1
20100125,2
20100126,4
20100127,3
20100128,1
20100129,1
20100202,2
20100203,1
20100204,4
20100205,3
20100206,1
20100207,1
20100208,1
20100209,2
20100210,1
20100211,7
20100212,1
20100213,3
20100214,1
20100217,2
20100219,1
20100223,5
20100224,1
20100225,1
20100226,2
20100227,2
20100228,1
20100301,5
20100302,6
20100304,1
20100305,2
20100308,1
20100310,2
20100311,3
20100312,1
20100315,1
20100316,2
20100319,2
20100323,2
20100324,1
20100327,1
20100401,1
20100406,1
20100411,1
20100412,1
20100413,2
20100418,1
20100419,1
20100423,3
20100426,3
20100427,2
20100428,1
20100429,1
20100430,3
20100501,2
20100502,1
20100503,3
20100504,3
20100505,2
20100506,1
20100508,1
20100511,2
20100512,1
20100518,1
20100519,2
20100521,2
20100522,1
20100525,1
20100527,1
20100528,1
20100530,1
20100602,2
20100603,2
20100604,1
20100605,1
20100609,2
20100610,1
20100611,1
20100613,1
20100615,1
20100617,2
20100618,1
20100623,1
20100624,3
20100629,2
20100701,3
20100702,2
20100706,2
20100707,1
20100708,3
20100715,1
20100716,1
20100717,1
20100718,1
20100722,1
20100727,1
20100730,3
20100802,1
20100803,1
20100805,1
20100806,2
20100807,1
20100811,1
20100817,5
20100818,2
20100820,1
20100823,2
20100824,1
20100827,3
20100831,2
20100902,2
20100907,3
20100913,1
20100914,1
20100927,1
20100928,1
20100929,1
20100930,2
20101004,1
20101007,2
20101008,1
20101010,1
20101014,2
20101018,1
20101019,3
20101020,3
20101021,4
20101023,1
20101025,4
20101026,9
20101027,6
20101028,2
20101029,4
20101030,1
20101031,2
20101101,5
20101102,1
20101103,2
20101104,5
20101105,2
20101106,1
20101108,2
20101109,1
20101110,1
20101112,1
20101115,2
20101116,3
20101117,1
20101118,4
20101119,1
20101120,1
20101124,1
20101129,1
20101202,1
20101206,1
20101209,1
20101214,2
20101218,1
20101220,1
20101228,1
20101230,2
20110102,1
20110103,1
20110104,4
20110105,3
20110106,2
20110111,1
20110112,2
20110113,2
20110114,1
20110116,1
20110120,3
20110121,1
20110124,1
20110125,1
20110127,1
20110131,2
20110201,1
20110205,1
20110207,2
20110208,4
20110210,1
20110214,3
20110215,6
20110216,2
20110218,2
20110221,2
20110224,3
20110225,2
20110226,12
20110227,1
20110228,6
20110301,5
20110302,5
20110303,5
20110304,2
20110305,3
20110307,1
20110308,3
20110309,1
20110310,3
20110311,2
20110313,1
20110314,8
20110315,4
20110317,2
20110318,7
20110319,3
20110321,8
20110322,10
20110323,4
20110324,3
20110325,1
20110327,1
20110328,4
20110329,3
20110330,7
20110331,26
20110401,10
20110402,5
20110403,1
20110404,3
20110405,2
20110406,8
20110407,7
20110408,4
20110410,1
20110411,2
20110412,3
20110414,1
20110415,2
20110419,2
20110420,3
20110421,3
20110425,1
20110427,10
20110428,4
20110429,5
20110430,16
20110501,7
20110502,7
20110504,4
20110505,4
20110506,1
20110511,1
20110512,1
20110516,5
20110517,3
20110518,3
20110519,1
20110520,1
20110521,1
20110525,2
20110526,3
20110531,1
20110602,1
20110603,1
20110606,3
20110607,1
20110608,1
20110609,3
20110610,1
20110612,1
20110613,3
20110614,1
20110617,2
20110618,1
20110620,5
20110622,1
20110628,1
20110629,3
20110630,3
20110702,1
20110705,1
20110706,6
20110707,4
20110708,1
20110713,1
20110725,1
20110728,1
20110730,1
20110801,1
20110802,1
20110804,2
20110805,4
20110806,2
20110808,10
20110809,5
20110810,3
20110811,3
20110812,1
20110813,3
20110815,2
20110816,8
20110817,2
20110818,3
20110819,1
20110822,2
20110823,1
20110824,2
20110825,11
20110826,7
20110827,3
20110828,1
20110829,4
20110830,5
20110831,4
20110902,4
20110903,1
20110904,1
20110906,3
20110907,2
20110909,1
20110910,1
20110912,8
20110913,8
20110914,7
20110915,5
20110916,4
20110917,2
20110919,5
20110920,2
20110921,2
20110922,1
20110923,6
20110925,1
20110926,14
20110927,10
20110928,2
20110930,3
20111001,2
20111003,1
20111004,5
20111006,1
20111011,1
20111012,1
20111013,2
20111014,2
20111019,3
20111020,3
20111024,1
20111025,1
20111026,5
20111027,1
20111028,3
20111101,1
20111103,3
20111104,1
20111105,3
20111107,4
20111108,1
20111109,1
20111111,1
20111114,16
20111115,4
20111118,2
20111119,2
20111121,8
20111122,2
20111130,3
20111201,1
20111205,2
20111206,1
20111207,1
20111208,4
20111209,1
20111212,1
20111214,1
20111215,1
20111217,1
20111220,1
20111227,1
20111228,1
20111229,4
20111230,1
20120103,4
20120105,2
20120106,1
20120109,1
20120110,3
20120111,1
20120112,4
20120117,1
20120120,2
20120122,1
20120124,1
20120126,1
20120127,2
20120128,1
20120129,1
20120201,2
20120202,2
20120203,4
20120204,1
20120206,2
20120207,1
20120208,1
20120211,1
20120214,3
20120215,1
20120216,1
20120221,1
20120222,1
20120223,1
20120224,5
20120225,6
20120226,3
20120227,12
20120228,4
20120229,4
20120305,2
20120308,1
20120309,1
20120313,1
20120314,1
20120315,1
20120316,1
20120319,3
20120320,3
20120321,1
20120323,1
20120325,1
20120326,2
20120327,2
20120328,1
20120401,1
20120402,1
20120403,1
20120404,1
20120405,4
20120409,1
20120410,3
20120411,1
20120412,2
20120413,1
20120414,2
20120416,1
20120417,7
20120418,15
20120419,2
20120420,5
20120421,1
20120423,2
20120424,2
20120425,3
20120430,1
20120501,1
20120503,3
20120504,7
20120505,6
20120506,3
20120507,11
20120508,1
20120510,11
20120511,8
20120512,1
20120513,2
20120514,3
20120515,5
20120516,3
20120517,6
20120518,2
20120521,1
20120522,2
20120523,5
20120524,3
20120525,3
20120529,1
20120531,1
20120601,1
20120605,4
20120606,3
20120607,1
20120608,2
20120611,4
20120612,2
20120613,3
20120615,9
20120618,3
20120619,1
20120620,1
20120622,1
20120625,2
20120626,1
20120627,1
20120708,1
20120709,3
20120710,2
20120713,1
20120719,2
20120725,1
20120726,1
20120729,1
20120801,4
20120802,3
20120803,3
20120806,4
20120807,1
20120809,2
20120810,1
20120814,3
20120815,3
20120820,2
20120821,4
20120823,1
20120827,5
20120828,2
20120829,1
20120830,1
20120905,2
20120909,1
20120911,1
20120914,1
20120917,2
20120918,3
20120919,1
20120921,1
20120925,1
20120926,1
20121002,1
20121003,1
20121008,1
20121012,2
20121014,1
20121018,1
20121019,1
20121021,1
20121022,3
20121023,1
20121024,5
20121025,2
20121026,3
20121029,2
20121102,6
20121104,1
20121105,4
20121106,1
20121107,1
20121108,2
20121109,1
20121112,6
20121113,1
20121114,2
20121115,1
20121116,2
20121118,2
20121120,1
20121121,2
20121126,2
20121127,3
20121128,4
20121130,3
20121204,1
20121206,1
20121207,1
20121212,9
20121213,4
20121214,7
20121216,1
20121217,2
20121218,1
20121219,1
20121221,1
20121226,1
20121227,4
20121228,1
20130103,3
20130104,5
20130106,2
20130107,3
20130108,1
20130111,1
20130112,1
20130121,1
20130122,4
20130123,2
20130124,1
20130125,2
20130128,1
20130129,2
20130130,3
20130131,2
20130201,1
20130204,1
20130205,2
20130206,1
20130207,2
20130208,1
20130214,32
20130215,14
20130216,1
20130217,1
20130218,2
20130219,6
20130220,6
20130221,6
20130222,2
20130224,1
20130225,2
20130226,1
20130227,2
20130228,1
20130301,19
20130304,8
20130305,5
20130306,1
20130307,1
20130308,2
20130311,3
20130312,1
20130313,2
20130314,2
20130315,3
20130319,2
20130320,1
20130321,2
20130322,1
20130325,1
20130326,9
20130327,5
20130329,1
20130331,2
20130401,1
20130402,2
20130403,1
20130404,1
20130405,2
20130407,3
20130411,7
20130412,1
20130417,1
20130418,2
20130419,3
20130421,2
20130423,1
20130426,5
20130428,2
20130429,1
20130430,3
20130501,6
20130502,9
20130503,14
20130504,6
20130505,5
20130506,16
20130507,3
20130508,1
20130509,1
20130510,1
20130513,1
20130514,2
20130515,2
20130516,8
20130517,3
20130519,1
20130520,2
20130521,6
20130523,3
20130524,1
20130528,1
20130529,4
20130530,6
20130602,1
20130603,1
20130604,1
20130605,1
20130606,2
20130607,2
20130609,1
20130610,3
20130611,1
20130612,7
20130613,1
20130616,1
20130617,1
20130620,1
20130623,1
20130625,3
20130626,2
20130627,1
20130628,1
20130701,1
20130702,5
20130708,3
20130709,1
20130715,1
20130718,5
20130719,3
20130721,1
20130723,1
20130724,2
20130725,3
20130731,1
20130801,1
20130802,3
20130805,4
20130806,2
20130808,4
20130809,5
20130812,1
20130813,2
20130814,1
20130815,3
20130816,1
20130817,1
20130821,1
20130823,1
20130824,1
20130826,2
20130829,1
20130830,1
20130903,1
20130905,3
20130908,1
20130909,1
20130912,1
20130913,1
20130916,2
20130918,1
20130919,1
20130920,2
20130923,2
20130925,1
20130927,1
20130930,3
20131004,2
20131006,1
20131007,2
20131010,1
20131014,6
20131016,5
20131018,3
20131021,1
20131022,4
20131024,1
20131025,2
20131028,1
20131031,3
20131101,4
20131104,2
20131105,1
20131110,1
20131111,2
20131114,3
20131115,6
20131116,1
20131117,1
20131121,2
20131122,1
20131126,1
20131127,1
20131201,2
20131203,3
20131205,1
20131206,2
20131208,1
20131211,2
20131212,1
20131213,2
20131216,1
20131217,1
20131218,3
20131223,2
20131224,1
20131226,1
20131227,1
20131230,1
20131231,4
20140102,7
20140104,1
20140108,1
20140109,1
20140110,3
20140113,1
20140114,1
20140116,2
20140117,1
20140121,2
20140122,4
20140123,4
20140124,3
20140126,1
20140127,1
20140128,2
20140129,2
20140203,3
20140204,2
20140206,2
20140210,3
20140211,1
20140212,1
20140213,1
20140214,1
20140215,1
20140216,1
20140217,2
20140219,3
20140220,2
20140221,6
20140225,2
20140226,2
20140227,3
20140228,4
20140301,4
20140303,4
20140304,4
20140305,2
20140306,1
20140307,2
20140309,1
20140311,1
20140312,3
20140313,2
20140314,4
20140318,2
20140319,3
20140320,1
20140321,2
20140323,1
20140325,4
20140327,2
20140402,2
20140404,2
20140408,1
20140409,3
20140410,2
20140415,1
20140416,4
20140417,2
20140418,1
20140421,1
20140422,1
20140423,2
20140424,2
20140427,1
20140429,1
20140430,3
20140501,5
20140502,13
20140503,6
20140504,5
20140505,13
20140506,2
20140507,3
20140513,1
20140515,4
20140518,1
20140519,3
20140520,6
20140522,1
20140523,2
20140528,5
20140529,2
20140530,1
20140603,1
20140604,1
20140605,1
20140607,1
20140608,2
20140610,1
20140611,1
20140616,1
20140617,1
20140620,2
20140622,1
20140623,2
20140624,1
20140627,2
20140629,1
20140701,2
20140703,1
20140704,1
20140711,3
20140716,2
20140717,5
20140721,1
20140725,1
20140728,2
20140729,1
20140730,1
20140731,1
20140801,1
20140803,1
20140804,6
20140805,3
20140808,1
20140813,1
20140814,9
20140815,4
20140817,2
20140818,1
20140820,2
20140821,3
20140822,2
20140823,1
20140824,2
20140825,7
20140826,14
20140827,4
20140828,1
20140829,4
20140901,1
20140903,1
20140904,1
20140905,1
20140907,2
20140908,2
20140909,1
20140910,2
20140911,4
20140912,5
20140915,5
20140917,2
20140918,1
20140919,1
20140921,2
20140923,1
20140924,2
20140928,1
20140929,1
20141001,1
20141002,16
20141003,5
20141006,1
20141007,1
20141008,3
20141009,2
20141012,1
20141013,3
20141015,1
20141016,3
20141017,1
20141020,2
20141021,2
20141022,2
20141023,4
20141024,3
20141026,2
20141029,2
20141030,2
20141031,1
20141101,1
20141102,1
20141104,1
20141106,1
20141107,3
20141110,1
20141111,2
20141112,2
20141113,11
20141114,10
20141116,1
20141119,2
20141120,1
20141123,2
20141124,1
20141125,2
20141201,7
20141202,3
20141204,1
20141208,2
20141211,2
20141212,2
20141215,8
20141216,2
20141217,1
20141218,2
20141219,2
20141220,1
20141221,1
20141222,1
20141229,1
20141230,2
20150104,2
20150105,3
20150106,3
20150107,2
20150108,4
20150123,1
20150125,2
20150126,1
20150127,2
20150128,1
20150129,2
20150130,1
20150203,2
20150204,1
20150209,1
20150210,3
20150211,2
20150212,1
20150213,2
20150217,4
20150218,11
20150219,4
20150220,2
20150224,3
20150225,3
20150226,4
20150227,16
20150228,8
20150301,2
20150302,11
20150304,4
20150305,7
20150306,4
20150308,2
20150309,1
20150310,3
20150313,2
20150316,1
20150317,3
20150318,4
20150320,1
20150324,2
20150325,22
20150326,2
20150327,3
20150331,4
20150401,2
20150406,1
20150407,8
20150408,2
20150410,1
20150413,1
20150414,2
20150415,3
20150416,2
20150417,2
20150419,1
20150420,1
20150421,1
20150422,5
20150423,2
20150427,3
20150428,4
20150429,1
20150430,9
