20050208,1
20050218,1
20050228,6
20050301,10
20050302,6
20050303,1
20050304,2
20050307,3
20050308,1
20050309,1
20050310,1
20050317,2
20050321,1
20050331,3
20050401,1
20050406,2
20050412,1
20050413,3
20050414,1
20050425,2
20050429,1
20050505,1
20050516,1
20050527,1
20050603,2
20050609,2
20050610,2
20050613,1
20050614,1
20050617,1
20050630,1
20050722,1
20050804,1
20050809,3
20050810,2
20050819,1
20050822,1
20050824,1
20050829,1
20050902,1
20050909,1
20050916,1
20050927,1
20051012,1
20051025,1
20051031,1
20051110,1
20051118,1
20051201,1
20051207,1
20051228,1
20060103,1
20060113,2
20060124,1
20060126,1
20060130,1
20060216,1
20060217,1
20060224,1
20060302,1
20060307,2
20060308,3
20060309,3
20060316,1
20060322,1
20060323,2
20060411,1
20060419,1
20060420,1
20060426,1
20060504,1
20060517,1
20060526,1
20060605,1
20060606,3
20060609,3
20060620,1
20060713,1
20060724,1
20060829,1
20060905,1
20060918,1
20061004,1
20061031,1
20061101,2
20061121,1
20061219,1
20061224,1
20070109,1
20070122,1
20070123,1
20070216,1
20070427,1
20070501,1
20070503,2
20070511,1
20070521,1
20070524,1
20070531,1
20070605,1
20070618,1
20070620,1
20070628,1
20070629,1
20070702,1
20070706,1
20070710,1
20070716,1
20070723,2
20070727,1
20070801,2
20070822,1
20070824,2
20070907,2
20070910,1
20070912,1
20070926,1
20071012,4
20071013,1
20071015,7
20071016,5
20071017,2
20071019,1
20071022,1
20071023,1
20071029,2
20071108,1
20071115,2
20071117,1
20071206,1
20071207,2
20071212,1
20071213,2
20071214,4
20071220,1
20071221,1
20080108,1
20080111,1
20080114,1
20080115,2
20080129,2
20080204,1
20080206,2
20080211,1
20080214,1
20080215,1
20080219,1
20080227,1
20080228,1
20080229,1
20080304,1
20080318,1
20080319,1
20080410,1
20080411,1
20080414,1
20080415,1
20080416,2
20080418,1
20080422,1
20080423,1
20080429,3
20080430,1
20080522,1
20080523,1
20080602,2
20080605,1
20080611,1
20080612,2
20080619,1
20080620,1
20080630,1
20080708,1
20080709,1
20080715,1
20080717,1
20080721,2
20080722,2
20080801,5
20080802,4
20080804,3
20080807,1
20080812,1
20080826,2
20080906,1
20080928,1
20080929,2
20081008,1
20081015,1
20081017,1
20081021,1
20081030,1
20081031,1
20081213,1
20081215,1
20081216,1
20090114,1
20090121,1
20090123,1
20090124,1
20090126,1
20090127,1
20090207,1
20090211,1
20090225,1
20090304,1
20090310,1
20090402,1
20090404,1
20090408,1
20090409,2
20090410,1
20090411,1
20090415,1
20090416,1
20090507,1
20090526,1
20090529,1
20090530,1
20090601,1
20090604,1
20090605,1
20090610,2
20090616,1
20090617,1
20090630,1
20090702,1
20090717,1
20090722,1
20090807,1
20090810,1
20090819,1
20090904,2
20090905,3
20090908,1
20090909,1
20090914,3
20090915,1
20090916,1
20090917,1
20090922,3
20090923,1
20090930,2
20091001,1
20091011,1
20091020,1
20091022,1
20091026,1
20091028,1
20091118,1
20091210,2
20091217,1
20091218,1
20100105,1
20100107,1
20100118,1
20100121,1
20100122,1
20100125,1
20100128,1
20100129,2
20100209,2
20100210,2
20100217,1
20100308,3
20100309,1
20100311,1
20100312,1
20100315,1
20100322,2
20100328,1
20100408,1
20100412,1
20100414,1
20100420,2
20100421,1
20100428,1
20100519,1
20100521,1
20100524,1
20100601,1
20100604,1
20100609,2
20100610,2
20100630,1
20100702,1
20100703,1
20100720,1
20100721,1
20100726,2
20100727,1
20100805,1
20100818,1
20100910,1
20100917,1
20100922,1
20100923,1
20101004,1
20101011,1
20101026,1
20101027,1
20101103,1
20101104,1
20110113,1
20110120,1
20110122,1
20110124,2
20110201,1
20110207,1
20110208,2
20110321,2
20110328,1
20110407,1
20110411,3
20110412,2
20110418,1
20110421,3
20110422,1
20110502,1
20110509,1
20110510,1
20110517,2
20110524,1
20110531,1
20110608,1
20110614,1
20110622,1
20110626,1
20110701,1
20110722,1
20110725,1
20110726,1
20110727,1
20110801,1
20110802,1
20110809,1
20110815,1
20110816,1
20110817,3
20110818,3
20110912,1
20111024,1
20111026,1
20111027,3
20111028,3
20111122,1
20111123,1
20111230,1
20120123,2
20120125,1
20120131,2
20120201,1
20120214,1
20120215,1
20120301,1
20120413,1
20120416,1
20120501,1
20120514,2
20120714,1
20120723,1
20120724,1
20120731,5
20120912,1
20120926,1
20120927,1
20121018,1
20121029,1
20121119,1
20121120,1
20121130,1
20121205,1
20121210,1
20121216,1
20130103,2
20130128,1
20130206,2
20130207,1
20130211,1
20130222,1
20130225,1
20130226,1
20130301,1
20130304,2
20130327,1
20130403,1
20130404,1
20130412,1
20130415,1
20130416,1
20130418,1
20130508,1
20130513,1
20130520,1
20130523,1
20130607,1
20130623,2
20130722,1
20130725,2
20130729,1
20130826,1
20130909,1
20130916,1
20130917,1
20131007,1
20131010,1
20131016,1
20131017,2
20131025,1
20131028,3
20131030,1
20131031,1
20131108,1
20131122,1
20131202,1
20131207,1
20131210,1
20131215,1
20131223,1
20131229,1
20131230,2
20140106,1
20140109,1
20140123,1
20140129,1
20140320,1
20140321,1
20140324,3
20140326,1
20140327,3
20140328,1
20140330,1
20140331,2
20140402,1
20140409,1
20140410,2
20140422,1
20140423,1
20140429,1
20140506,1
20140516,1
20140528,1
20140604,1
20140609,2
20140625,1
20140708,1
20140714,2
20140723,3
20140818,1
20140821,1
20140822,1
20140829,1
20141003,1
20141007,1
20141013,1
20141022,2
20141023,1
20141024,1
20141115,1
20141126,1
20141202,2
20141203,1
20141219,1
20150106,1
20150108,3
20150112,1
20150126,1
20150128,1
20150129,1
20150130,1
20150209,2
20150305,1
20150309,1
20150311,1
20150317,3
20150319,1
20150320,4
20150323,4
20150427,1
