20050102,3
20050103,14
20050104,8
20050105,12
20050106,10
20050107,6
20050108,1
20050109,2
20050110,5
20050111,7
20050112,11
20050113,8
20050114,8
20050116,4
20050117,4
20050118,7
20050119,10
20050120,5
20050121,14
20050123,2
20050124,6
20050125,8
20050126,11
20050127,7
20050128,7
20050130,1
20050131,3
20050201,9
20050202,14
20050203,11
20050204,9
20050206,1
20050207,10
20050208,6
20050209,12
20050210,7
20050211,3
20050213,2
20050214,8
20050215,8
20050216,12
20050217,9
20050218,5
20050219,1
20050220,2
20050221,4
20050222,1
20050223,9
20050224,9
20050225,6
20050227,2
20050228,13
20050301,8
20050302,8
20050303,8
20050304,10
20050306,4
20050307,8
20050308,7
20050309,9
20050310,13
20050311,9
20050313,4
20050314,9
20050315,9
20050316,19
20050317,20
20050318,10
20050320,3
20050321,6
20050322,21
20050323,14
20050324,10
20050325,6
20050327,1
20050328,9
20050329,7
20050330,14
20050331,8
20050401,15
20050403,5
20050404,10
20050405,8
20050406,9
20050407,11
20050408,6
20050410,1
20050411,6
20050412,10
20050413,10
20050414,1
20050415,6
20050417,3
20050418,12
20050419,4
20050420,12
20050421,9
20050422,4
20050424,1
20050425,5
20050426,6
20050427,6
20050428,6
20050429,8
20050501,4
20050502,10
20050503,6
20050504,17
20050505,17
20050506,11
20050507,1
20050508,2
20050509,9
20050510,6
20050511,11
20050512,8
20050513,10
20050514,1
20050515,1
20050516,10
20050517,4
20050518,10
20050519,6
20050520,6
20050522,4
20050523,5
20050524,6
20050525,14
20050526,7
20050527,10
20050529,3
20050530,2
20050531,9
20050601,13
20050602,11
20050603,9
20050604,1
20050605,2
20050606,6
20050607,6
20050608,6
20050609,11
20050610,7
20050612,3
20050613,7
20050614,5
20050615,9
20050616,13
20050617,10
20050619,2
20050620,7
20050621,5
20050622,11
20050623,13
20050624,14
20050626,2
20050627,6
20050628,11
20050629,9
20050630,7
20050701,11
20050703,3
20050705,8
20050706,7
20050707,8
20050708,5
20050710,2
20050711,8
20050712,7
20050713,6
20050714,4
20050715,6
20050717,4
20050718,6
20050719,7
20050720,9
20050721,5
20050722,15
20050723,1
20050724,4
20050725,6
20050726,12
20050727,6
20050728,8
20050729,5
20050731,2
20050801,5
20050802,5
20050803,12
20050804,13
20050805,10
20050807,2
20050808,7
20050809,10
20050810,4
20050811,9
20050812,10
20050814,1
20050815,6
20050816,8
20050817,7
20050818,2
20050819,5
20050821,1
20050822,5
20050823,8
20050824,9
20050825,6
20050826,6
20050828,1
20050829,8
20050830,8
20050831,7
20050901,11
20050902,5
20050904,2
20050905,2
20050906,4
20050907,6
20050908,8
20050909,11
20050911,1
20050912,8
20050913,7
20050914,9
20050915,8
20050916,7
20050917,4
20050918,1
20050919,6
20050920,8
20050921,8
20050922,6
20050923,8
20050924,4
20050925,1
20050926,8
20050927,5
20050928,7
20050929,8
20050930,12
20051001,3
20051002,3
20051003,7
20051004,12
20051005,7
20051006,7
20051007,9
20051008,4
20051009,2
20051010,11
20051011,9
20051012,12
20051013,8
20051014,12
20051015,5
20051016,2
20051017,7
20051018,10
20051019,7
20051020,9
20051021,7
20051022,4
20051023,2
20051024,6
20051025,6
20051026,7
20051027,8
20051028,5
20051029,4
20051030,3
20051031,4
20051101,6
20051102,8
20051103,6
20051104,7
20051105,2
20051106,2
20051107,6
20051108,5
20051109,9
20051110,2
20051111,5
20051112,4
20051113,2
20051114,4
20051115,6
20051116,7
20051117,10
20051118,5
20051119,2
20051120,4
20051121,8
20051122,10
20051123,9
20051124,3
20051125,10
20051126,5
20051127,1
20051128,5
20051129,5
20051130,8
20051201,8
20051202,11
20051203,2
20051204,1
20051205,6
20051206,7
20051207,10
20051208,12
20051209,5
20051210,2
20051211,1
20051212,9
20051213,5
20051214,8
20051215,6
20051216,13
20051217,3
20051218,1
20051219,5
20051220,6
20051221,7
20051222,7
20051223,6
20051224,2
20051226,1
20051227,4
20051228,7
20051229,6
20051230,4
20051231,6
20060101,2
20060103,11
20060104,8
20060105,9
20060106,8
20060107,5
20060108,1
20060109,3
20060110,3
20060111,9
20060112,6
20060113,5
20060114,4
20060115,4
20060116,8
20060117,5
20060118,6
20060119,7
20060120,9
20060121,4
20060122,1
20060123,5
20060124,5
20060125,6
20060126,4
20060127,8
20060128,5
20060129,4
20060130,7
20060131,6
20060201,6
20060202,4
20060203,6
20060204,4
20060205,2
20060206,8
20060207,3
20060208,6
20060209,10
20060210,9
20060211,5
20060212,3
20060213,8
20060214,10
20060215,9
20060216,11
20060217,7
20060218,3
20060219,4
20060220,2
20060221,5
20060222,6
20060223,8
20060224,7
20060225,4
20060226,3
20060227,10
20060228,5
20060301,13
20060302,9
20060303,14
20060304,3
20060305,1
20060306,7
20060307,12
20060308,14
20060309,10
20060310,12
20060311,6
20060312,2
20060313,8
20060314,5
20060315,10
20060316,7
20060317,12
20060318,3
20060319,5
20060320,4
20060321,8
20060322,5
20060323,11
20060324,10
20060325,5
20060326,1
20060327,10
20060328,10
20060329,15
20060330,13
20060331,11
20060401,8
20060403,12
20060404,12
20060405,10
20060406,6
20060407,7
20060408,3
20060409,1
20060410,4
20060411,4
20060412,7
20060413,6
20060414,7
20060415,7
20060416,2
20060417,12
20060418,9
20060419,10
20060420,7
20060421,11
20060422,4
20060423,2
20060424,9
20060425,5
20060426,9
20060427,11
20060428,9
20060429,3
20060430,5
20060501,5
20060502,7
20060503,7
20060504,6
20060505,7
20060506,3
20060507,1
20060508,6
20060509,9
20060510,11
20060511,10
20060512,6
20060513,3
20060514,2
20060515,7
20060516,8
20060517,8
20060518,9
20060519,11
20060520,8
20060521,2
20060522,8
20060523,4
20060524,9
20060525,6
20060526,4
20060527,2
20060528,2
20060529,5
20060530,8
20060531,13
20060601,10
20060602,5
20060603,5
20060604,2
20060605,7
20060606,10
20060607,9
20060608,9
20060609,13
20060610,4
20060611,3
20060612,11
20060613,7
20060614,8
20060615,9
20060616,11
20060617,3
20060618,5
20060619,6
20060620,6
20060621,8
20060622,6
20060623,12
20060624,5
20060625,2
20060626,10
20060627,9
20060628,8
20060629,6
20060630,10
20060701,5
20060702,2
20060703,12
20060704,3
20060705,8
20060706,10
20060707,9
20060708,3
20060709,2
20060710,9
20060711,9
20060712,3
20060713,8
20060714,9
20060715,1
20060717,4
20060718,5
20060719,8
20060720,9
20060721,12
20060722,4
20060723,4
20060724,6
20060725,9
20060726,6
20060727,10
20060728,11
20060729,8
20060730,2
20060731,7
20060801,5
20060802,7
20060803,9
20060804,7
20060805,8
20060806,2
20060807,13
20060808,3
20060809,10
20060810,4
20060811,6
20060812,7
20060813,3
20060814,6
20060815,10
20060816,7
20060817,12
20060818,6
20060819,4
20060820,3
20060821,7
20060822,6
20060823,7
20060824,8
20060825,4
20060826,4
20060827,1
20060828,5
20060829,9
20060830,5
20060831,4
20060901,6
20060902,5
20060903,2
20060904,4
20060905,9
20060906,5
20060907,6
20060908,6
20060909,5
20060910,1
20060911,4
20060912,4
20060913,9
20060914,2
20060915,7
20060916,7
20060918,11
20060919,4
20060920,7
20060921,6
20060922,5
20060923,3
20060924,1
20060925,10
20060926,9
20060927,11
20060928,5
20060929,6
20060930,8
20061001,1
20061002,10
20061003,10
20061004,12
20061005,9
20061006,7
20061007,6
20061008,1
20061009,8
20061010,5
20061011,6
20061012,5
20061013,6
20061014,3
20061015,2
20061016,5
20061017,5
20061018,11
20061019,3
20061020,8
20061021,9
20061022,1
20061023,4
20061024,2
20061025,8
20061026,8
20061027,8
20061028,2
20061030,9
20061031,5
20061101,6
20061102,5
20061103,3
20061104,3
20061105,1
20061106,8
20061107,6
20061108,8
20061109,7
20061110,9
20061111,5
20061112,2
20061113,5
20061114,6
20061115,6
20061116,5
20061117,7
20061118,7
20061119,2
20061120,6
20061121,5
20061122,10
20061123,1
20061124,5
20061125,2
20061126,1
20061127,7
20061128,5
20061129,4
20061130,5
20061201,3
20061202,4
20061203,1
20061204,6
20061205,10
20061206,6
20061207,15
20061208,7
20061209,5
20061210,1
20061211,4
20061212,8
20061213,8
20061214,10
20061215,7
20061216,7
20061217,2
20061218,11
20061219,6
20061220,8
20061221,9
20061222,11
20061223,4
20061224,1
20061226,3
20061227,5
20061228,6
20061229,5
20061230,6
20061231,1
20070101,1
20070102,12
20070103,7
20070104,11
20070105,6
20070106,3
20070107,1
20070108,5
20070109,3
20070110,8
20070111,11
20070112,8
20070113,3
20070114,2
20070115,1
20070116,3
20070117,4
20070118,8
20070119,2
20070120,4
20070121,3
20070122,6
20070123,4
20070124,5
20070125,5
20070126,6
20070127,3
20070128,2
20070129,7
20070130,6
20070131,7
20070201,8
20070202,4
20070203,9
20070205,7
20070206,6
20070207,5
20070208,12
20070209,7
20070210,4
20070211,2
20070212,7
20070213,7
20070214,13
20070215,9
20070216,11
20070217,4
20070218,1
20070219,1
20070220,6
20070221,9
20070222,7
20070223,8
20070224,5
20070225,1
20070226,11
20070227,6
20070228,13
20070301,11
20070302,7
20070303,3
20070304,4
20070305,16
20070306,8
20070307,8
20070308,9
20070309,8
20070310,7
20070311,1
20070312,10
20070313,4
20070314,11
20070315,13
20070316,11
20070317,5
20070318,2
20070319,5
20070320,8
20070321,10
20070322,8
20070323,9
20070324,3
20070325,1
20070326,8
20070327,6
20070328,12
20070329,9
20070330,9
20070331,6
20070401,3
20070402,17
20070403,10
20070404,12
20070405,8
20070406,4
20070407,5
20070409,2
20070410,4
20070411,10
20070412,6
20070413,6
20070414,4
20070415,1
20070416,9
20070417,6
20070418,6
20070419,3
20070420,8
20070421,4
20070422,2
20070423,4
20070424,4
20070425,11
20070426,7
20070427,3
20070428,5
20070429,1
20070430,7
20070501,2
20070502,7
20070503,12
20070504,6
20070505,6
20070507,12
20070508,5
20070509,6
20070510,6
20070511,6
20070512,4
20070514,8
20070515,7
20070516,5
20070517,8
20070518,4
20070519,3
20070520,2
20070521,17
20070522,9
20070523,9
20070524,7
20070525,4
20070526,3
20070527,3
20070528,1
20070529,13
20070530,10
20070531,5
20070601,6
20070602,5
20070603,2
20070604,9
20070605,8
20070606,11
20070607,9
20070608,18
20070609,11
20070610,1
20070611,12
20070612,13
20070613,13
20070614,16
20070615,13
20070616,8
20070617,3
20070618,11
20070619,9
20070620,19
20070621,11
20070622,12
20070623,7
20070624,1
20070625,7
20070626,13
20070627,22
20070628,14
20070629,14
20070630,8
20070701,3
20070702,18
20070703,15
20070704,1
20070705,10
20070706,13
20070707,6
20070708,1
20070709,6
20070710,14
20070711,21
20070712,14
20070713,10
20070714,6
20070716,13
20070717,12
20070718,7
20070719,11
20070720,9
20070721,8
20070722,3
20070723,9
20070724,9
20070725,13
20070726,16
20070727,20
20070728,7
20070729,4
20070730,8
20070731,12
20070801,19
20070802,11
20070803,15
20070804,8
20070805,3
20070806,20
20070807,15
20070808,23
20070809,14
20070810,16
20070811,8
20070812,3
20070813,15
20070814,11
20070815,18
20070816,18
20070817,13
20070818,9
20070819,1
20070820,18
20070821,10
20070822,15
20070823,13
20070824,14
20070825,6
20070826,2
20070827,15
20070828,8
20070829,8
20070830,12
20070831,15
20070901,2
20070902,2
20070903,3
20070904,16
20070905,13
20070906,12
20070907,15
20070908,2
20070909,2
20070910,15
20070911,9
20070912,17
20070913,11
20070914,16
20070915,8
20070916,1
20070917,5
20070918,10
20070919,16
20070920,13
20070921,12
20070922,10
20070923,2
20070924,9
20070925,6
20070926,9
20070927,13
20070928,13
20070929,4
20070930,2
20071001,15
20071002,8
20071003,9
20071004,8
20071005,13
20071006,8
20071007,4
20071008,13
20071009,11
20071010,7
20071011,9
20071012,13
20071013,2
20071014,3
20071015,9
20071016,6
20071017,11
20071018,7
20071019,7
20071020,6
20071022,9
20071023,8
20071024,10
20071025,12
20071026,7
20071027,5
20071028,2
20071029,7
20071030,11
20071031,13
20071101,17
20071102,8
20071103,4
20071104,3
20071105,16
20071106,12
20071107,20
20071108,9
20071109,10
20071110,2
20071112,6
20071113,8
20071114,10
20071115,13
20071116,8
20071117,11
20071118,1
20071119,12
20071120,6
20071121,8
20071122,2
20071123,16
20071124,7
20071125,1
20071126,15
20071127,14
20071128,7
20071129,13
20071130,13
20071201,8
20071202,2
20071203,12
20071204,10
20071205,12
20071206,10
20071207,15
20071208,6
20071209,2
20071210,8
20071211,12
20071212,11
20071213,11
20071214,14
20071215,8
20071216,1
20071217,14
20071218,12
20071219,12
20071220,8
20071221,12
20071222,8
20071223,2
20071224,10
20071226,8
20071227,10
20071228,11
20071229,9
20071230,1
20071231,10
20080102,20
20080103,11
20080104,9
20080105,6
20080106,3
20080107,8
20080108,8
20080109,20
20080110,10
20080111,7
20080112,7
20080113,1
20080114,9
20080115,10
20080116,9
20080117,12
20080118,19
20080119,4
20080120,1
20080121,2
20080122,19
20080123,20
20080124,17
20080125,14
20080126,4
20080127,2
20080128,14
20080129,7
20080130,16
20080131,22
20080201,11
20080202,6
20080203,3
20080204,9
20080205,12
20080206,17
20080207,10
20080208,18
20080209,4
20080211,11
20080212,12
20080213,25
20080214,13
20080215,17
20080216,7
20080217,1
20080218,7
20080219,12
20080220,17
20080221,18
20080222,11
20080223,8
20080224,1
20080225,12
20080226,12
20080227,17
20080228,14
20080229,20
20080301,8
20080302,4
20080303,19
20080304,15
20080305,10
20080306,24
20080307,21
20080308,11
20080309,2
20080310,8
20080311,19
20080312,16
20080313,15
20080314,15
20080315,6
20080316,1
20080317,16
20080318,19
20080319,17
20080320,17
20080321,6
20080322,12
20080323,3
20080324,9
20080325,5
20080326,16
20080327,11
20080328,6
20080329,8
20080330,2
20080331,10
20080401,20
20080402,13
20080403,11
20080404,11
20080405,5
20080406,3
20080407,8
20080408,11
20080409,14
20080410,14
20080411,15
20080412,7
20080413,1
20080414,11
20080415,9
20080416,17
20080417,10
20080418,14
20080419,1
20080420,1
20080421,12
20080422,7
20080423,13
20080424,8
20080425,10
20080426,1
20080427,1
20080428,6
20080429,6
20080430,11
20080501,7
20080502,11
20080503,7
20080504,1
20080505,15
20080506,9
20080507,17
20080508,13
20080509,14
20080510,2
20080511,2
20080512,6
20080513,9
20080514,2
20080515,14
20080516,10
20080517,3
20080518,2
20080519,14
20080520,12
20080521,12
20080522,13
20080523,14
20080524,4
20080525,2
20080526,3
20080527,13
20080528,8
20080529,8
20080530,7
20080531,4
20080602,11
20080603,12
20080604,15
20080605,14
20080606,15
20080607,7
20080608,1
20080609,6
20080610,10
20080611,9
20080612,18
20080613,6
20080614,7
20080615,2
20080616,10
20080617,13
20080618,14
20080619,16
20080620,11
20080621,5
20080622,2
20080623,11
20080624,10
20080625,14
20080626,10
20080627,11
20080628,6
20080629,1
20080630,11
20080701,17
20080702,10
20080703,19
20080704,6
20080705,3
20080707,8
20080708,10
20080709,10
20080710,16
20080711,9
20080712,6
20080714,15
20080715,9
20080716,15
20080717,9
20080718,7
20080719,4
20080720,1
20080721,7
20080722,7
20080723,9
20080724,12
20080725,11
20080726,4
20080728,9
20080729,12
20080730,14
20080731,11
20080801,11
20080802,9
20080803,1
20080804,13
20080805,7
20080806,14
20080807,14
20080808,9
20080809,2
20080810,2
20080811,4
20080812,8
20080813,7
20080814,6
20080815,10
20080816,7
20080818,10
20080819,11
20080820,15
20080821,7
20080822,8
20080823,4
20080825,7
20080826,12
20080827,10
20080828,12
20080829,14
20080830,6
20080831,3
20080901,8
20080902,8
20080903,11
20080904,6
20080905,8
20080906,6
20080907,4
20080908,22
20080909,13
20080910,13
20080911,10
20080912,13
20080913,9
20080914,2
20080915,17
20080916,18
20080917,25
20080918,21
20080919,15
20080920,14
20080921,1
20080922,4
20080923,14
20080924,11
20080925,6
20080926,15
20080927,5
20080929,13
20080930,16
20081001,22
20081002,22
20081003,12
20081004,9
20081005,2
20081006,18
20081007,17
20081008,12
20081009,15
20081010,18
20081011,11
20081012,2
20081013,19
20081014,18
20081015,12
20081016,10
20081017,20
20081018,6
20081019,2
20081020,10
20081021,13
20081022,13
20081023,7
20081024,18
20081025,8
20081027,7
20081028,13
20081029,17
20081030,10
20081031,19
20081101,2
20081102,2
20081103,8
20081104,8
20081105,7
20081106,3
20081107,4
20081108,2
20081110,2
20081111,6
20081112,7
20081113,8
20081114,6
20081115,2
20081116,1
20081117,8
20081118,3
20081119,8
20081120,9
20081121,7
20081122,7
20081123,1
20081124,16
20081125,9
20081126,10
20081127,4
20081128,7
20081129,6
20081130,2
20081201,19
20081202,16
20081203,22
20081204,17
20081205,13
20081206,6
20081207,2
20081208,10
20081209,14
20081210,16
20081211,17
20081212,16
20081213,7
20081214,2
20081215,11
20081216,13
20081217,28
20081218,19
20081219,13
20081220,8
20081221,2
20081222,14
20081223,11
20081224,8
20081225,1
20081226,6
20081227,4
20081228,1
20081229,8
20081230,4
20081231,15
20090101,1
20090102,18
20090103,8
20090104,2
20090105,19
20090106,13
20090107,16
20090108,17
20090109,11
20090110,4
20090111,2
20090112,13
20090113,13
20090114,16
20090115,13
20090116,12
20090117,5
20090118,3
20090119,3
20090120,11
20090121,19
20090122,16
20090123,12
20090124,6
20090125,3
20090126,9
20090127,12
20090128,18
20090129,21
20090130,18
20090131,4
20090201,1
20090202,15
20090203,15
20090204,14
20090205,16
20090206,17
20090207,6
20090208,1
20090209,14
20090210,16
20090211,25
20090212,16
20090213,17
20090214,9
20090215,4
20090216,7
20090217,20
20090218,23
20090219,22
20090220,12
20090221,6
20090222,1
20090223,11
20090224,10
20090225,16
20090226,19
20090227,18
20090228,9
20090301,1
20090302,18
20090303,17
20090304,18
20090305,21
20090306,16
20090307,3
20090309,13
20090310,10
20090311,22
20090312,12
20090313,14
20090314,5
20090316,17
20090317,16
20090318,12
20090319,26
20090320,25
20090321,10
20090322,4
20090323,19
20090324,18
20090325,23
20090326,16
20090327,9
20090328,4
20090329,1
20090330,10
20090331,19
20090401,18
20090402,11
20090403,13
20090404,4
20090405,2
20090406,18
20090407,15
20090408,13
20090409,15
20090410,7
20090411,4
20090413,12
20090414,12
20090415,15
20090416,12
20090417,16
20090418,6
20090419,1
20090420,13
20090421,16
20090422,16
20090423,14
20090424,10
20090425,8
20090426,3
20090427,7
20090428,10
20090429,11
20090430,12
20090501,8
20090502,4
20090504,18
20090505,11
20090506,12
20090507,14
20090508,17
20090509,8
20090511,12
20090512,11
20090513,13
20090514,14
20090515,16
20090516,10
20090518,13
20090519,14
20090520,16
20090521,8
20090522,13
20090523,5
20090525,3
20090526,12
20090527,11
20090528,15
20090529,14
20090530,8
20090531,3
20090601,19
20090602,13
20090603,19
20090604,11
20090605,10
20090606,9
20090607,1
20090608,8
20090609,10
20090610,15
20090611,13
20090612,18
20090613,4
20090615,11
20090616,13
20090617,17
20090618,8
20090619,14
20090620,4
20090621,1
20090622,10
20090623,7
20090624,12
20090625,12
20090626,12
20090627,2
20090628,1
20090629,12
20090630,12
20090701,6
20090702,7
20090703,11
20090704,1
20090706,7
20090707,6
20090708,9
20090709,6
20090710,13
20090711,4
20090713,4
20090714,7
20090715,13
20090716,12
20090717,8
20090718,6
20090719,1
20090720,7
20090721,8
20090722,11
20090723,7
20090724,15
20090725,2
20090727,10
20090728,8
20090729,4
20090730,7
20090731,2
20090801,1
20090802,2
20090803,15
20090804,13
20090805,9
20090806,18
20090807,14
20090808,4
20090809,1
20090810,4
20090811,8
20090812,11
20090813,11
20090814,9
20090815,4
20090816,1
20090817,10
20090818,7
20090819,8
20090820,7
20090821,7
20090822,6
20090823,1
20090824,9
20090825,9
20090826,14
20090827,9
20090828,7
20090829,5
20090830,3
20090831,13
20090901,4
20090902,12
20090903,15
20090904,12
20090905,7
20090907,12
20090908,11
20090909,12
20090910,12
20090911,13
20090912,3
20090913,1
20090914,7
20090915,5
20090916,15
20090917,18
20090918,8
20090919,5
20090920,1
20090921,11
20090922,9
20090923,12
20090924,14
20090925,14
20090926,1
20090927,3
20090928,10
20090929,16
20090930,14
20091001,16
20091002,6
20091003,2
20091004,3
20091005,13
20091006,13
20091007,9
20091008,10
20091009,9
20091010,4
20091011,2
20091012,8
20091013,10
20091014,10
20091015,15
20091016,9
20091017,5
20091018,1
20091019,9
20091020,18
20091021,14
20091022,9
20091023,11
20091024,2
20091025,3
20091026,8
20091027,7
20091028,10
20091029,14
20091030,15
20091031,1
20091101,2
20091102,16
20091103,8
20091104,14
20091105,10
20091106,10
20091107,2
20091108,3
20091109,8
20091110,11
20091111,21
20091112,14
20091113,9
20091114,3
20091115,2
20091116,13
20091117,14
20091118,11
20091119,12
20091120,13
20091121,1
20091122,3
20091123,12
20091124,5
20091125,15
20091126,12
20091127,16
20091128,2
20091129,3
20091130,15
20091201,13
20091202,13
20091203,22
20091204,14
20091205,3
20091206,3
20091207,17
20091208,19
20091209,19
20091210,22
20091211,16
20091212,4
20091213,3
20091214,10
20091215,28
20091216,16
20091217,12
20091218,11
20091219,6
20091220,3
20091221,12
20091222,7
20091223,13
20091224,12
20091226,3
20091227,1
20091228,11
20091229,8
20091230,8
20091231,10
20100101,1
20100102,3
20100103,4
20100104,16
20100105,16
20100106,17
20100107,14
20100108,18
20100109,3
20100110,2
20100111,12
20100112,15
20100113,22
20100114,15
20100115,14
20100116,4
20100117,3
20100118,12
20100119,14
20100120,12
20100121,23
20100122,14
20100123,7
20100124,3
20100125,18
20100126,13
20100127,24
20100128,14
20100129,16
20100130,3
20100131,2
20100201,13
20100202,21
20100203,20
20100204,25
20100205,26
20100206,10
20100207,5
20100208,23
20100209,18
20100210,28
20100211,17
20100212,17
20100213,3
20100214,1
20100215,6
20100216,17
20100217,15
20100218,17
20100219,12
20100220,5
20100221,4
20100222,18
20100223,20
20100224,23
20100225,18
20100226,20
20100227,13
20100228,4
20100301,9
20100302,8
20100303,6
20100304,11
20100305,5
20100307,1
20100308,9
20100309,16
20100310,22
20100311,6
20100312,7
20100313,2
20100314,3
20100315,6
20100316,9
20100317,7
20100318,9
20100319,9
20100320,3
20100321,1
20100322,14
20100323,7
20100324,9
20100325,7
20100326,12
20100327,7
20100328,5
20100329,12
20100330,9
20100331,9
20100401,20
20100402,9
20100403,3
20100404,1
20100405,14
20100406,7
20100407,16
20100408,14
20100409,18
20100410,6
20100411,2
20100412,19
20100413,11
20100414,15
20100415,16
20100416,10
20100417,7
20100418,2
20100419,12
20100420,20
20100421,15
20100422,16
20100423,17
20100424,11
20100425,6
20100426,11
20100427,14
20100428,19
20100429,17
20100430,14
20100501,5
20100502,3
20100503,20
20100504,12
20100505,16
20100506,18
20100507,21
20100508,10
20100509,4
20100510,24
20100511,17
20100512,18
20100513,12
20100514,15
20100515,10
20100516,1
20100517,14
20100518,16
20100519,29
20100520,14
20100521,18
20100522,7
20100523,1
20100524,10
20100525,20
20100526,10
20100527,18
20100528,11
20100529,5
20100530,3
20100531,5
20100601,12
20100602,14
20100603,15
20100604,12
20100605,5
20100606,2
20100607,13
20100608,14
20100609,19
20100610,26
20100611,23
20100612,8
20100613,3
20100614,26
20100615,19
20100616,17
20100617,25
20100618,17
20100619,1
20100620,5
20100621,22
20100622,24
20100623,20
20100624,17
20100625,22
20100626,14
20100627,2
20100628,15
20100629,23
20100630,21
20100701,18
20100702,19
20100703,7
20100704,3
20100705,7
20100706,21
20100707,16
20100708,15
20100709,21
20100710,6
20100711,2
20100712,14
20100713,21
20100714,25
20100715,16
20100716,11
20100717,6
20100718,2
20100719,5
20100720,13
20100721,18
20100722,10
20100723,21
20100724,10
20100725,4
20100726,13
20100727,13
20100728,13
20100729,22
20100730,12
20100731,7
20100801,5
20100802,14
20100803,20
20100804,16
20100805,23
20100806,21
20100807,10
20100808,1
20100809,23
20100810,17
20100811,16
20100812,25
20100813,14
20100814,9
20100816,18
20100817,24
20100818,14
20100819,19
20100820,18
20100821,8
20100822,2
20100823,19
20100824,22
20100825,14
20100826,24
20100827,18
20100828,7
20100829,5
20100830,14
20100831,16
20100901,20
20100902,20
20100903,15
20100904,11
20100905,2
20100906,10
20100907,20
20100908,19
20100909,19
20100910,13
20100911,6
20100912,3
20100913,25
20100914,19
20100915,16
20100916,17
20100917,15
20100918,8
20100919,2
20100920,29
20100921,17
20100922,14
20100923,17
20100924,16
20100925,6
20100926,3
20100927,8
20100928,22
20100929,19
20100930,11
20101001,20
20101002,9
20101003,5
20101004,33
20101005,29
20101006,24
20101007,14
20101008,22
20101009,3
20101010,3
20101011,17
20101012,20
20101013,23
20101014,23
20101015,28
20101016,8
20101017,5
20101018,23
20101019,19
20101020,18
20101021,20
20101022,5
20101023,8
20101024,5
20101025,19
20101026,24
20101027,26
20101028,20
20101029,22
20101030,10
20101031,6
20101101,24
20101102,25
20101103,20
20101104,31
20101105,26
20101106,16
20101107,8
20101108,24
20101109,30
20101110,38
20101111,20
20101112,25
20101113,15
20101114,5
20101115,29
20101116,34
20101117,25
20101118,31
20101119,24
20101120,8
20101121,5
20101122,23
20101123,26
20101124,34
20101125,19
20101126,19
20101127,14
20101128,7
20101129,28
20101130,35
20101201,35
20101202,30
20101203,24
20101204,7
20101205,3
20101206,30
20101207,22
20101208,29
20101209,33
20101210,25
20101211,9
20101212,1
20101213,24
20101214,25
20101215,29
20101216,21
20101217,23
20101218,5
20101219,6
20101220,15
20101221,15
20101222,13
20101223,19
20101224,10
20101226,3
20101227,7
20101228,8
20101229,13
20101230,13
20101231,8
20110101,2
20110102,5
20110103,23
20110104,16
20110105,31
20110106,19
20110107,22
20110108,13
20110109,8
20110110,23
20110111,29
20110112,32
20110113,24
20110114,25
20110115,9
20110116,1
20110117,9
20110118,21
20110119,21
20110120,24
20110121,14
20110122,10
20110123,1
20110124,20
20110125,18
20110126,24
20110127,20
20110128,26
20110129,10
20110131,19
20110201,22
20110202,24
20110203,16
20110204,16
20110205,8
20110206,1
20110207,22
20110208,16
20110209,19
20110210,21
20110211,20
20110212,9
20110213,4
20110214,21
20110215,18
20110216,18
20110217,21
20110218,15
20110219,6
20110220,3
20110221,10
20110222,22
20110223,15
20110224,10
20110225,17
20110226,10
20110227,4
20110228,20
20110301,21
20110302,24
20110303,19
20110304,9
20110305,6
20110306,6
20110307,17
20110308,30
20110309,28
20110310,21
20110311,23
20110312,12
20110313,4
20110314,31
20110315,24
20110316,28
20110317,23
20110318,17
20110319,6
20110321,13
20110322,22
20110323,27
20110324,18
20110325,23
20110326,3
20110327,4
20110328,16
20110329,22
20110330,23
20110331,20
20110401,20
20110402,9
20110403,6
20110404,28
20110405,23
20110406,17
20110407,22
20110408,29
20110409,9
20110410,2
20110411,23
20110412,16
20110413,20
20110414,29
20110415,21
20110416,13
20110417,5
20110418,30
20110419,22
20110420,25
20110421,21
20110422,18
20110423,4
20110424,3
20110425,15
20110426,18
20110427,26
20110428,23
20110429,16
20110430,6
20110501,3
20110502,20
20110503,13
20110504,22
20110505,22
20110506,24
20110507,4
20110508,1
20110509,27
20110510,24
20110511,21
20110512,29
20110513,21
20110514,10
20110515,2
20110516,35
20110517,30
20110518,34
20110519,23
20110520,23
20110521,9
20110522,1
20110523,22
20110524,28
20110525,21
20110526,23
20110527,24
20110528,6
20110529,1
20110530,11
20110531,32
20110601,28
20110602,36
20110603,23
20110604,8
20110605,5
20110606,19
20110607,24
20110608,25
20110609,21
20110610,34
20110611,9
20110612,4
20110613,22
20110614,23
20110615,29
20110616,27
20110617,23
20110618,9
20110619,9
20110620,22
20110621,26
20110622,35
20110623,19
20110624,28
20110625,6
20110626,7
20110627,28
20110628,32
20110629,29
20110630,31
20110701,26
20110702,11
20110703,2
20110704,7
20110705,32
20110706,31
20110707,38
20110708,28
20110709,7
20110710,2
20110711,31
20110712,31
20110713,36
20110714,32
20110715,34
20110716,11
20110717,1
20110718,22
20110719,31
20110720,29
20110721,32
20110722,24
20110723,10
20110724,3
20110725,31
20110726,35
20110727,25
20110728,32
20110729,30
20110730,12
20110731,4
20110801,22
20110802,37
20110803,40
20110804,42
20110805,53
20110806,28
20110807,13
20110808,80
20110809,55
20110810,47
20110811,41
20110812,31
20110813,17
20110814,5
20110815,27
20110816,29
20110817,31
20110818,34
20110819,22
20110820,7
20110821,4
20110822,23
20110823,22
20110824,32
20110825,28
20110826,25
20110827,10
20110828,2
20110829,20
20110830,35
20110831,36
20110901,25
20110902,34
20110903,15
20110904,2
20110905,12
20110906,48
20110907,39
20110908,36
20110909,27
20110910,10
20110911,3
20110912,30
20110913,34
20110914,47
20110915,35
20110916,38
20110917,9
20110918,8
20110919,36
20110920,26
20110921,47
20110922,54
20110923,17
20110924,13
20110925,5
20110926,32
20110927,30
20110928,28
20110929,30
20110930,32
20111001,13
20111002,3
20111003,15
20111004,39
20111005,32
20111006,29
20111007,26
20111008,8
20111009,3
20111010,25
20111011,29
20111012,26
20111013,29
20111014,37
20111015,11
20111016,2
20111017,17
20111018,32
20111019,27
20111020,29
20111021,31
20111022,11
20111023,6
20111024,27
20111025,23
20111026,30
20111027,35
20111028,43
20111029,9
20111030,3
20111031,22
20111101,40
20111102,15
20111103,29
20111104,16
20111105,7
20111106,2
20111107,31
20111108,38
20111109,47
20111110,28
20111111,24
20111112,9
20111113,1
20111114,17
20111115,21
20111116,25
20111117,34
20111118,27
20111119,9
20111120,3
20111121,36
20111122,51
20111123,46
20111124,25
20111125,38
20111126,5
20111127,4
20111128,34
20111129,50
20111130,35
20111201,33
20111202,27
20111203,9
20111204,3
20111205,23
20111206,28
20111207,32
20111208,41
20111209,34
20111210,9
20111211,3
20111212,42
20111213,36
20111214,34
20111215,34
20111216,35
20111217,5
20111218,2
20111219,24
20111220,26
20111221,30
20111222,17
20111223,23
20111224,6
20111225,2
20111226,2
20111227,15
20111228,17
20111229,15
20111230,22
20111231,9
20120101,3
20120102,6
20120103,35
20120104,35
20120105,32
20120106,29
20120107,5
20120108,7
20120109,36
20120110,42
20120111,27
20120112,38
20120113,49
20120114,6
20120115,1
20120116,13
20120117,37
20120118,31
20120119,42
20120120,39
20120121,9
20120122,2
20120123,14
20120124,34
20120125,23
20120126,24
20120127,33
20120128,11
20120129,5
20120130,28
20120131,26
20120201,35
20120202,38
20120203,26
20120204,7
20120205,4
20120206,35
20120207,37
20120208,36
20120209,32
20120210,27
20120211,4
20120212,2
20120213,29
20120214,36
20120215,29
20120216,39
20120217,26
20120218,12
20120219,4
20120220,11
20120221,26
20120222,26
20120223,26
20120224,27
20120225,7
20120226,4
20120227,31
20120228,42
20120229,40
20120301,34
20120302,27
20120303,3
20120304,7
20120305,35
20120306,32
20120307,29
20120308,30
20120309,39
20120310,5
20120311,7
20120312,25
20120313,31
20120314,35
20120315,30
20120316,23
20120317,3
20120318,5
20120319,31
20120320,28
20120321,29
20120322,22
20120323,22
20120324,1
20120325,7
20120326,22
20120327,24
20120328,21
20120329,22
20120330,27
20120331,6
20120401,5
20120402,32
20120403,27
20120404,25
20120405,30
20120406,12
20120407,5
20120408,5
20120409,17
20120410,25
20120411,35
20120412,27
20120413,29
20120414,1
20120415,8
20120416,40
20120417,37
20120418,34
20120419,37
20120420,25
20120421,1
20120422,3
20120423,29
20120424,31
20120425,25
20120426,23
20120427,33
20120428,1
20120429,4
20120430,30
20120501,19
20120502,28
20120503,26
20120504,24
20120505,2
20120506,7
20120507,37
20120508,23
20120509,24
20120510,19
20120511,21
20120512,1
20120513,6
20120514,32
20120515,40
20120516,35
20120517,28
20120518,31
20120519,2
20120520,7
20120521,30
20120522,36
20120523,39
20120524,32
20120525,32
20120526,3
20120527,4
20120528,19
20120529,26
20120530,48
20120531,49
20120601,37
20120602,3
20120603,9
20120604,35
20120605,24
20120606,41
20120607,42
20120608,21
20120609,2
20120610,9
20120611,37
20120612,34
20120613,31
20120614,33
20120615,35
20120616,2
20120617,11
20120618,40
20120619,34
20120620,39
20120621,38
20120622,18
20120624,5
20120625,40
20120626,23
20120627,26
20120628,31
20120629,41
20120630,2
20120701,5
20120702,29
20120703,23
20120704,10
20120705,29
20120706,21
20120708,5
20120709,30
20120710,28
20120711,27
20120712,23
20120713,23
20120715,5
20120716,34
20120717,23
20120718,27
20120719,23
20120720,28
20120721,1
20120722,4
20120723,34
20120724,29
20120725,29
20120726,28
20120727,36
20120728,1
20120729,7
20120730,32
20120731,32
20120801,31
20120802,45
20120803,30
20120804,2
20120805,6
20120806,33
20120807,35
20120808,32
20120809,30
20120810,18
20120811,1
20120812,5
20120813,19
20120814,27
20120815,22
20120816,18
20120817,17
20120818,1
20120819,4
20120820,28
20120821,28
20120822,19
20120823,26
20120824,24
20120825,2
20120826,5
20120827,31
20120828,20
20120829,24
20120830,24
20120831,33
20120901,5
20120902,7
20120903,13
20120904,42
20120905,41
20120906,54
20120907,38
20120908,1
20120909,5
20120910,23
20120911,33
20120912,38
20120913,38
20120914,40
20120915,3
20120916,10
20120917,19
20120918,29
20120919,26
20120920,33
20120921,21
20120922,1
20120923,6
20120924,21
20120925,29
20120926,30
20120927,24
20120928,35
20120929,2
20120930,15
20121001,18
20121002,34
20121003,19
20121004,34
20121005,25
20121007,6
20121008,29
20121009,36
20121010,30
20121011,36
20121012,29
20121013,9
20121014,9
20121015,25
20121016,26
20121017,34
20121018,28
20121019,30
20121020,2
20121021,8
20121022,21
20121023,45
20121024,28
20121025,22
20121026,29
20121027,1
20121028,4
20121029,23
20121030,13
20121031,19
20121101,31
20121102,23
20121103,2
20121104,8
20121105,19
20121106,19
20121107,27
20121108,33
20121109,31
20121110,1
20121111,8
20121112,32
20121113,21
20121114,23
20121115,25
20121116,28
20121117,1
20121118,8
20121119,17
20121120,26
20121121,32
20121122,17
20121123,19
20121125,5
20121126,29
20121127,30
20121128,39
20121129,36
20121130,25
20121202,12
20121203,31
20121204,22
20121205,31
20121206,31
20121207,20
20121208,3
20121209,7
20121210,36
20121211,29
20121212,37
20121213,39
20121214,24
20121215,3
20121216,11
20121217,22
20121218,21
20121219,21
20121220,18
20121221,23
20121223,9
20121224,5
20121225,3
20121226,9
20121227,16
20121228,13
20121229,2
20121230,3
20121231,9
20130101,14
20130102,21
20130103,27
20130104,22
20130105,1
20130106,12
20130107,35
20130108,26
20130109,35
20130110,32
20130111,29
20130113,8
20130114,36
20130115,28
20130116,18
20130117,29
20130118,34
20130120,2
20130121,12
20130122,31
20130123,32
20130124,34
20130125,28
20130127,9
20130128,25
20130129,28
20130130,29
20130131,28
20130201,28
20130202,1
20130203,10
20130204,35
20130205,38
20130206,28
20130207,40
20130208,25
20130209,3
20130210,7
20130211,25
20130212,19
20130213,22
20130214,23
20130215,24
20130216,1
20130217,6
20130218,12
20130219,15
20130220,31
20130221,24
20130222,31
20130223,3
20130224,10
20130225,21
20130226,44
20130227,29
20130228,32
20130301,30
20130303,13
20130304,21
20130305,30
20130306,24
20130307,23
20130308,29
20130310,3
20130311,27
20130312,20
20130313,24
20130314,18
20130315,17
20130316,2
20130317,11
20130318,32
20130319,24
20130320,26
20130321,22
20130322,25
20130323,1
20130324,10
20130325,18
20130326,32
20130327,26
20130328,21
20130329,12
20130330,2
20130331,8
20130401,12
20130402,28
20130403,28
20130404,47
20130405,31
20130406,2
20130407,13
20130408,24
20130409,30
20130410,32
20130411,31
20130412,30
20130413,1
20130414,7
20130415,12
20130416,30
20130417,34
20130418,26
20130419,35
20130420,1
20130421,8
20130422,23
20130423,32
20130424,29
20130425,30
20130426,21
20130427,1
20130428,6
20130429,21
20130430,34
20130501,36
20130502,34
20130503,34
20130504,2
20130505,10
20130506,39
20130507,34
20130508,32
20130509,38
20130510,39
20130511,1
20130512,9
20130513,30
20130514,29
20130515,39
20130516,27
20130517,30
20130518,3
20130519,9
20130520,16
20130521,29
20130522,25
20130523,41
20130524,33
20130526,5
20130527,15
20130528,23
20130529,25
20130530,33
20130531,27
20130601,5
20130602,8
20130603,33
20130604,31
20130605,25
20130606,33
20130607,31
20130608,3
20130609,13
20130610,28
20130611,36
20130612,26
20130613,21
20130614,31
20130615,1
20130616,6
20130617,33
20130618,3
20130619,41
20130620,42
20130621,41
20130622,2
20130623,3
20130624,29
20130625,36
20130626,33
20130627,32
20130628,34
20130629,1
20130630,11
20130701,24
20130702,20
20130703,21
20130704,21
20130705,24
20130706,1
20130707,15
20130708,27
20130709,24
20130710,12
20130711,30
20130712,25
20130713,1
20130714,3
20130715,23
20130716,25
20130717,34
20130718,25
20130719,39
20130720,2
20130721,14
20130722,29
20130723,20
20130724,23
20130725,23
20130726,26
20130727,1
20130728,4
20130729,23
20130730,36
20130731,29
20130801,24
20130802,27
20130803,1
20130804,9
20130805,12
20130806,21
20130807,22
20130808,21
20130809,20
20130810,2
20130811,3
20130812,21
20130813,19
20130814,30
20130815,30
20130816,22
20130817,1
20130818,2
20130819,29
20130820,36
20130821,34
20130822,32
20130823,24
20130824,2
20130825,1
20130826,18
20130827,23
20130828,29
20130829,26
20130830,20
20130831,1
20130901,3
20130902,16
20130903,25
20130904,26
20130905,28
20130906,25
20130907,5
20130908,9
20130909,18
20130910,23
20130911,33
20130912,16
20130913,25
20130914,2
20130915,9
20130916,39
20130917,26
20130918,42
20130919,30
20130920,34
20130921,1
20130922,6
20130923,22
20130924,22
20130925,27
20130926,24
20130927,18
20130928,3
20130929,6
20130930,29
20131001,22
20131002,10
20131003,11
20131004,20
20131005,1
20131006,14
20131007,38
20131008,26
20131009,30
20131010,28
20131011,20
20131012,2
20131013,5
20131014,26
20131015,33
20131016,18
20131017,19
20131018,27
20131019,3
20131020,5
20131021,22
20131022,22
20131023,27
20131024,18
20131025,23
20131026,1
20131027,13
20131028,16
20131029,20
20131030,22
20131031,19
20131101,16
20131102,2
20131103,9
20131104,25
20131105,21
20131106,29
20131107,26
20131108,22
20131110,17
20131111,14
20131112,23
20131113,27
20131114,21
20131115,25
20131116,1
20131117,6
20131118,19
20131119,29
20131120,19
20131121,27
20131122,18
20131123,3
20131124,10
20131125,13
20131126,12
20131127,26
20131128,16
20131129,15
20131130,1
20131201,6
20131202,14
20131203,18
20131204,24
20131205,28
20131206,24
20131207,1
20131208,6
20131209,29
20131210,27
20131211,25
20131212,21
20131213,15
20131215,8
20131216,23
20131217,40
20131218,45
20131219,31
20131220,23
20131221,3
20131222,9
20131223,17
20131224,5
20131225,7
20131226,23
20131227,16
20131228,1
20131229,6
20131230,26
20131231,10
20140101,12
20140102,16
20140103,12
20140104,4
20140105,15
20140106,24
20140107,21
20140108,37
20140109,29
20140110,30
20140111,3
20140112,7
20140113,21
20140114,16
20140115,21
20140116,27
20140117,26
20140118,1
20140119,3
20140120,17
20140121,22
20140122,21
20140123,20
20140124,29
20140125,2
20140126,4
20140127,20
20140128,26
20140129,34
20140130,25
20140131,29
20140201,1
20140202,4
20140203,22
20140204,29
20140205,25
20140206,19
20140207,25
20140208,2
20140209,8
20140210,24
20140211,25
20140212,26
20140213,23
20140214,22
20140215,1
20140216,2
20140217,7
20140218,27
20140219,21
20140220,26
20140221,18
20140223,10
20140224,25
20140225,23
20140226,21
20140227,25
20140228,21
20140301,3
20140302,4
20140303,32
20140304,34
20140305,36
20140306,22
20140307,29
20140308,4
20140309,3
20140310,20
20140311,22
20140312,19
20140313,19
20140314,28
20140316,7
20140317,20
20140318,24
20140319,20
20140320,30
20140321,22
20140322,1
20140323,5
20140324,19
20140325,22
20140326,29
20140327,20
20140328,22
20140330,3
20140331,20
20140401,15
20140402,21
20140403,23
20140404,28
20140405,2
20140406,10
20140407,30
20140408,27
20140409,33
20140410,29
20140411,23
20140413,7
20140414,15
20140415,18
20140416,21
20140417,12
20140418,5
20140420,7
20140421,18
20140422,13
20140423,30
20140424,28
20140425,37
20140426,1
20140427,4
20140428,20
20140429,23
20140430,30
20140501,18
20140502,12
20140504,11
20140505,18
20140506,29
20140507,23
20140508,28
20140509,16
20140511,5
20140512,13
20140513,14
20140514,24
20140515,32
20140516,15
20140517,1
20140518,5
20140519,14
20140520,23
20140521,20
20140522,16
20140523,28
20140525,1
20140526,11
20140527,23
20140528,16
20140529,20
20140530,21
20140531,2
20140601,3
20140602,26
20140603,29
20140604,23
20140605,31
20140606,25
20140607,1
20140608,9
20140609,19
20140610,28
20140611,24
20140612,24
20140613,20
20140614,3
20140615,6
20140616,24
20140617,34
20140618,28
20140619,26
20140620,26
20140621,2
20140622,6
20140623,24
20140624,26
20140625,29
20140626,26
20140627,20
20140628,1
20140629,10
20140630,25
20140701,25
20140702,17
20140703,25
20140704,6
20140706,8
20140707,21
20140708,23
20140709,26
20140710,31
20140711,21
20140713,4
20140714,24
20140715,28
20140716,24
20140717,21
20140718,17
20140720,6
20140721,17
20140722,15
20140723,21
20140724,27
20140725,19
20140726,2
20140727,5
20140728,28
20140729,23
20140730,33
20140731,36
20140801,27
20140802,1
20140803,11
20140804,18
20140805,24
20140806,24
20140807,18
20140808,27
20140809,2
20140810,11
20140811,20
20140812,20
20140813,57
20140814,28
20140815,26
20140816,2
20140817,4
20140818,18
20140819,16
20140820,27
20140821,23
20140822,22
20140823,2
20140824,7
20140825,22
20140826,24
20140827,25
20140828,29
20140829,14
20140830,3
20140831,3
20140901,13
20140902,24
20140903,31
20140904,48
20140905,28
20140906,2
20140907,12
20140908,20
20140909,25
20140910,21
20140911,26
20140912,15
20140913,2
20140914,10
20140915,23
20140916,19
20140917,30
20140918,23
20140919,15
20140921,8
20140922,18
20140923,21
20140924,21
20140925,31
20140926,33
20140927,1
20140928,5
20140929,23
20140930,27
20141001,29
20141002,25
20141003,11
20141004,4
20141005,9
20141006,23
20141007,25
20141008,17
20141009,33
20141010,25
20141011,4
20141012,11
20141013,16
20141014,21
20141015,42
20141016,36
20141017,28
20141018,2
20141019,8
20141020,18
20141021,33
20141022,24
20141023,20
20141024,19
20141025,3
20141026,6
20141027,21
20141028,24
20141029,23
20141030,13
20141031,38
20141101,1
20141102,8
20141103,34
20141104,27
20141105,18
20141106,28
20141107,28
20141108,2
20141109,6
20141110,16
20141111,20
20141112,23
20141113,26
20141114,19
20141115,1
20141116,8
20141117,30
20141118,21
20141119,19
20141120,20
20141121,18
20141123,4
20141124,24
20141125,22
20141126,21
20141127,14
20141128,15
20141129,4
20141130,6
20141201,26
20141202,31
20141203,19
20141204,30
20141205,17
20141206,1
20141207,16
20141208,22
20141209,37
20141210,25
20141211,25
20141212,20
20141213,1
20141214,9
20141215,36
20141216,32
20141217,27
20141218,21
20141219,17
20141220,4
20141221,5
20141222,15
20141223,13
20141224,6
20141225,8
20141226,6
20141227,1
20141228,8
20141229,23
20141230,26
20141231,15
20150101,10
20150102,16
20150103,2
20150104,4
20150105,30
20150106,27
20150107,34
20150108,34
20150109,26
20150110,1
20150111,9
20150112,20
20150113,25
20150114,34
20150115,34
20150116,27
20150117,3
20150118,3
20150119,16
20150120,25
20150121,31
20150122,55
20150123,38
20150124,4
20150125,10
20150126,24
20150127,21
20150128,25
20150129,28
20150130,19
20150131,3
20150201,16
20150202,23
20150203,38
20150204,27
20150205,40
20150206,24
20150207,2
20150208,16
20150209,28
20150210,30
20150211,17
20150212,27
20150213,22
20150214,1
20150215,4
20150216,12
20150217,22
20150218,23
20150219,23
20150220,12
20150222,6
20150223,16
20150224,27
20150225,31
20150226,26
20150227,15
20150228,1
20150301,9
20150302,24
20150303,28
20150304,26
20150305,38
20150306,20
20150308,17
20150309,26
20150310,39
20150311,26
20150312,30
20150313,23
20150314,1
20150315,3
20150316,17
20150317,25
20150318,33
20150319,26
20150320,25
20150322,10
20150323,16
20150324,15
20150325,22
20150326,25
20150327,27
20150328,1
20150329,2
20150330,18
20150331,18
20150401,22
20150402,15
20150403,13
20150405,6
20150406,24
20150407,14
20150408,12
20150409,17
20150410,15
20150411,2
20150412,15
20150413,16
20150414,20
20150415,34
20150416,37
20150417,21
20150418,1
20150419,11
20150420,22
20150421,22
20150422,25
20150423,24
20150424,23
20150426,3
20150427,15
20150428,28
20150429,18
20150430,25
