20050105,2
20050106,2
20050112,3
20050114,1
20050117,2
20050120,1
20050125,1
20050126,1
20050127,2
20050128,1
20050131,1
20050216,3
20050217,1
20050302,1
20050303,1
20050304,1
20050310,2
20050311,2
20050322,1
20050323,1
20050330,1
20050401,1
20050408,1
20050412,1
20050415,2
20050419,1
20050422,1
20050424,1
20050427,1
20050428,1
20050429,1
20050510,1
20050516,1
20050517,2
20050520,1
20050526,1
20050602,1
20050603,1
20050606,3
20050607,1
20050608,1
20050610,1
20050613,1
20050614,1
20050615,3
20050616,2
20050617,1
20050620,3
20050622,1
20050624,1
20050627,1
20050701,2
20050703,1
20050705,1
20050707,2
20050708,1
20050712,2
20050715,2
20050719,1
20050726,1
20050727,2
20050729,2
20050802,1
20050803,1
20050805,1
20050816,1
20050819,1
20050822,1
20050823,3
20050825,1
20050829,2
20050901,1
20050902,1
20050906,2
20050907,1
20050908,1
20050912,1
20050913,1
20050915,1
20050916,1
20050920,2
20050921,1
20050927,1
20051008,1
20051011,1
20051012,1
20051017,1
20051019,3
20051021,2
20051023,1
20051028,1
20051029,2
20051030,1
20051031,2
20051101,2
20051104,1
20051108,1
20051119,1
20051121,1
20051210,1
20051212,1
20051215,1
20051216,1
20051224,1
20051227,1
20051228,3
20051229,1
20051230,1
20060109,1
20060110,1
20060112,1
20060113,1
20060114,1
20060123,1
20060124,3
20060125,1
20060126,3
20060127,1
20060128,1
20060131,1
20060203,1
20060206,1
20060207,1
20060209,2
20060213,1
20060214,1
20060215,2
20060217,1
20060223,1
20060225,1
20060228,1
20060301,1
20060302,3
20060309,1
20060313,1
20060317,2
20060322,4
20060323,3
20060328,1
20060329,1
20060403,2
20060404,2
20060419,1
20060424,2
20060426,1
20060427,1
20060428,1
20060510,2
20060512,1
20060518,1
20060526,1
20060531,1
20060601,1
20060602,1
20060603,1
20060605,1
20060607,3
20060608,1
20060611,1
20060612,1
20060615,1
20060616,1
20060620,1
20060622,1
20060624,1
20060626,1
20060629,1
20060630,1
20060710,2
20060713,1
20060727,1
20060728,3
20060729,1
20060731,1
20060803,1
20060804,1
20060805,2
20060808,3
20060809,2
20060810,2
20060811,3
20060812,1
20060814,3
20060815,1
20060816,2
20060817,1
20060818,2
20060819,1
20060823,1
20060824,1
20060826,2
20060830,1
20060901,6
20060902,4
20060903,1
20060908,1
20060909,1
20060912,4
20060913,6
20060914,2
20060916,1
20060917,1
20060918,1
20060919,2
20060920,2
20060921,1
20060922,1
20060923,2
20060928,1
20061001,1
20061004,1
20061009,1
20061025,2
20061026,3
20061027,2
20061030,1
20061107,1
20061108,1
20061115,1
20061120,1
20061128,1
20061129,1
20061204,3
20061205,2
20061207,2
20061208,2
20061211,2
20061213,1
20061214,3
20061218,2
20061221,2
20061222,2
20061228,1
20061229,1
20070103,2
20070109,1
20070110,1
20070111,3
20070112,1
20070119,1
20070120,1
20070122,5
20070123,1
20070125,4
20070126,2
20070129,1
20070130,5
20070201,2
20070205,1
20070207,1
20070209,2
20070212,3
20070213,4
20070214,1
20070215,1
20070221,1
20070227,2
20070301,2
20070313,3
20070314,1
20070315,1
20070321,1
20070326,1
20070329,2
20070404,2
20070411,2
20070412,2
20070417,2
20070420,1
20070421,1
20070423,1
20070424,1
20070426,3
20070427,1
20070430,1
20070501,1
20070502,1
20070503,2
20070504,1
20070505,1
20070508,1
20070509,2
20070511,4
20070512,1
20070514,1
20070517,1
20070521,2
20070522,2
20070523,2
20070601,1
20070602,1
20070603,1
20070604,1
20070605,1
20070609,1
20070610,1
20070612,1
20070615,2
20070619,4
20070620,4
20070622,2
20070624,1
20070625,2
20070705,1
20070707,1
20070710,2
20070712,4
20070713,1
20070718,1
20070726,1
20070727,1
20070730,2
20070731,1
20070801,1
20070803,1
20070805,1
20070815,3
20070816,1
20070823,1
20070827,1
20070831,1
20070910,1
20070911,2
20070912,2
20070918,1
20070924,1
20070925,1
20070926,1
20070927,1
20070928,1
20070929,1
20071002,3
20071005,1
20071007,1
20071008,2
20071009,1
20071011,3
20071015,2
20071016,2
20071017,2
20071019,1
20071022,1
20071024,1
20071025,5
20071026,1
20071029,1
20071101,1
20071102,1
20071104,1
20071105,2
20071106,1
20071115,1
20071120,1
20071126,1
20071130,2
20071205,6
20071206,2
20071207,3
20071210,4
20071211,1
20071212,1
20071213,1
20071217,2
20071226,1
20080103,1
20080104,3
20080112,1
20080114,1
20080117,1
20080122,2
20080125,1
20080128,1
20080129,3
20080131,5
20080201,2
20080202,1
20080204,1
20080206,1
20080212,1
20080213,3
20080214,1
20080220,2
20080221,1
20080227,1
20080229,1
20080303,1
20080304,1
20080305,2
20080306,1
20080312,1
20080314,1
20080317,2
20080324,1
20080325,1
20080328,1
20080402,1
20080403,2
20080408,1
20080409,1
20080414,2
20080415,1
20080416,1
20080423,3
20080424,2
20080425,2
20080429,2
20080502,2
20080503,1
20080506,1
20080507,2
20080508,1
20080509,3
20080510,1
20080512,1
20080513,1
20080514,1
20080515,1
20080516,1
20080519,1
20080521,1
20080527,1
20080529,1
20080530,2
20080531,1
20080602,1
20080605,1
20080606,1
20080607,1
20080619,1
20080623,1
20080624,3
20080625,2
20080626,1
20080629,1
20080702,2
20080703,1
20080709,1
20080714,1
20080715,1
20080724,1
20080725,1
20080730,2
20080731,9
20080801,11
20080804,4
20080805,2
20080806,1
20080807,1
20080808,2
20080811,2
20080813,1
20080814,3
20080819,1
20080821,1
20080825,3
20080827,2
20080828,1
20080910,4
20080911,9
20080912,1
20080913,1
20080917,1
20080918,1
20080919,2
20080923,1
20080924,3
20080925,1
20080926,1
20080927,1
20080928,1
20080929,2
20080930,3
20081001,1
20081002,4
20081004,1
20081006,2
20081007,4
20081010,1
20081014,1
20081016,2
20081017,1
20081021,1
20081023,2
20081024,2
20081028,1
20081029,1
20081030,1
20081105,2
20081110,1
20081111,1
20081112,2
20081117,2
20081126,1
20081128,2
20081129,1
20081201,2
20081212,2
20081213,1
20081217,2
20081218,1
20081223,1
20081224,1
20081230,1
20081231,1
20090101,1
20090103,1
20090108,1
20090109,2
20090112,1
20090113,1
20090114,2
20090126,1
20090127,1
20090128,3
20090129,1
20090130,1
20090202,1
20090203,1
20090204,1
20090207,1
20090209,1
20090211,2
20090212,5
20090213,2
20090217,2
20090218,1
20090224,1
20090227,2
20090303,2
20090304,1
20090310,1
20090312,1
20090320,1
20090327,1
20090331,1
20090401,2
20090402,1
20090403,1
20090406,1
20090407,2
20090409,1
20090410,1
20090415,3
20090417,1
20090423,2
20090429,1
20090507,1
20090511,1
20090512,1
20090514,1
20090518,1
20090528,1
20090529,1
20090530,1
20090601,1
20090604,1
20090605,2
20090608,1
20090609,2
20090610,1
20090611,1
20090612,1
20090615,1
20090616,1
20090625,2
20090626,1
20090629,1
20090701,1
20090702,1
20090709,1
20090711,1
20090715,1
20090723,3
20090724,1
20090729,1
20090806,1
20090807,2
20090817,1
20090824,1
20090827,1
20090828,1
20090829,1
20090831,2
20090901,2
20090915,1
20090916,2
20091006,1
20091020,1
20091021,1
20091023,1
20091026,1
20091028,1
20091102,1
20091104,1
20091106,1
20091110,1
20091114,1
20091116,2
20091117,3
20091118,1
20091120,1
20091130,1
20091203,2
20091204,1
20091207,2
20091210,1
20091211,1
20091212,1
20091214,1
20091218,1
20091228,1
20100105,1
20100120,1
20100121,1
20100128,3
20100203,2
20100204,1
20100205,2
20100209,1
20100215,1
20100217,2
20100218,1
20100223,1
20100225,1
20100302,2
20100303,2
20100305,1
20100311,1
20100313,1
20100315,1
20100316,1
20100317,1
20100322,2
20100325,1
20100330,1
20100406,1
20100429,2
20100430,2
20100503,1
20100510,1
20100521,1
20100526,1
20100601,1
20100605,1
20100606,2
20100607,1
20100608,1
20100610,1
20100611,2
20100612,1
20100621,1
20100630,2
20100722,3
20100723,1
20100727,1
20100728,2
20100804,2
20100818,1
20100819,1
20100830,2
20100831,1
20100901,3
20100907,1
20100908,3
20100909,1
20100920,2
20100924,2
20100928,1
20100929,1
20101005,3
20101006,1
20101007,2
20101008,2
20101015,2
20101019,2
20101020,1
20101026,4
20101027,1
20101029,2
20101102,1
20101105,1
20101109,3
20101110,1
20101115,1
20101118,1
20101119,1
20101130,2
20101206,2
20101208,2
20101214,1
20101220,1
20101222,1
20101230,1
20110112,1
20110114,1
20110120,1
20110125,1
20110126,3
20110127,2
20110128,1
20110131,1
20110202,1
20110203,2
20110204,3
20110205,1
20110208,1
20110216,1
20110217,1
20110220,1
20110303,1
20110304,1
20110314,2
20110317,4
20110322,2
20110323,1
20110325,1
20110326,1
20110329,1
20110401,2
20110408,1
20110419,1
20110425,1
20110428,2
20110429,2
20110503,2
20110504,1
20110505,1
20110506,1
20110510,1
20110512,1
20110513,1
20110517,1
20110520,1
20110601,1
20110606,1
20110607,3
20110609,1
20110614,2
20110616,2
20110617,1
20110623,3
20110624,2
20110627,2
20110705,1
20110706,1
20110707,1
20110708,1
20110711,1
20110712,1
20110714,2
20110718,1
20110719,2
20110720,4
20110721,2
20110722,1
20110725,4
20110727,2
20110728,1
20110801,1
20110805,3
20110811,2
20110818,1
20110819,1
20110824,1
20110827,1
20110829,4
20110830,1
20110906,2
20110908,2
20110909,1
20110919,1
20110922,1
20110923,1
20110926,1
20111001,1
20111014,2
20111018,1
20111019,1
20111020,1
20111024,1
20111026,2
20111027,5
20111031,1
20111102,1
20111109,1
20111114,2
20111116,1
20111121,1
20111122,1
20111128,1
20111130,2
20111207,1
20111213,1
20111215,1
20111222,1
20111228,1
20120103,2
20120106,1
20120109,11
20120110,1
20120119,3
20120120,1
20120123,1
20120125,1
20120126,3
20120131,2
20120201,2
20120206,1
20120215,1
20120217,1
20120301,2
20120302,1
20120309,1
20120322,1
20120327,1
20120328,2
20120404,3
20120405,1
20120409,2
20120413,1
20120417,1
20120419,3
20120420,2
20120423,2
20120425,1
20120426,4
20120501,1
20120510,1
20120515,1
20120516,2
20120517,1
20120521,1
20120523,1
20120529,1
20120601,2
20120604,1
20120609,1
20120614,1
20120618,1
20120625,2
20120627,1
20120630,1
20120701,3
20120702,6
20120711,1
20120715,1
20120716,1
20120719,1
20120720,1
20120723,1
20120725,1
20120726,2
20120731,1
20120802,4
20120803,3
20120805,1
20120807,2
20120810,2
20120814,1
20120816,1
20120823,1
20120824,2
20120827,1
20120830,1
20120831,1
20120905,1
20120913,1
20120929,1
20121018,1
20121019,1
20121022,2
20121024,2
20121101,1
20121105,1
20121108,1
20121110,1
20121111,1
20121114,1
20121115,1
20121120,1
20121211,1
20121212,1
20121218,1
20121220,1
20121223,1
20121226,1
20121230,2
20121231,2
20130102,1
20130104,1
20130108,1
20130110,1
20130115,1
20130118,1
20130124,4
20130127,1
20130131,3
20130206,1
20130207,1
20130212,1
20130213,2
20130226,1
20130301,1
20130304,4
20130305,2
20130310,2
20130314,3
20130315,1
20130317,1
20130318,2
20130329,1
20130403,1
20130407,1
20130421,1
20130422,3
20130423,1
20130425,2
20130429,1
20130501,1
20130506,1
20130515,1
20130521,1
20130523,2
20130530,1
20130601,1
20130603,1
20130606,1
20130610,1
20130611,2
20130612,1
20130615,1
20130622,1
20130625,1
20130701,1
20130709,1
20130710,1
20130717,1
20130725,3
20130731,1
20130813,1
20130814,1
20130820,1
20130826,2
20130901,1
20130902,1
20130905,1
20130923,1
20131014,1
20131020,1
20131023,1
20131025,2
20131029,1
20131030,1
20131104,1
20131106,1
20131107,1
20131113,1
20131119,1
20131211,1
20131213,1
20131215,1
20131219,6
20131220,2
20140105,1
20140108,2
20140113,1
20140114,2
20140117,1
20140124,3
20140202,1
20140203,1
20140204,1
20140205,1
20140206,2
20140210,1
20140211,1
20140217,1
20140223,1
20140225,2
20140303,1
20140309,1
20140317,2
20140319,1
20140321,1
20140323,1
20140327,1
20140331,1
20140402,2
20140408,2
20140410,3
20140417,1
20140421,1
20140422,3
20140423,1
20140424,2
20140427,1
20140428,2
20140429,3
20140513,1
20140514,1
20140518,1
20140527,3
20140529,1
20140530,1
20140602,2
20140604,1
20140605,1
20140606,1
20140609,2
20140611,1
20140612,1
20140613,3
20140616,1
20140619,1
20140620,2
20140624,1
20140625,2
20140627,3
20140702,2
20140707,4
20140714,4
20140716,1
20140718,1
20140720,1
20140724,2
20140725,1
20140730,1
20140731,2
20140811,2
20140820,1
20140825,1
20140826,1
20140827,3
20140828,2
20140829,1
20140903,1
20140904,3
20140905,1
20140907,1
20140908,1
20140912,1
20140915,1
20140917,1
20140929,2
20140930,1
20141001,2
20141006,3
20141007,4
20141008,1
20141014,1
20141015,2
20141017,1
20141021,1
20141024,3
20141029,1
20141031,1
20141103,4
20141104,1
20141105,1
20141106,2
20141110,1
20141114,3
20141116,2
20141117,2
20141118,2
20141120,1
20141124,1
20141125,1
20141126,1
20141201,2
20141204,1
20141205,2
20141206,1
20141207,1
20141208,4
20141209,1
20141210,2
20141212,1
20141216,1
20141222,1
20141223,3
20141226,1
20150105,1
20150106,1
20150111,1
20150112,6
20150113,2
20150117,1
20150120,2
20150121,2
20150123,1
20150127,2
20150130,2
20150201,1
20150202,1
20150203,1
20150205,1
20150206,1
20150209,1
20150211,1
20150219,1
20150222,1
20150223,9
20150224,1
20150226,1
20150227,2
20150302,1
20150303,1
20150304,6
20150305,2
20150306,2
20150312,1
20150313,2
20150314,1
20150319,2
20150323,2
20150324,3
20150325,1
20150326,1
20150406,3
20150413,1
20150414,2
20150416,3
20150417,3
20150419,1
20150420,7
20150423,1
20150424,2
20150427,5
20150428,6
