20050103,2
20050104,2
20050107,1
20050109,1
20050110,4
20050111,4
20050112,4
20050113,1
20050114,4
20050117,4
20050118,4
20050119,3
20050120,3
20050121,4
20050124,5
20050125,3
20050126,2
20050127,1
20050128,2
20050131,4
20050201,3
20050202,2
20050203,2
20050204,2
20050206,1
20050207,1
20050208,3
20050209,3
20050210,2
20050211,6
20050214,1
20050215,3
20050216,3
20050218,3
20050222,3
20050223,6
20050224,1
20050225,3
20050228,3
20050301,4
20050302,1
20050303,1
20050304,3
20050306,1
20050307,9
20050308,3
20050309,5
20050310,2
20050311,3
20050312,1
20050313,2
20050314,1
20050315,6
20050316,7
20050317,5
20050318,1
20050320,1
20050321,4
20050322,3
20050323,1
20050324,4
20050325,3
20050328,2
20050329,6
20050330,4
20050331,3
20050401,3
20050403,1
20050404,4
20050405,2
20050406,3
20050407,2
20050408,2
20050410,1
20050411,7
20050412,4
20050413,4
20050414,2
20050415,5
20050418,2
20050419,3
20050420,5
20050421,1
20050422,1
20050424,1
20050425,2
20050426,4
20050427,1
20050428,3
20050429,8
20050502,2
20050503,4
20050504,4
20050505,1
20050506,2
20050509,1
20050510,1
20050512,3
20050513,5
20050515,1
20050516,3
20050517,3
20050518,6
20050519,4
20050520,4
20050522,2
20050523,4
20050524,6
20050525,7
20050526,4
20050527,6
20050531,7
20050601,4
20050602,2
20050603,6
20050604,1
20050605,1
20050606,4
20050607,4
20050608,3
20050609,6
20050610,4
20050612,2
20050613,6
20050614,3
20050615,5
20050616,3
20050617,5
20050619,1
20050620,6
20050621,3
20050622,3
20050623,4
20050624,6
20050626,3
20050627,2
20050628,6
20050629,2
20050630,2
20050701,5
20050703,1
20050705,6
20050706,1
20050707,2
20050708,2
20050710,2
20050711,3
20050712,4
20050713,2
20050714,3
20050715,4
20050717,2
20050719,5
20050720,7
20050721,4
20050722,4
20050725,5
20050726,6
20050727,4
20050728,5
20050729,3
20050731,1
20050801,4
20050802,3
20050803,2
20050804,6
20050805,6
20050808,7
20050809,5
20050810,4
20050812,5
20050815,3
20050816,3
20050817,5
20050818,3
20050819,2
20050821,1
20050822,1
20050823,3
20050824,8
20050825,1
20050826,5
20050828,1
20050829,7
20050830,3
20050831,5
20050901,1
20050902,1
20050904,1
20050906,3
20050907,2
20050908,2
20050909,4
20050911,1
20050912,2
20050913,4
20050914,1
20050915,2
20050916,2
20050917,1
20050918,1
20050919,2
20050920,2
20050921,2
20050922,2
20050923,3
20050924,2
20050926,3
20050927,3
20050928,3
20050929,5
20050930,3
20051001,2
20051003,1
20051004,8
20051005,3
20051006,4
20051007,2
20051008,3
20051010,3
20051011,3
20051012,5
20051013,2
20051014,2
20051015,2
20051017,1
20051018,1
20051019,3
20051020,2
20051021,4
20051024,3
20051025,6
20051026,6
20051027,2
20051028,3
20051029,2
20051030,1
20051031,4
20051101,4
20051102,4
20051103,4
20051104,3
20051107,4
20051108,6
20051109,2
20051111,2
20051114,2
20051115,3
20051116,4
20051117,2
20051118,2
20051119,3
20051121,6
20051122,2
20051123,1
20051125,1
20051128,4
20051129,3
20051130,3
20051201,2
20051202,3
20051203,3
20051205,1
20051206,3
20051207,3
20051208,3
20051210,2
20051212,2
20051213,4
20051214,1
20051216,3
20051217,2
20051219,2
20051220,4
20051221,3
20051222,6
20051223,3
20051224,1
20051226,1
20051227,2
20051228,2
20051229,4
20051230,4
20051231,2
20060101,1
20060103,6
20060104,2
20060105,4
20060106,1
20060107,2
20060108,1
20060109,4
20060110,3
20060112,3
20060113,1
20060114,1
20060117,6
20060118,3
20060119,2
20060120,1
20060121,4
20060122,1
20060123,6
20060124,1
20060125,4
20060126,1
20060127,3
20060128,2
20060130,5
20060131,1
20060201,3
20060202,2
20060203,2
20060204,4
20060206,3
20060207,4
20060208,3
20060209,3
20060210,3
20060211,1
20060213,1
20060214,1
20060215,4
20060216,2
20060217,3
20060218,3
20060219,1
20060221,4
20060222,1
20060223,3
20060224,4
20060227,3
20060228,6
20060301,3
20060302,2
20060303,6
20060304,1
20060306,3
20060307,1
20060308,10
20060309,3
20060310,2
20060311,2
20060313,5
20060314,5
20060315,4
20060316,2
20060317,7
20060318,3
20060320,3
20060321,4
20060322,2
20060323,1
20060324,2
20060325,1
20060327,3
20060328,3
20060329,3
20060330,1
20060331,3
20060401,2
20060402,1
20060403,6
20060404,2
20060405,4
20060406,2
20060407,2
20060410,2
20060411,5
20060412,1
20060413,1
20060414,1
20060417,1
20060418,2
20060419,1
20060420,9
20060421,2
20060422,1
20060424,1
20060425,4
20060426,6
20060427,2
20060428,4
20060501,4
20060502,3
20060503,1
20060504,3
20060505,1
20060506,1
20060507,1
20060508,4
20060509,2
20060510,7
20060511,2
20060512,5
20060513,2
20060514,1
20060515,7
20060516,2
20060517,2
20060518,1
20060519,6
20060522,4
20060523,2
20060524,2
20060525,9
20060526,1
20060527,5
20060529,1
20060530,4
20060531,3
20060601,4
20060602,5
20060603,3
20060606,2
20060607,1
20060608,1
20060609,2
20060610,1
20060612,3
20060613,3
20060614,4
20060615,1
20060616,2
20060617,1
20060619,8
20060621,2
20060623,1
20060627,2
20060628,2
20060629,1
20060703,2
20060705,3
20060706,2
20060707,1
20060708,3
20060711,1
20060712,3
20060713,1
20060715,2
20060717,2
20060718,2
20060719,2
20060720,2
20060721,1
20060722,1
20060725,1
20060726,4
20060727,2
20060728,3
20060729,2
20060731,2
20060801,4
20060802,3
20060804,1
20060805,1
20060807,3
20060809,5
20060810,2
20060811,3
20060814,1
20060815,2
20060816,1
20060817,1
20060818,1
20060819,2
20060821,6
20060822,3
20060823,2
20060824,4
20060825,1
20060826,1
20060830,5
20060831,1
20060901,3
20060902,3
20060904,1
20060905,2
20060906,3
20060907,3
20060908,2
20060909,1
20060911,2
20060912,1
20060913,4
20060914,1
20060915,5
20060916,1
20060918,1
20060919,1
20060920,2
20060921,3
20060922,1
20060923,1
20060925,1
20060926,2
20060927,2
20060928,5
20060929,3
20060930,3
20061002,1
20061003,2
20061004,4
20061006,3
20061007,1
20061008,1
20061009,2
20061010,1
20061011,3
20061012,1
20061013,4
20061014,2
20061015,1
20061016,3
20061018,3
20061019,4
20061020,1
20061021,2
20061023,4
20061026,1
20061027,3
20061028,1
20061031,3
20061103,5
20061104,2
20061106,1
20061107,1
20061108,5
20061109,2
20061110,3
20061111,2
20061114,1
20061115,1
20061116,1
20061117,1
20061118,2
20061120,5
20061121,3
20061122,2
20061124,4
20061125,1
20061128,3
20061129,2
20061201,1
20061202,1
20061204,1
20061205,1
20061206,2
20061207,4
20061209,5
20061212,2
20061213,6
20061214,3
20061215,2
20061216,2
20061218,4
20061220,3
20061221,2
20061222,1
20061223,2
20061224,1
20061226,1
20061227,1
20061228,2
20061229,5
20061230,1
20070102,4
20070103,2
20070104,3
20070105,4
20070107,1
20070108,2
20070109,2
20070110,5
20070111,1
20070112,1
20070113,1
20070116,1
20070117,6
20070118,2
20070119,1
20070120,1
20070124,1
20070125,1
20070126,1
20070127,1
20070129,6
20070130,2
20070201,2
20070202,4
20070203,1
20070205,2
20070206,3
20070207,2
20070208,2
20070209,1
20070210,2
20070211,1
20070212,3
20070213,1
20070214,4
20070215,1
20070216,2
20070220,2
20070221,4
20070223,4
20070226,1
20070227,2
20070228,4
20070301,3
20070305,3
20070306,1
20070307,3
20070308,3
20070309,2
20070312,3
20070314,2
20070315,4
20070316,3
20070319,3
20070320,1
20070321,2
20070322,2
20070323,2
20070324,2
20070327,5
20070328,4
20070329,1
20070330,3
20070402,6
20070404,3
20070405,4
20070406,2
20070407,1
20070409,3
20070411,1
20070412,3
20070413,2
20070414,2
20070418,2
20070419,1
20070420,1
20070423,3
20070424,1
20070425,3
20070426,2
20070427,1
20070428,2
20070430,4
20070502,2
20070503,2
20070504,3
20070506,1
20070507,1
20070508,1
20070509,5
20070510,1
20070511,6
20070512,3
20070514,2
20070515,1
20070516,3
20070517,3
20070518,6
20070519,4
20070520,1
20070521,4
20070522,6
20070523,6
20070524,4
20070525,3
20070529,3
20070530,6
20070531,5
20070601,3
20070602,2
20070603,1
20070604,9
20070605,5
20070606,2
20070607,3
20070608,5
20070609,2
20070611,4
20070612,5
20070613,2
20070615,3
20070618,5
20070619,5
20070620,1
20070622,2
20070623,1
20070625,4
20070626,3
20070627,2
20070628,2
20070629,2
20070630,1
20070702,5
20070705,2
20070706,2
20070710,5
20070711,4
20070713,5
20070716,1
20070719,6
20070720,2
20070721,2
20070724,1
20070725,1
20070726,5
20070727,4
20070728,2
20070729,1
20070730,5
20070731,1
20070801,2
20070802,4
20070803,4
20070804,2
20070806,3
20070807,3
20070808,2
20070809,3
20070810,3
20070811,2
20070813,4
20070814,4
20070815,2
20070816,1
20070817,5
20070818,2
20070820,5
20070821,3
20070822,6
20070823,1
20070824,5
20070825,1
20070827,2
20070828,3
20070829,4
20070830,4
20070831,3
20070901,2
20070903,1
20070904,2
20070905,3
20070906,1
20070908,3
20070910,3
20070911,3
20070912,7
20070913,7
20070915,2
20070917,5
20070918,7
20070919,6
20070920,5
20070921,2
20070922,2
20070923,1
20070924,5
20070925,2
20070926,1
20070927,2
20070928,4
20070929,1
20070930,1
20071001,2
20071002,5
20071003,1
20071004,4
20071005,1
20071008,6
20071009,3
20071010,2
20071011,5
20071012,6
20071015,3
20071016,3
20071017,2
20071018,4
20071019,7
20071020,2
20071022,2
20071023,1
20071024,2
20071025,8
20071026,2
20071027,2
20071029,5
20071030,3
20071031,3
20071101,2
20071102,4
20071105,2
20071106,4
20071107,6
20071108,4
20071109,4
20071112,3
20071113,5
20071114,4
20071115,1
20071117,1
20071119,7
20071120,1
20071121,1
20071123,3
20071126,3
20071127,4
20071128,4
20071129,2
20071130,2
20071201,2
20071203,8
20071204,3
20071205,2
20071206,4
20071207,4
20071208,1
20071209,1
20071210,5
20071211,3
20071212,7
20071213,7
20071214,4
20071215,2
20071216,1
20071217,4
20071218,3
20071219,4
20071220,1
20071221,4
20071222,1
20071224,5
20071226,2
20071227,2
20071228,4
20071229,5
20071231,1
20080102,6
20080103,7
20080104,1
20080105,2
20080106,1
20080107,6
20080108,4
20080109,2
20080110,2
20080111,4
20080114,4
20080115,5
20080116,2
20080117,5
20080118,5
20080119,2
20080120,1
20080121,3
20080122,5
20080123,9
20080124,9
20080125,5
20080126,1
20080128,5
20080129,5
20080130,6
20080131,6
20080201,5
20080202,3
20080204,7
20080205,5
20080206,1
20080207,2
20080208,4
20080209,2
20080211,3
20080212,2
20080213,6
20080214,5
20080215,1
20080218,2
20080219,2
20080220,4
20080221,2
20080222,6
20080224,1
20080225,4
20080226,5
20080227,4
20080228,2
20080229,6
20080301,1
20080303,6
20080304,3
20080305,6
20080306,4
20080307,3
20080308,1
20080310,7
20080311,7
20080312,1
20080313,5
20080314,3
20080315,1
20080317,6
20080318,4
20080319,6
20080320,2
20080321,2
20080323,1
20080324,3
20080325,6
20080326,6
20080327,6
20080328,4
20080329,1
20080331,5
20080401,6
20080402,3
20080403,9
20080405,1
20080406,1
20080407,7
20080408,6
20080409,6
20080410,5
20080411,7
20080412,1
20080413,1
20080414,4
20080415,1
20080416,3
20080417,4
20080418,2
20080419,3
20080421,6
20080422,3
20080423,3
20080424,2
20080425,1
20080426,2
20080428,7
20080429,4
20080430,3
20080501,6
20080502,5
20080503,1
20080505,6
20080506,2
20080507,8
20080508,8
20080509,5
20080510,1
20080511,1
20080512,2
20080513,5
20080514,2
20080515,7
20080516,7
20080519,5
20080520,4
20080521,3
20080522,7
20080523,2
20080526,1
20080527,3
20080528,9
20080529,5
20080530,2
20080531,3
20080602,3
20080603,2
20080604,4
20080605,3
20080606,2
20080607,1
20080609,5
20080610,2
20080611,6
20080612,4
20080613,5
20080614,2
20080615,1
20080616,2
20080617,3
20080618,1
20080619,2
20080621,1
20080623,5
20080624,4
20080625,4
20080626,4
20080627,6
20080628,3
20080630,3
20080701,2
20080703,3
20080704,1
20080705,2
20080707,4
20080708,2
20080709,5
20080710,3
20080711,3
20080712,2
20080714,3
20080715,4
20080716,6
20080717,3
20080718,5
20080719,2
20080720,1
20080721,6
20080722,5
20080723,6
20080724,2
20080725,2
20080728,3
20080729,5
20080730,3
20080731,2
20080801,5
20080802,2
20080804,2
20080805,6
20080806,4
20080807,1
20080808,2
20080809,4
20080812,6
20080813,2
20080814,4
20080815,2
20080816,2
20080818,2
20080821,4
20080822,4
20080823,3
20080825,3
20080826,3
20080827,4
20080830,3
20080902,6
20080903,9
20080904,5
20080905,1
20080906,2
20080908,5
20080909,1
20080910,4
20080911,4
20080912,2
20080915,6
20080916,7
20080917,5
20080918,6
20080919,2
20080920,3
20080921,2
20080922,4
20080923,4
20080924,3
20080925,5
20080926,3
20080927,1
20080929,1
20080930,6
20081001,5
20081002,6
20081003,3
20081004,2
20081006,2
20081007,5
20081008,6
20081009,9
20081010,6
20081011,4
20081013,6
20081014,5
20081015,8
20081016,6
20081017,2
20081018,3
20081020,5
20081021,7
20081022,7
20081023,4
20081024,9
20081025,6
20081026,1
20081027,5
20081028,9
20081029,5
20081030,4
20081031,3
20081101,2
20081103,2
20081104,5
20081105,3
20081106,1
20081107,3
20081108,2
20081110,6
20081111,3
20081112,2
20081113,3
20081114,3
20081115,4
20081116,1
20081117,5
20081118,3
20081119,4
20081120,10
20081121,2
20081122,1
20081124,3
20081125,3
20081126,5
20081128,1
20081129,3
20081201,7
20081202,2
20081203,3
20081204,2
20081205,7
20081206,2
20081208,3
20081209,5
20081210,4
20081211,2
20081212,2
20081213,2
20081215,2
20081216,7
20081217,8
20081218,3
20081219,4
20081221,2
20081222,5
20081223,3
20081224,2
20081226,2
20081227,3
20081228,1
20081229,4
20081230,3
20081231,4
20090101,1
20090102,9
20090103,4
20090105,5
20090106,2
20090107,3
20090108,3
20090109,3
20090110,3
20090112,4
20090113,6
20090114,4
20090115,2
20090116,3
20090117,1
20090118,1
20090120,2
20090121,1
20090122,8
20090123,2
20090124,3
20090125,1
20090126,5
20090127,5
20090128,6
20090129,4
20090130,5
20090201,1
20090202,5
20090203,5
20090204,2
20090205,4
20090206,2
20090207,3
20090209,1
20090210,2
20090211,3
20090212,3
20090213,4
20090214,1
20090215,1
20090216,3
20090217,5
20090218,6
20090219,4
20090220,7
20090221,1
20090222,1
20090223,5
20090224,1
20090225,5
20090226,4
20090227,4
20090228,4
20090302,7
20090303,3
20090304,5
20090305,1
20090306,4
20090307,3
20090308,1
20090309,7
20090310,2
20090311,3
20090312,3
20090313,4
20090314,2
20090315,1
20090316,3
20090317,1
20090318,6
20090319,8
20090320,3
20090321,2
20090323,2
20090324,5
20090325,8
20090326,1
20090327,2
20090328,1
20090330,2
20090331,4
20090401,6
20090402,2
20090403,4
20090404,1
20090406,9
20090407,4
20090408,5
20090409,5
20090410,4
20090411,1
20090413,1
20090414,4
20090415,4
20090416,6
20090417,6
20090418,5
20090420,3
20090421,2
20090422,2
20090423,2
20090424,2
20090425,1
20090427,1
20090428,2
20090429,5
20090430,1
20090501,1
20090504,4
20090505,2
20090506,2
20090507,6
20090508,1
20090511,2
20090512,2
20090513,1
20090514,1
20090515,4
20090516,1
20090517,1
20090518,3
20090519,3
20090520,7
20090521,1
20090522,1
20090523,5
20090526,2
20090528,3
20090529,6
20090530,1
20090601,8
20090602,4
20090603,2
20090604,5
20090605,3
20090606,1
20090608,3
20090609,3
20090610,7
20090612,8
20090613,1
20090615,2
20090616,4
20090617,8
20090618,6
20090619,6
20090620,1
20090622,6
20090623,1
20090624,5
20090625,3
20090626,2
20090627,1
20090628,1
20090629,2
20090630,4
20090701,4
20090702,1
20090703,1
20090706,5
20090708,6
20090709,4
20090710,3
20090711,1
20090713,4
20090714,3
20090715,3
20090716,5
20090717,1
20090718,2
20090720,1
20090721,4
20090722,5
20090723,5
20090724,3
20090725,2
20090726,3
20090727,3
20090728,5
20090729,4
20090730,6
20090731,1
20090801,1
20090802,1
20090803,8
20090804,2
20090805,5
20090806,4
20090807,2
20090808,2
20090810,2
20090811,3
20090812,3
20090813,4
20090814,4
20090815,2
20090816,2
20090817,2
20090818,2
20090819,7
20090820,3
20090821,2
20090822,1
20090823,2
20090824,3
20090825,5
20090826,1
20090828,1
20090829,4
20090831,3
20090901,4
20090902,6
20090903,3
20090904,3
20090905,3
20090906,1
20090907,1
20090908,6
20090909,2
20090910,2
20090911,3
20090912,2
20090913,1
20090915,3
20090916,5
20090917,6
20090918,3
20090920,2
20090921,3
20090922,2
20090923,4
20090924,6
20090925,5
20090926,2
20090928,5
20090929,1
20090930,4
20091001,5
20091002,3
20091003,3
20091004,1
20091005,6
20091006,3
20091007,2
20091008,4
20091009,3
20091010,3
20091011,1
20091012,6
20091013,4
20091014,7
20091015,7
20091016,2
20091018,1
20091019,1
20091020,1
20091021,3
20091022,10
20091023,2
20091024,4
20091025,1
20091026,5
20091027,3
20091028,1
20091029,2
20091030,1
20091101,1
20091102,7
20091103,6
20091104,9
20091105,3
20091106,4
20091107,1
20091108,1
20091109,4
20091110,9
20091111,11
20091112,7
20091113,2
20091114,2
20091115,1
20091116,3
20091117,6
20091118,4
20091119,7
20091120,7
20091123,9
20091124,6
20091125,11
20091126,5
20091127,6
20091128,3
20091129,1
20091130,3
20091201,8
20091202,7
20091203,9
20091204,8
20091205,3
20091207,6
20091208,8
20091209,4
20091210,5
20091211,3
20091212,1
20091213,3
20091214,5
20091215,5
20091216,5
20091217,4
20091218,5
20091220,1
20091221,6
20091222,6
20091223,2
20091224,1
20091226,2
20091227,1
20091228,3
20091229,7
20091230,3
20091231,3
20100102,1
20100104,9
20100105,4
20100106,2
20100107,6
20100108,4
20100109,1
20100111,4
20100112,4
20100113,6
20100114,9
20100115,5
20100116,3
20100118,3
20100119,10
20100120,4
20100121,9
20100122,6
20100124,2
20100125,6
20100126,9
20100127,6
20100128,6
20100129,4
20100130,1
20100131,1
20100201,1
20100202,3
20100203,6
20100204,4
20100205,4
20100206,1
20100207,2
20100208,3
20100209,6
20100210,5
20100211,3
20100212,6
20100213,2
20100214,1
20100215,4
20100216,4
20100217,5
20100218,3
20100219,6
20100220,4
20100221,3
20100222,5
20100223,3
20100224,14
20100225,5
20100226,3
20100227,4
20100228,4
20100301,11
20100302,6
20100303,4
20100304,1
20100305,4
20100306,2
20100308,5
20100309,7
20100310,15
20100311,2
20100312,3
20100313,4
20100314,2
20100315,7
20100316,3
20100317,7
20100318,8
20100319,6
20100320,2
20100321,1
20100322,6
20100323,4
20100324,2
20100325,4
20100326,2
20100327,3
20100328,1
20100329,2
20100330,4
20100331,1
20100401,6
20100402,1
20100403,4
20100405,1
20100406,3
20100407,7
20100408,5
20100409,5
20100410,1
20100413,4
20100414,3
20100415,7
20100416,4
20100417,3
20100418,2
20100419,5
20100420,6
20100421,5
20100422,4
20100423,9
20100424,6
20100425,2
20100426,7
20100427,4
20100428,7
20100429,3
20100430,9
20100501,1
20100502,1
20100503,3
20100504,7
20100505,1
20100506,3
20100507,1
20100508,4
20100510,2
20100511,4
20100512,1
20100513,2
20100514,5
20100515,4
20100517,4
20100518,4
20100519,2
20100520,4
20100521,6
20100522,5
20100523,1
20100524,8
20100525,6
20100526,1
20100527,6
20100528,2
20100529,1
20100530,2
20100531,2
20100601,6
20100602,5
20100603,6
20100604,1
20100605,4
20100607,4
20100608,6
20100609,6
20100610,4
20100611,1
20100612,2
20100613,1
20100614,5
20100615,4
20100616,10
20100617,5
20100618,6
20100619,2
20100620,2
20100621,7
20100622,6
20100623,7
20100624,8
20100625,5
20100626,1
20100627,1
20100628,8
20100629,6
20100630,5
20100701,4
20100702,1
20100703,1
20100704,1
20100705,1
20100706,3
20100707,5
20100708,2
20100709,6
20100710,3
20100711,2
20100712,6
20100713,2
20100714,5
20100715,3
20100716,9
20100717,2
20100718,2
20100719,2
20100720,4
20100721,6
20100722,2
20100723,8
20100724,4
20100726,1
20100727,5
20100728,4
20100729,4
20100730,8
20100731,3
20100801,1
20100802,2
20100803,7
20100804,7
20100805,5
20100806,5
20100807,2
20100808,1
20100809,1
20100810,6
20100811,8
20100812,3
20100813,5
20100814,3
20100815,1
20100816,13
20100817,8
20100818,8
20100819,5
20100820,8
20100821,4
20100823,9
20100824,5
20100825,9
20100826,7
20100827,3
20100828,2
20100829,4
20100830,4
20100831,8
20100901,4
20100902,4
20100903,5
20100904,3
20100905,1
20100906,1
20100907,3
20100908,4
20100909,6
20100910,6
20100911,1
20100912,1
20100913,4
20100914,12
20100915,4
20100916,10
20100917,6
20100918,2
20100919,1
20100920,5
20100921,6
20100922,5
20100923,7
20100924,4
20100925,2
20100927,4
20100928,10
20100929,8
20100930,6
20101001,7
20101002,4
20101004,11
20101005,9
20101006,6
20101007,1
20101008,6
20101009,5
20101011,6
20101012,7
20101013,5
20101014,4
20101015,8
20101016,2
20101017,3
20101018,7
20101019,5
20101020,11
20101021,11
20101022,6
20101023,4
20101024,1
20101025,5
20101026,7
20101027,7
20101028,9
20101029,2
20101030,3
20101101,7
20101102,9
20101103,9
20101104,11
20101105,5
20101106,5
20101107,4
20101108,10
20101109,8
20101110,9
20101111,5
20101112,6
20101113,3
20101114,2
20101115,7
20101116,10
20101117,9
20101118,17
20101119,6
20101120,3
20101121,2
20101122,9
20101123,11
20101124,6
20101125,3
20101126,7
20101127,4
20101128,2
20101129,6
20101130,6
20101201,5
20101202,5
20101203,8
20101204,4
20101206,3
20101207,7
20101208,9
20101209,8
20101210,4
20101211,3
20101213,3
20101214,4
20101215,4
20101216,9
20101217,8
20101218,3
20101220,4
20101221,6
20101222,6
20101223,5
20101224,3
20101226,2
20101227,3
20101228,4
20101229,9
20101230,4
20101231,1
20110102,3
20110103,10
20110104,5
20110105,5
20110106,7
20110107,7
20110108,2
20110110,1
20110111,5
20110112,5
20110113,2
20110114,6
20110115,4
20110116,1
20110117,2
20110118,7
20110119,10
20110120,6
20110121,11
20110122,4
20110123,1
20110124,5
20110125,6
20110126,12
20110127,5
20110128,11
20110129,4
20110130,1
20110131,6
20110201,5
20110202,6
20110203,6
20110204,6
20110205,1
20110206,4
20110207,5
20110208,7
20110209,9
20110210,10
20110211,4
20110212,6
20110213,3
20110214,8
20110215,12
20110216,7
20110217,13
20110218,13
20110219,3
20110220,1
20110221,2
20110222,5
20110223,6
20110224,4
20110225,5
20110226,2
20110227,1
20110228,11
20110301,8
20110302,6
20110303,5
20110304,3
20110305,7
20110306,2
20110307,7
20110308,4
20110309,9
20110310,10
20110311,6
20110312,3
20110314,8
20110315,5
20110316,3
20110317,12
20110318,5
20110319,4
20110321,3
20110322,2
20110323,7
20110324,4
20110325,6
20110326,4
20110327,1
20110328,4
20110329,10
20110330,2
20110331,6
20110401,8
20110402,1
20110403,2
20110404,6
20110405,10
20110406,8
20110407,9
20110408,8
20110409,2
20110411,15
20110412,4
20110413,7
20110414,8
20110415,13
20110418,5
20110419,3
20110420,7
20110421,5
20110422,7
20110423,1
20110425,4
20110426,4
20110427,9
20110428,10
20110429,5
20110430,2
20110502,3
20110503,9
20110504,11
20110505,5
20110506,9
20110507,2
20110509,8
20110510,11
20110511,11
20110512,9
20110513,8
20110514,1
20110516,6
20110517,11
20110518,10
20110519,31
20110520,17
20110521,5
20110523,8
20110524,9
20110525,7
20110526,9
20110527,6
20110528,5
20110529,1
20110530,1
20110531,13
20110601,11
20110602,19
20110603,19
20110604,4
20110605,2
20110606,8
20110607,10
20110608,10
20110609,19
20110610,11
20110611,8
20110613,7
20110614,11
20110615,13
20110616,13
20110617,6
20110618,4
20110619,3
20110620,6
20110621,5
20110622,14
20110623,6
20110624,5
20110625,1
20110626,1
20110627,10
20110628,9
20110629,16
20110630,5
20110701,9
20110702,1
20110704,3
20110705,11
20110706,11
20110707,5
20110708,11
20110709,3
20110710,1
20110711,2
20110712,11
20110713,9
20110714,8
20110715,9
20110716,6
20110718,11
20110719,4
20110720,5
20110721,11
20110722,4
20110723,1
20110724,1
20110725,8
20110726,9
20110727,5
20110728,12
20110729,7
20110731,1
20110801,9
20110802,8
20110803,8
20110804,9
20110805,8
20110806,3
20110807,1
20110808,11
20110809,15
20110810,13
20110811,9
20110812,8
20110813,3
20110814,2
20110815,11
20110816,4
20110817,13
20110818,10
20110819,13
20110820,1
20110822,6
20110823,12
20110824,12
20110825,7
20110826,8
20110827,1
20110828,1
20110829,8
20110830,7
20110831,7
20110901,10
20110902,14
20110903,5
20110905,2
20110906,8
20110907,17
20110908,10
20110909,8
20110910,2
20110912,10
20110913,14
20110914,9
20110915,6
20110916,12
20110917,3
20110918,1
20110919,8
20110920,9
20110921,14
20110922,7
20110923,9
20110924,2
20110925,1
20110926,11
20110927,11
20110928,5
20110929,9
20110930,5
20111001,3
20111003,8
20111004,9
20111005,3
20111006,9
20111007,6
20111008,4
20111009,1
20111010,10
20111011,7
20111012,12
20111013,6
20111014,5
20111015,3
20111017,7
20111018,13
20111019,6
20111020,8
20111021,17
20111022,3
20111023,1
20111024,11
20111025,5
20111026,9
20111027,10
20111028,11
20111029,5
20111031,3
20111101,2
20111102,10
20111103,9
20111104,6
20111105,4
20111107,2
20111108,14
20111109,12
20111110,7
20111111,8
20111112,2
20111114,8
20111115,9
20111116,8
20111117,6
20111118,14
20111119,3
20111121,16
20111122,3
20111123,6
20111124,3
20111125,1
20111126,1
20111127,1
20111128,8
20111129,6
20111130,5
20111201,11
20111202,8
20111203,4
20111205,6
20111206,6
20111207,14
20111208,8
20111209,13
20111210,3
20111212,9
20111213,7
20111214,11
20111215,17
20111216,11
20111217,4
20111219,8
20111220,10
20111221,14
20111222,6
20111223,6
20111224,6
20111225,1
20111227,1
20111228,8
20111229,9
20111230,4
20111231,4
20120103,8
20120104,10
20120105,8
20120106,3
20120108,1
20120109,1
20120110,11
20120111,9
20120112,14
20120113,12
20120114,4
20120117,5
20120118,14
20120119,10
20120120,2
20120121,1
20120122,3
20120123,6
20120124,9
20120125,8
20120126,8
20120127,8
20120128,5
20120129,1
20120130,8
20120131,6
20120201,5
20120202,10
20120203,8
20120205,1
20120206,4
20120207,5
20120208,4
20120209,3
20120210,6
20120211,3
20120212,1
20120213,6
20120214,5
20120215,4
20120216,9
20120217,7
20120218,1
20120219,1
20120221,5
20120222,6
20120223,5
20120224,3
20120225,2
20120227,7
20120228,7
20120229,11
20120301,3
20120302,7
20120303,1
20120305,6
20120306,10
20120307,6
20120308,6
20120309,6
20120310,1
20120311,5
20120312,7
20120313,8
20120314,10
20120315,10
20120316,8
20120317,3
20120318,1
20120319,6
20120320,4
20120321,13
20120322,11
20120323,11
20120325,3
20120326,4
20120327,2
20120328,5
20120329,7
20120330,10
20120401,3
20120402,11
20120403,18
20120404,10
20120405,5
20120406,3
20120407,1
20120409,14
20120410,7
20120411,4
20120412,8
20120413,7
20120414,1
20120415,1
20120416,11
20120417,9
20120418,11
20120419,12
20120420,11
20120421,1
20120423,9
20120424,4
20120425,11
20120426,7
20120427,6
20120429,5
20120430,15
20120501,5
20120502,1
20120503,3
20120504,5
20120505,1
20120506,2
20120507,5
20120508,14
20120509,6
20120510,5
20120511,7
20120513,3
20120514,9
20120515,15
20120516,12
20120517,6
20120518,17
20120519,2
20120520,1
20120521,9
20120522,2
20120523,8
20120524,9
20120525,8
20120526,1
20120528,3
20120529,13
20120530,6
20120531,9
20120601,7
20120602,2
20120603,1
20120604,7
20120605,11
20120606,11
20120607,5
20120608,9
20120609,1
20120610,3
20120611,12
20120612,3
20120613,8
20120614,5
20120615,4
20120616,1
20120617,1
20120618,9
20120619,8
20120620,5
20120621,8
20120622,1
20120624,2
20120625,4
20120626,6
20120627,5
20120628,1
20120629,4
20120701,2
20120702,8
20120703,5
20120704,1
20120705,9
20120706,4
20120707,1
20120708,2
20120709,6
20120710,6
20120711,8
20120712,9
20120713,8
20120714,1
20120715,2
20120716,6
20120717,6
20120718,9
20120719,16
20120720,3
20120722,4
20120723,5
20120724,10
20120725,7
20120726,3
20120727,7
20120729,2
20120730,11
20120731,9
20120801,7
20120802,12
20120803,5
20120804,1
20120805,2
20120806,7
20120807,4
20120808,4
20120809,4
20120810,7
20120811,2
20120812,1
20120813,9
20120814,13
20120815,2
20120816,5
20120817,7
20120819,1
20120820,6
20120821,8
20120822,2
20120823,2
20120824,3
20120826,2
20120827,10
20120828,2
20120829,1
20120830,8
20120831,7
20120903,2
20120904,5
20120905,6
20120906,9
20120907,8
20120909,1
20120910,3
20120911,6
20120912,4
20120913,6
20120914,6
20120915,3
20120916,1
20120917,2
20120918,10
20120919,6
20120920,3
20120921,4
20120923,1
20120924,8
20120925,9
20120926,4
20120927,5
20120928,8
20120930,5
20121001,7
20121002,4
20121003,4
20121004,3
20121005,8
20121007,3
20121008,2
20121009,7
20121010,5
20121011,9
20121012,6
20121013,1
20121014,1
20121015,10
20121016,7
20121017,4
20121018,2
20121019,10
20121021,5
20121022,2
20121023,2
20121024,12
20121025,7
20121026,14
20121028,2
20121029,4
20121030,4
20121031,4
20121101,3
20121102,5
20121104,3
20121105,8
20121106,1
20121107,4
20121108,7
20121109,3
20121111,1
20121112,4
20121113,6
20121114,4
20121115,10
20121116,7
20121118,1
20121119,5
20121120,5
20121121,3
20121122,5
20121123,4
20121125,2
20121126,4
20121127,5
20121128,7
20121129,1
20121130,3
20121202,2
20121203,7
20121204,2
20121205,3
20121206,4
20121207,2
20121209,5
20121210,3
20121211,4
20121212,5
20121213,9
20121214,10
20121216,3
20121217,5
20121218,7
20121219,3
20121220,5
20121221,3
20121223,4
20121225,1
20121226,1
20121227,4
20121228,4
20121230,1
20130101,3
20130102,3
20130103,7
20130104,1
20130106,2
20130107,6
20130108,3
20130109,5
20130110,7
20130111,4
20130113,3
20130114,7
20130115,4
20130116,8
20130117,6
20130118,4
20130120,2
20130121,3
20130122,4
20130123,5
20130124,2
20130125,4
20130127,2
20130128,5
20130129,3
20130130,5
20130131,5
20130201,11
20130202,1
20130203,3
20130204,6
20130205,7
20130206,7
20130207,13
20130208,11
20130209,1
20130210,3
20130211,3
20130212,6
20130213,2
20130214,6
20130215,4
20130217,2
20130218,4
20130219,7
20130220,10
20130221,5
20130222,9
20130223,1
20130224,4
20130225,4
20130226,5
20130227,11
20130228,5
20130301,9
20130303,3
20130304,6
20130305,18
20130306,6
20130307,8
20130308,7
20130309,1
20130310,1
20130311,5
20130312,5
20130313,3
20130314,2
20130315,4
20130317,3
20130318,6
20130319,1
20130320,7
20130321,8
20130322,2
20130323,1
20130324,1
20130325,8
20130326,7
20130327,4
20130328,12
20130329,5
20130331,4
20130401,4
20130402,4
20130403,7
20130404,7
20130405,9
20130406,1
20130407,2
20130408,6
20130409,4
20130410,8
20130411,10
20130412,11
20130414,2
20130415,9
20130416,10
20130417,14
20130418,3
20130419,9
20130422,2
20130423,1
20130424,7
20130425,10
20130426,11
20130429,5
20130430,3
20130501,12
20130502,11
20130503,9
20130504,1
20130505,3
20130506,5
20130507,4
20130508,12
20130509,8
20130510,12
20130512,4
20130513,4
20130514,3
20130515,18
20130516,11
20130517,6
20130519,3
20130520,5
20130521,14
20130522,6
20130523,7
20130524,11
20130526,1
20130527,2
20130528,12
20130529,4
20130530,9
20130531,6
20130601,1
20130602,1
20130603,6
20130604,6
20130605,10
20130606,6
20130607,4
20130608,1
20130609,1
20130610,9
20130611,5
20130612,7
20130613,7
20130614,2
20130616,3
20130617,9
20130619,7
20130620,7
20130621,5
20130622,1
20130623,1
20130624,2
20130625,8
20130626,5
20130627,4
20130628,7
20130630,2
20130701,6
20130702,6
20130703,4
20130704,2
20130705,2
20130707,2
20130708,11
20130709,6
20130710,4
20130711,2
20130712,5
20130714,1
20130715,9
20130716,6
20130717,6
20130718,9
20130719,15
20130721,1
20130722,9
20130723,2
20130724,3
20130725,5
20130726,6
20130728,1
20130729,13
20130730,7
20130731,4
20130801,2
20130802,7
20130804,1
20130805,4
20130806,15
20130807,14
20130808,4
20130809,9
20130810,1
20130811,4
20130812,8
20130813,7
20130814,4
20130815,6
20130816,3
20130818,1
20130819,8
20130820,6
20130821,6
20130822,7
20130823,12
20130825,2
20130826,3
20130827,6
20130828,3
20130829,2
20130830,7
20130902,4
20130903,5
20130904,5
20130905,5
20130906,9
20130908,3
20130909,10
20130910,6
20130911,1
20130912,5
20130913,6
20130914,2
20130915,7
20130916,11
20130917,8
20130918,16
20130919,2
20130920,13
20130921,3
20130922,4
20130923,6
20130924,10
20130925,12
20130926,3
20130927,11
20130929,2
20130930,8
20131001,6
20131002,3
20131003,13
20131004,4
20131005,1
20131007,12
20131008,11
20131009,12
20131010,5
20131011,5
20131013,1
20131014,9
20131015,6
20131016,4
20131017,7
20131018,9
20131019,2
20131020,6
20131021,9
20131022,8
20131023,6
20131024,6
20131025,9
20131026,1
20131027,2
20131028,11
20131029,7
20131030,12
20131031,9
20131101,11
20131102,2
20131103,4
20131104,11
20131105,10
20131106,13
20131107,6
20131108,9
20131110,6
20131111,15
20131112,13
20131113,10
20131114,12
20131115,15
20131117,2
20131118,16
20131119,11
20131120,13
20131121,11
20131122,20
20131123,1
20131124,2
20131125,7
20131126,12
20131127,11
20131128,9
20131129,7
20131201,3
20131202,9
20131203,5
20131204,19
20131205,9
20131206,5
20131208,4
20131209,11
20131210,6
20131211,9
20131212,12
20131213,12
20131215,1
20131216,9
20131217,10
20131218,10
20131219,5
20131220,16
20131222,4
20131223,6
20131224,4
20131225,1
20131226,1
20131227,7
20131229,3
20131230,8
20131231,4
20140101,1
20140102,5
20140103,8
20140104,2
20140105,8
20140106,8
20140107,7
20140108,8
20140109,13
20140110,9
20140111,1
20140112,2
20140113,14
20140114,13
20140115,7
20140116,10
20140117,11
20140119,2
20140120,6
20140121,10
20140122,5
20140123,9
20140124,7
20140126,1
20140127,10
20140128,8
20140129,12
20140130,7
20140131,4
20140201,1
20140202,2
20140203,4
20140204,6
20140205,6
20140206,3
20140207,5
20140209,1
20140210,10
20140211,4
20140212,6
20140213,9
20140214,3
20140217,2
20140218,10
20140219,2
20140220,4
20140221,10
20140223,2
20140224,4
20140225,9
20140226,4
20140227,8
20140228,3
20140302,2
20140303,3
20140304,7
20140305,7
20140306,11
20140307,13
20140308,2
20140309,1
20140310,11
20140311,11
20140312,10
20140313,9
20140314,5
20140315,1
20140316,2
20140317,8
20140318,5
20140319,5
20140320,3
20140321,5
20140322,1
20140323,2
20140324,9
20140325,6
20140326,11
20140327,9
20140328,5
20140329,1
20140330,1
20140331,7
20140401,12
20140402,5
20140403,9
20140404,9
20140406,2
20140407,4
20140408,9
20140409,7
20140410,10
20140411,5
20140412,1
20140414,6
20140415,8
20140416,7
20140417,7
20140418,8
20140419,1
20140420,5
20140421,2
20140422,7
20140423,9
20140424,7
20140425,7
20140427,2
20140428,6
20140429,4
20140430,8
20140501,8
20140502,7
20140504,3
20140505,10
20140506,7
20140507,8
20140508,9
20140509,8
20140512,2
20140513,9
20140514,12
20140515,13
20140516,8
20140518,2
20140519,5
20140520,11
20140521,4
20140522,5
20140523,12
20140526,3
20140527,8
20140528,8
20140529,9
20140530,12
20140531,1
20140601,2
20140602,9
20140603,7
20140604,10
20140605,6
20140606,9
20140608,2
20140609,14
20140610,1
20140611,8
20140612,10
20140613,8
20140614,3
20140615,1
20140616,4
20140617,4
20140618,6
20140619,5
20140620,9
20140622,3
20140623,4
20140624,12
20140625,2
20140626,12
20140627,5
20140629,3
20140630,6
20140701,6
20140702,7
20140703,7
20140704,2
20140706,5
20140707,8
20140708,7
20140709,6
20140710,6
20140711,8
20140714,5
20140715,8
20140716,9
20140717,4
20140718,4
20140720,1
20140721,3
20140722,5
20140723,6
20140724,7
20140725,4
20140726,2
20140728,7
20140729,5
20140730,2
20140731,3
20140801,9
20140803,1
20140804,3
20140805,2
20140806,6
20140807,4
20140808,4
20140810,2
20140811,1
20140812,4
20140813,22
20140814,6
20140815,3
20140817,1
20140818,5
20140819,3
20140820,3
20140821,7
20140822,4
20140823,1
20140824,2
20140825,9
20140826,7
20140827,7
20140828,6
20140829,5
20140831,1
20140901,4
20140902,5
20140903,3
20140904,7
20140905,2
20140907,1
20140908,8
20140909,2
20140910,5
20140911,6
20140912,5
20140913,1
20140914,2
20140915,4
20140916,10
20140917,3
20140918,5
20140919,4
20140921,5
20140922,8
20140923,6
20140924,11
20140925,8
20140926,8
20140928,1
20140929,5
20140930,7
20141001,5
20141002,6
20141003,3
20141005,2
20141006,4
20141007,4
20141008,9
20141009,6
20141010,6
20141011,1
20141013,4
20141014,7
20141015,3
20141016,5
20141017,5
20141018,3
20141019,1
20141020,3
20141021,3
20141022,6
20141023,3
20141024,6
20141026,1
20141027,9
20141028,7
20141029,6
20141030,8
20141031,4
20141102,2
20141103,9
20141104,9
20141105,8
20141106,8
20141107,2
20141109,2
20141111,4
20141112,1
20141113,8
20141114,3
20141115,1
20141117,9
20141118,5
20141119,4
20141120,1
20141121,4
20141123,1
20141124,3
20141125,5
20141126,2
20141127,2
20141128,6
20141129,1
20141130,2
20141201,7
20141202,3
20141203,3
20141204,5
20141205,2
20141207,2
20141208,3
20141209,2
20141210,3
20141211,3
20141212,5
20141214,4
20141215,1
20141216,4
20141217,3
20141218,3
20141219,3
20141220,1
20141221,1
20141222,5
20141223,1
20141224,4
20141225,2
20141226,3
20141227,1
20141229,6
20141230,5
20141231,2
20150101,4
20150102,3
20150106,4
20150107,6
20150108,7
20150109,2
20150111,2
20150112,4
20150113,4
20150114,7
20150115,6
20150116,8
20150119,4
20150120,2
20150121,7
20150122,2
20150123,4
20150124,1
20150126,3
20150127,3
20150128,3
20150129,4
20150201,3
20150202,1
20150203,11
20150204,4
20150205,5
20150206,3
20150208,2
20150209,5
20150210,3
20150211,3
20150212,10
20150213,4
20150215,1
20150217,2
20150218,2
20150219,5
20150220,4
20150222,2
20150223,2
20150224,11
20150225,2
20150226,7
20150227,4
20150228,1
20150301,2
20150302,8
20150303,13
20150304,10
20150305,4
20150306,6
20150308,4
20150309,9
20150310,4
20150311,8
20150312,8
20150313,4
20150315,6
20150316,3
20150317,3
20150318,10
20150319,5
20150320,3
20150322,4
20150323,7
20150324,7
20150325,13
20150326,6
20150327,9
20150329,3
20150330,2
20150331,7
20150401,3
20150402,4
20150403,3
20150404,1
20150405,2
20150406,1
20150407,2
20150408,2
20150409,4
20150410,6
20150412,3
20150413,7
20150414,7
20150415,7
20150416,2
20150417,6
20150419,5
20150420,3
20150421,8
20150422,1
20150423,9
20150424,14
20150425,1
20150426,5
20150427,11
20150428,10
20150429,5
20150430,7
