20050103,4
20050105,3
20050109,1
20050111,3
20050112,1
20050113,3
20050117,1
20050118,2
20050121,2
20050124,1
20050125,3
20050126,2
20050127,1
20050128,3
20050131,1
20050202,1
20050206,1
20050207,1
20050208,1
20050214,2
20050215,1
20050216,1
20050217,2
20050218,1
20050222,1
20050224,1
20050228,2
20050301,1
20050303,2
20050304,2
20050307,3
20050308,1
20050309,2
20050310,3
20050311,2
20050313,2
20050314,3
20050316,5
20050317,2
20050318,1
20050322,2
20050323,1
20050324,1
20050325,1
20050329,2
20050330,1
20050331,2
20050401,2
20050404,1
20050405,2
20050406,1
20050407,1
20050408,3
20050410,1
20050411,2
20050412,1
20050413,1
20050414,1
20050418,4
20050419,1
20050420,4
20050421,1
20050422,2
20050424,1
20050425,3
20050427,3
20050428,2
20050429,2
20050430,1
20050501,1
20050502,2
20050504,2
20050505,2
20050506,2
20050508,1
20050509,2
20050510,1
20050511,7
20050512,1
20050513,1
20050515,1
20050516,4
20050518,2
20050522,2
20050523,1
20050525,1
20050526,1
20050527,1
20050531,1
20050601,4
20050603,6
20050605,2
20050606,3
20050607,1
20050608,4
20050609,1
20050610,1
20050612,1
20050613,1
20050614,1
20050615,2
20050617,3
20050620,3
20050622,4
20050624,4
20050627,1
20050628,3
20050630,1
20050701,5
20050703,2
20050707,1
20050708,2
20050712,3
20050714,2
20050717,1
20050718,1
20050719,2
20050721,2
20050723,1
20050726,1
20050727,3
20050801,3
20050803,2
20050804,2
20050805,3
20050808,4
20050809,1
20050810,1
20050811,1
20050812,1
20050815,2
20050816,1
20050817,5
20050819,2
20050824,3
20050825,1
20050826,1
20050829,1
20050831,1
20050902,1
20050904,1
20050905,1
20050906,2
20050909,1
20050912,2
20050913,1
20050914,3
20050915,1
20050916,2
20050917,2
20050921,1
20050922,1
20050923,2
20050925,2
20050926,1
20050927,2
20050928,1
20050929,2
20050930,1
20051001,3
20051003,3
20051004,3
20051005,2
20051006,1
20051007,2
20051008,1
20051010,2
20051011,1
20051012,3
20051013,1
20051014,1
20051015,1
20051017,3
20051020,2
20051021,2
20051022,1
20051024,2
20051025,2
20051026,1
20051028,4
20051031,2
20051101,1
20051102,3
20051103,1
20051104,1
20051105,1
20051106,1
20051107,3
20051108,1
20051109,1
20051110,3
20051111,2
20051112,2
20051113,1
20051114,2
20051115,2
20051116,1
20051117,2
20051118,1
20051121,2
20051122,3
20051123,3
20051125,2
20051126,2
20051128,2
20051129,1
20051130,1
20051201,2
20051202,3
20051203,1
20051205,2
20051206,2
20051207,3
20051208,3
20051209,1
20051210,2
20051211,1
20051212,2
20051214,1
20051217,1
20051219,3
20051220,1
20051221,2
20051222,1
20051223,1
20051225,1
20051226,1
20051227,1
20051230,1
20051231,1
20060103,9
20060104,3
20060105,3
20060106,2
20060107,1
20060109,2
20060110,4
20060111,4
20060112,2
20060116,2
20060118,2
20060120,2
20060121,1
20060123,2
20060125,2
20060126,1
20060127,2
20060128,1
20060201,2
20060202,1
20060206,2
20060207,1
20060208,3
20060209,1
20060210,5
20060211,1
20060213,1
20060214,3
20060215,2
20060216,3
20060217,2
20060218,2
20060221,1
20060222,2
20060223,1
20060224,3
20060225,2
20060228,1
20060301,1
20060303,2
20060304,2
20060306,2
20060308,2
20060310,1
20060312,2
20060313,2
20060315,1
20060316,2
20060318,2
20060319,1
20060320,2
20060321,1
20060322,3
20060324,1
20060325,1
20060328,1
20060329,3
20060330,2
20060331,4
20060405,1
20060411,2
20060414,1
20060415,1
20060417,2
20060418,1
20060419,1
20060421,2
20060422,1
20060423,1
20060424,1
20060425,1
20060501,2
20060502,1
20060503,3
20060504,1
20060506,2
20060508,2
20060509,1
20060510,1
20060511,2
20060512,1
20060513,1
20060515,5
20060516,1
20060517,3
20060518,1
20060519,3
20060520,3
20060522,3
20060523,2
20060524,1
20060525,2
20060526,9
20060527,1
20060528,1
20060530,6
20060601,4
20060602,2
20060603,1
20060605,1
20060607,1
20060609,2
20060611,2
20060612,2
20060613,2
20060614,3
20060615,1
20060616,1
20060617,2
20060619,2
20060620,2
20060621,3
20060622,1
20060623,3
20060624,1
20060626,2
20060627,6
20060628,2
20060630,2
20060701,1
20060703,2
20060704,1
20060705,1
20060706,3
20060707,1
20060708,1
20060711,3
20060712,1
20060713,1
20060715,3
20060716,1
20060717,2
20060719,2
20060721,2
20060722,1
20060723,1
20060724,2
20060725,1
20060726,2
20060727,2
20060728,1
20060729,2
20060731,2
20060801,2
20060802,1
20060803,1
20060804,2
20060805,2
20060807,2
20060810,1
20060811,1
20060814,3
20060815,1
20060816,3
20060817,1
20060818,3
20060821,4
20060822,1
20060823,2
20060824,1
20060825,2
20060828,1
20060829,2
20060830,5
20060831,1
20060901,1
20060902,2
20060905,1
20060906,3
20060907,1
20060908,3
20060909,2
20060911,3
20060913,2
20060914,2
20060915,2
20060916,3
20060917,1
20060920,4
20060921,1
20060922,3
20060925,4
20060926,1
20060927,2
20060928,1
20060929,2
20060930,2
20061002,5
20061003,1
20061004,6
20061005,2
20061006,1
20061007,1
20061009,1
20061010,3
20061011,3
20061012,2
20061013,2
20061014,1
20061016,3
20061018,4
20061019,2
20061020,1
20061022,1
20061023,2
20061024,1
20061025,3
20061026,1
20061027,1
20061028,3
20061030,2
20061031,2
20061101,4
20061102,2
20061104,1
20061106,2
20061107,1
20061108,1
20061109,1
20061110,1
20061113,3
20061114,1
20061115,1
20061117,2
20061118,2
20061121,2
20061122,3
20061124,2
20061129,2
20061201,1
20061202,1
20061204,2
20061205,2
20061206,5
20061207,1
20061208,1
20061209,5
20061213,1
20061215,2
20061216,2
20061218,4
20061219,1
20061220,3
20061222,3
20061223,2
20061226,1
20061227,3
20061228,3
20061229,2
20061230,1
20070102,4
20070103,1
20070105,1
20070106,1
20070107,1
20070108,1
20070110,1
20070111,1
20070112,3
20070113,2
20070115,1
20070117,3
20070118,2
20070119,2
20070120,2
20070122,2
20070123,2
20070124,2
20070125,4
20070129,1
20070130,2
20070202,4
20070203,1
20070204,1
20070205,3
20070206,2
20070208,1
20070209,1
20070210,1
20070211,1
20070212,2
20070213,2
20070214,2
20070215,1
20070216,1
20070220,2
20070221,2
20070223,3
20070224,2
20070225,1
20070226,4
20070227,3
20070228,4
20070301,2
20070302,2
20070303,1
20070304,1
20070305,5
20070306,2
20070307,2
20070309,1
20070314,2
20070315,1
20070316,5
20070317,1
20070319,1
20070320,1
20070321,1
20070323,1
20070324,1
20070328,1
20070329,2
20070330,2
20070331,2
20070402,2
20070403,1
20070404,1
20070405,1
20070406,1
20070408,1
20070410,4
20070413,2
20070414,1
20070415,1
20070416,3
20070417,1
20070418,2
20070419,3
20070420,1
20070423,2
20070424,3
20070425,4
20070426,3
20070427,1
20070428,1
20070429,1
20070430,1
20070501,1
20070502,1
20070503,1
20070504,1
20070505,1
20070507,3
20070508,1
20070509,1
20070510,4
20070511,3
20070512,1
20070514,2
20070515,2
20070516,5
20070517,6
20070518,1
20070519,1
20070521,2
20070522,2
20070523,5
20070524,5
20070525,2
20070526,1
20070529,2
20070530,4
20070531,2
20070601,3
20070604,7
20070605,2
20070606,3
20070607,6
20070608,4
20070609,3
20070610,1
20070611,2
20070612,1
20070613,4
20070614,2
20070615,2
20070616,3
20070617,1
20070618,3
20070619,2
20070621,2
20070622,4
20070623,2
20070624,2
20070625,3
20070626,5
20070627,2
20070628,1
20070629,2
20070630,2
20070702,2
20070703,1
20070706,1
20070710,1
20070712,1
20070713,3
20070718,1
20070719,1
20070729,2
20070730,1
20070801,4
20070802,1
20070803,1
20070804,1
20070806,5
20070807,1
20070808,3
20070809,5
20070811,1
20070814,2
20070815,1
20070816,3
20070817,2
20070818,1
20070820,3
20070821,3
20070822,2
20070823,5
20070824,6
20070827,1
20070828,2
20070829,2
20070830,2
20070901,2
20070902,1
20070904,1
20070905,1
20070906,2
20070907,1
20070908,1
20070909,1
20070910,2
20070911,2
20070912,2
20070913,2
20070915,1
20070917,1
20070918,3
20070919,4
20070920,3
20070921,1
20070922,1
20070925,1
20070926,1
20070927,2
20070928,1
20070929,1
20071001,3
20071002,1
20071003,1
20071005,1
20071006,1
20071007,1
20071010,1
20071011,1
20071012,2
20071013,2
20071014,1
20071015,3
20071016,3
20071019,1
20071020,1
20071022,2
20071024,1
20071025,1
20071026,2
20071029,2
20071030,2
20071031,1
20071101,1
20071102,2
20071104,1
20071105,4
20071106,2
20071107,5
20071108,2
20071109,1
20071110,1
20071112,2
20071114,1
20071115,2
20071116,4
20071117,2
20071118,1
20071119,2
20071120,3
20071121,5
20071123,3
20071126,2
20071127,2
20071128,3
20071201,1
20071202,2
20071203,2
20071204,2
20071205,5
20071210,3
20071213,1
20071215,1
20071217,2
20071218,1
20071219,2
20071221,2
20071222,2
20071226,1
20071227,3
20071229,2
20071231,3
20080102,5
20080103,6
20080104,2
20080105,3
20080106,1
20080107,4
20080108,2
20080109,5
20080111,1
20080112,1
20080115,3
20080116,2
20080117,2
20080118,2
20080122,2
20080123,4
20080124,1
20080125,1
20080126,1
20080128,2
20080129,1
20080130,1
20080201,2
20080202,2
20080203,3
20080204,2
20080205,1
20080207,2
20080208,1
20080209,3
20080211,2
20080212,4
20080213,2
20080214,5
20080218,3
20080221,3
20080222,3
20080225,1
20080226,1
20080228,2
20080229,1
20080303,4
20080304,1
20080305,3
20080306,1
20080307,1
20080310,2
20080311,2
20080312,2
20080313,2
20080314,4
20080315,1
20080317,1
20080318,3
20080320,2
20080321,2
20080322,3
20080323,1
20080324,2
20080326,3
20080327,2
20080328,1
20080329,1
20080331,2
20080401,1
20080402,5
20080403,1
20080404,4
20080405,1
20080407,2
20080408,1
20080409,1
20080411,4
20080414,1
20080415,2
20080418,1
20080419,1
20080421,4
20080422,1
20080423,5
20080424,3
20080425,1
20080429,2
20080430,1
20080502,1
20080505,1
20080506,1
20080514,1
20080515,3
20080519,1
20080520,1
20080521,2
20080522,2
20080529,1
20080530,1
20080602,1
20080604,1
20080605,3
20080609,3
20080613,1
20080614,2
20080616,2
20080617,2
20080618,2
20080620,1
20080623,1
20080625,2
20080626,2
20080627,2
20080628,3
20080630,1
20080701,1
20080702,1
20080703,4
20080705,1
20080707,2
20080709,3
20080710,2
20080711,3
20080712,3
20080715,1
20080716,1
20080717,1
20080718,1
20080719,1
20080721,2
20080723,3
20080724,4
20080725,2
20080728,1
20080730,2
20080731,2
20080801,2
20080804,1
20080806,2
20080807,2
20080808,1
20080809,2
20080811,2
20080812,4
20080813,1
20080815,1
20080817,1
20080818,2
20080820,2
20080821,1
20080822,2
20080823,3
20080826,1
20080827,2
20080828,1
20080830,1
20080902,3
20080903,3
20080904,6
20080905,3
20080906,1
20080908,2
20080910,3
20080912,2
20080913,1
20080915,5
20080916,1
20080917,2
20080918,5
20080919,3
20080920,2
20080924,3
20080925,2
20080926,3
20080927,1
20080929,1
20080930,2
20081001,2
20081003,1
20081004,2
20081006,1
20081007,3
20081008,2
20081009,2
20081010,1
20081011,1
20081013,1
20081014,3
20081015,3
20081016,4
20081017,2
20081020,1
20081021,1
20081022,1
20081024,2
20081025,3
20081027,4
20081028,1
20081029,4
20081030,3
20081031,2
20081102,1
20081103,6
20081104,1
20081105,3
20081106,4
20081107,1
20081108,1
20081113,1
20081115,1
20081116,1
20081118,2
20081120,3
20081121,4
20081124,1
20081125,1
20081126,2
20081128,1
20081129,3
20081201,3
20081203,2
20081206,1
20081208,1
20081209,4
20081212,3
20081213,2
20081214,1
20081215,3
20081216,1
20081217,4
20081218,3
20081219,2
20081220,1
20081222,1
20081223,2
20081224,2
20081226,1
20081227,1
20081229,1
20081230,3
20081231,2
20090101,1
20090102,3
20090105,4
20090106,2
20090107,2
20090108,1
20090109,1
20090110,2
20090111,1
20090112,6
20090113,3
20090114,3
20090115,4
20090116,1
20090120,4
20090121,1
20090123,4
20090124,1
20090126,2
20090127,1
20090128,2
20090129,1
20090130,1
20090131,1
20090205,1
20090206,2
20090209,1
20090210,1
20090211,1
20090212,1
20090213,1
20090220,1
20090223,2
20090224,1
20090226,1
20090227,2
20090301,1
20090302,2
20090303,2
20090305,1
20090307,3
20090309,2
20090311,3
20090312,1
20090313,3
20090315,1
20090316,3
20090317,1
20090318,1
20090320,1
20090323,1
20090324,4
20090325,2
20090326,2
20090327,6
20090328,3
20090329,1
20090330,2
20090331,2
20090401,5
20090402,2
20090403,4
20090404,3
20090405,1
20090406,3
20090407,4
20090408,4
20090409,5
20090410,4
20090413,6
20090414,3
20090415,3
20090416,4
20090417,5
20090418,2
20090420,2
20090421,3
20090422,2
20090423,7
20090424,4
20090425,1
20090426,1
20090427,2
20090428,3
20090429,5
20090430,3
20090501,2
20090502,1
20090504,3
20090505,2
20090506,3
20090508,1
20090509,2
20090511,5
20090512,2
20090513,1
20090514,2
20090515,3
20090516,2
20090517,1
20090518,1
20090519,2
20090520,1
20090521,1
20090522,2
20090523,1
20090526,2
20090527,4
20090528,6
20090529,5
20090531,1
20090601,2
20090602,2
20090603,1
20090604,2
20090605,3
20090606,3
20090608,4
20090609,4
20090610,2
20090611,1
20090612,1
20090613,1
20090615,4
20090617,3
20090619,3
20090620,3
20090622,4
20090623,3
20090624,3
20090625,2
20090626,3
20090627,1
20090629,2
20090630,2
20090701,3
20090702,4
20090703,2
20090706,4
20090708,2
20090709,1
20090710,5
20090711,1
20090712,1
20090713,2
20090714,2
20090715,1
20090716,4
20090717,1
20090718,1
20090719,1
20090720,2
20090721,1
20090722,1
20090723,1
20090724,1
20090725,1
20090726,1
20090727,1
20090728,3
20090729,3
20090731,1
20090801,1
20090803,4
20090805,4
20090806,2
20090807,3
20090809,1
20090810,4
20090813,3
20090814,4
20090817,1
20090819,1
20090820,6
20090821,3
20090822,2
20090823,2
20090824,5
20090825,3
20090827,1
20090828,3
20090829,1
20090830,2
20090831,1
20090901,3
20090902,2
20090903,3
20090904,3
20090907,1
20090908,2
20090909,1
20090911,9
20090912,1
20090915,1
20090916,1
20090917,2
20090918,6
20090919,1
20090920,2
20090921,1
20090925,2
20090926,2
20090927,2
20090928,1
20090929,1
20090930,1
20091001,2
20091002,4
20091003,1
20091004,1
20091005,3
20091006,4
20091007,3
20091008,2
20091009,1
20091010,1
20091011,1
20091012,3
20091015,2
20091016,3
20091017,1
20091020,2
20091022,3
20091025,2
20091026,1
20091027,1
20091028,2
20091030,3
20091101,2
20091102,2
20091103,4
20091105,2
20091106,2
20091108,1
20091109,5
20091110,3
20091111,5
20091112,2
20091113,1
20091115,1
20091116,1
20091117,3
20091118,2
20091119,2
20091120,5
20091122,1
20091124,1
20091127,2
20091130,3
20091202,4
20091203,2
20091204,1
20091205,1
20091207,4
20091208,2
20091209,2
20091211,1
20091216,1
20091217,2
20091219,1
20091220,1
20091221,3
20091222,1
20091224,6
20091225,1
20091228,4
20091229,1
20091231,1
20100104,2
20100105,2
20100106,3
20100107,2
20100108,2
20100109,1
20100111,3
20100112,2
20100113,1
20100114,2
20100115,5
20100118,1
20100119,2
20100120,5
20100122,2
20100124,2
20100125,4
20100127,3
20100128,1
20100129,5
20100201,1
20100202,1
20100203,2
20100204,1
20100205,1
20100206,1
20100207,4
20100208,2
20100209,1
20100211,2
20100212,1
20100213,1
20100216,3
20100217,2
20100218,2
20100219,3
20100220,1
20100221,1
20100222,3
20100223,1
20100224,1
20100225,1
20100226,1
20100227,1
20100301,2
20100302,3
20100303,1
20100305,7
20100307,1
20100308,4
20100309,5
20100310,2
20100311,3
20100312,3
20100315,2
20100317,2
20100318,3
20100319,4
20100321,1
20100322,2
20100323,1
20100324,1
20100325,1
20100326,1
20100328,2
20100329,2
20100401,2
20100402,3
20100404,1
20100408,1
20100409,3
20100412,1
20100413,2
20100415,3
20100416,3
20100417,1
20100418,1
20100419,1
20100420,4
20100421,1
20100422,2
20100423,2
20100425,2
20100426,1
20100428,1
20100501,1
20100503,1
20100504,4
20100505,8
20100507,4
20100508,2
20100509,4
20100510,3
20100512,2
20100513,1
20100514,2
20100515,2
20100516,1
20100517,2
20100518,1
20100519,1
20100520,1
20100521,6
20100522,3
20100524,3
20100525,4
20100526,3
20100527,3
20100528,4
20100530,1
20100531,1
20100601,1
20100602,1
20100604,2
20100605,4
20100607,4
20100608,2
20100609,2
20100611,4
20100612,4
20100613,1
20100614,1
20100615,2
20100616,2
20100617,1
20100618,5
20100619,4
20100620,2
20100621,2
20100622,4
20100623,1
20100624,5
20100625,6
20100626,1
20100627,1
20100628,2
20100629,3
20100630,7
20100701,3
20100702,2
20100704,1
20100706,1
20100707,9
20100708,3
20100709,6
20100710,3
20100712,5
20100713,5
20100714,4
20100715,7
20100716,5
20100718,1
20100719,3
20100721,1
20100722,2
20100723,2
20100724,1
20100726,2
20100727,1
20100728,3
20100729,1
20100730,3
20100731,1
20100802,1
20100803,1
20100804,1
20100805,4
20100806,1
20100807,3
20100809,3
20100810,1
20100811,2
20100812,6
20100813,3
20100814,1
20100815,1
20100816,3
20100817,2
20100818,3
20100819,5
20100820,1
20100821,2
20100823,3
20100825,1
20100826,3
20100827,4
20100829,2
20100831,2
20100901,5
20100902,4
20100903,2
20100904,2
20100905,1
20100907,3
20100908,1
20100909,4
20100912,1
20100913,4
20100914,4
20100915,4
20100916,2
20100917,1
20100918,2
20100919,2
20100920,2
20100922,3
20100923,3
20100924,3
20100925,3
20100927,4
20100928,3
20100929,3
20100930,2
20101001,6
20101002,2
20101003,1
20101004,6
20101005,3
20101006,4
20101008,5
20101011,7
20101012,5
20101013,5
20101014,2
20101015,5
20101016,3
20101018,1
20101019,3
20101020,2
20101021,6
20101022,4
20101023,1
20101024,2
20101025,1
20101026,1
20101027,4
20101028,2
20101029,4
20101030,2
20101101,2
20101102,5
20101103,3
20101104,4
20101105,4
20101106,1
20101107,2
20101108,2
20101109,5
20101110,4
20101111,4
20101112,4
20101113,1
20101114,2
20101115,2
20101116,4
20101117,4
20101118,2
20101119,5
20101120,1
20101122,2
20101124,2
20101125,2
20101126,1
20101127,1
20101128,2
20101130,2
20101201,4
20101202,6
20101203,3
20101204,1
20101206,4
20101207,2
20101208,3
20101209,1
20101210,3
20101211,1
20101212,1
20101213,3
20101214,4
20101215,3
20101216,3
20101217,7
20101218,1
20101219,1
20101220,2
20101221,2
20101227,1
20101228,4
20101229,4
20101230,1
20101231,1
20110103,5
20110104,4
20110105,6
20110106,4
20110107,3
20110108,2
20110109,1
20110110,5
20110111,4
20110112,5
20110113,2
20110114,4
20110115,2
20110117,1
20110118,4
20110119,4
20110120,2
20110122,3
20110124,3
20110125,3
20110126,2
20110127,4
20110128,5
20110129,2
20110130,1
20110201,2
20110202,3
20110203,6
20110204,1
20110205,2
20110207,5
20110208,2
20110209,4
20110210,3
20110211,1
20110214,3
20110215,3
20110216,7
20110217,1
20110218,3
20110219,2
20110220,2
20110222,4
20110223,4
20110224,2
20110225,3
20110226,5
20110228,4
20110301,1
20110302,2
20110303,2
20110304,4
20110305,3
20110306,2
20110307,3
20110308,7
20110309,7
20110310,7
20110311,4
20110312,2
20110314,3
20110315,3
20110316,2
20110318,1
20110319,2
20110321,3
20110322,1
20110323,4
20110324,4
20110325,6
20110326,2
20110328,1
20110329,1
20110331,3
20110401,2
20110403,1
20110404,4
20110405,3
20110406,4
20110408,5
20110409,2
20110410,1
20110411,2
20110412,4
20110413,6
20110414,1
20110415,11
20110416,4
20110417,2
20110418,2
20110419,4
20110420,2
20110421,2
20110422,1
20110423,1
20110427,3
20110428,4
20110429,5
20110430,3
20110502,6
20110503,4
20110504,1
20110505,3
20110506,8
20110507,6
20110508,1
20110509,1
20110510,1
20110511,5
20110512,7
20110513,4
20110514,2
20110516,3
20110517,4
20110518,5
20110519,3
20110520,4
20110521,1
20110523,2
20110524,5
20110525,9
20110526,7
20110527,3
20110528,5
20110530,1
20110531,4
20110601,4
20110602,1
20110603,4
20110604,3
20110605,1
20110606,3
20110607,3
20110608,2
20110609,5
20110610,4
20110611,1
20110613,4
20110614,7
20110615,6
20110616,7
20110617,6
20110618,2
20110620,3
20110621,6
20110622,4
20110623,6
20110624,4
20110625,1
20110627,6
20110628,5
20110629,5
20110630,6
20110701,5
20110702,3
20110703,1
20110705,1
20110706,3
20110707,5
20110708,5
20110709,5
20110711,2
20110712,2
20110713,3
20110714,2
20110716,1
20110717,1
20110719,2
20110721,3
20110722,4
20110723,2
20110725,2
20110727,3
20110728,2
20110729,5
20110801,5
20110802,6
20110803,1
20110804,5
20110805,3
20110806,3
20110807,1
20110808,8
20110809,6
20110810,5
20110811,5
20110812,8
20110813,3
20110814,2
20110815,5
20110816,5
20110817,5
20110818,8
20110819,6
20110822,6
20110823,8
20110824,8
20110825,8
20110826,4
20110827,2
20110828,1
20110829,2
20110830,5
20110902,3
20110903,4
20110906,10
20110907,12
20110908,9
20110909,9
20110910,2
20110911,1
20110912,2
20110913,1
20110914,3
20110915,2
20110916,11
20110917,1
20110918,1
20110919,5
20110920,5
20110921,2
20110922,11
20110923,7
20110924,3
20110926,2
20110927,5
20110928,4
20110929,7
20110930,3
20111001,4
20111003,12
20111004,5
20111005,12
20111006,8
20111007,6
20111008,1
20111009,1
20111010,6
20111011,5
20111012,4
20111013,6
20111014,3
20111015,3
20111017,3
20111018,7
20111019,6
20111020,8
20111021,6
20111022,4
20111024,8
20111025,3
20111026,6
20111027,7
20111028,5
20111029,3
20111031,5
20111101,2
20111102,2
20111103,7
20111104,5
20111105,1
20111107,4
20111108,2
20111110,6
20111111,4
20111112,1
20111113,1
20111114,2
20111115,2
20111116,6
20111118,2
20111119,1
20111120,1
20111121,1
20111122,2
20111123,2
20111125,3
20111126,1
20111128,5
20111129,3
20111130,1
20111201,2
20111203,1
20111205,1
20111206,1
20111207,4
20111208,7
20111209,8
20111210,2
20111212,5
20111213,3
20111214,4
20111215,6
20111216,5
20111217,1
20111219,3
20111222,1
20111223,3
20111224,1
20111227,2
20111228,5
20111229,2
20111230,2
20120101,1
20120102,1
20120103,4
20120104,3
20120105,4
20120106,5
20120107,2
20120109,2
20120110,6
20120111,2
20120112,4
20120113,8
20120114,4
20120117,9
20120118,6
20120119,5
20120120,4
20120122,1
20120123,4
20120124,4
20120125,6
20120126,12
20120127,4
20120128,2
20120130,5
20120131,5
20120201,3
20120202,3
20120203,5
20120204,2
20120205,1
20120206,7
20120207,2
20120208,2
20120209,2
20120210,5
20120211,2
20120213,3
20120214,2
20120215,3
20120216,7
20120217,3
20120218,1
20120220,2
20120221,2
20120222,2
20120223,2
20120224,13
20120225,3
20120226,1
20120227,4
20120228,3
20120229,7
20120301,4
20120302,6
20120303,1
20120304,2
20120306,1
20120307,3
20120308,4
20120309,9
20120312,2
20120313,1
20120314,2
20120315,5
20120316,7
20120317,1
20120318,3
20120319,10
20120320,2
20120321,7
20120322,5
20120323,4
20120325,4
20120326,11
20120327,7
20120328,4
20120329,6
20120330,7
20120331,1
20120401,2
20120402,7
20120403,2
20120404,5
20120405,6
20120406,1
20120408,2
20120409,6
20120410,3
20120411,3
20120412,4
20120413,8
20120415,1
20120417,3
20120418,5
20120419,2
20120420,3
20120422,3
20120423,3
20120424,5
20120425,8
20120426,5
20120427,4
20120429,1
20120430,6
20120501,5
20120502,2
20120503,1
20120504,4
20120506,2
20120507,1
20120508,4
20120509,4
20120510,5
20120511,8
20120513,1
20120514,4
20120515,5
20120516,3
20120517,6
20120518,3
20120521,1
20120522,7
20120523,6
20120524,4
20120525,4
20120526,1
20120528,1
20120530,4
20120531,5
20120601,1
20120602,1
20120603,1
20120604,7
20120605,2
20120606,1
20120607,3
20120608,8
20120609,1
20120610,1
20120612,4
20120613,2
20120614,5
20120615,4
20120617,1
20120618,1
20120620,2
20120621,1
20120622,5
20120624,2
20120625,1
20120626,3
20120627,5
20120628,3
20120629,4
20120702,3
20120703,8
20120704,1
20120705,4
20120706,2
20120708,2
20120709,2
20120710,3
20120711,4
20120712,6
20120713,3
20120716,10
20120717,1
20120718,5
20120719,1
20120720,6
20120722,2
20120723,5
20120724,4
20120725,4
20120726,3
20120727,4
20120728,1
20120729,1
20120730,1
20120731,1
20120801,2
20120802,6
20120803,5
20120804,1
20120806,4
20120807,4
20120808,8
20120809,6
20120810,3
20120811,1
20120813,5
20120814,1
20120815,5
20120816,5
20120817,3
20120819,1
20120820,3
20120821,3
20120822,6
20120823,4
20120824,5
20120826,1
20120827,9
20120828,5
20120829,1
20120830,4
20120831,4
20120903,1
20120904,4
20120905,6
20120906,5
20120907,2
20120909,2
20120910,4
20120911,2
20120912,3
20120913,4
20120914,4
20120915,1
20120916,1
20120917,2
20120918,4
20120919,1
20120920,2
20120921,3
20120922,1
20120923,1
20120924,4
20120925,13
20120926,1
20120927,1
20120928,3
20120930,2
20121001,4
20121002,3
20121003,9
20121004,2
20121005,5
20121007,2
20121008,3
20121009,6
20121010,6
20121011,4
20121012,9
20121014,4
20121015,8
20121016,4
20121017,3
20121019,9
20121021,1
20121022,3
20121023,3
20121024,3
20121025,7
20121026,7
20121027,1
20121029,3
20121030,3
20121031,3
20121101,2
20121102,6
20121103,1
20121104,3
20121105,1
20121106,3
20121107,4
20121108,4
20121111,1
20121112,2
20121113,3
20121114,1
20121115,2
20121116,1
20121118,4
20121119,2
20121120,4
20121121,1
20121122,1
20121123,3
20121125,1
20121126,2
20121127,3
20121129,2
20121130,3
20121202,2
20121203,4
20121204,1
20121205,3
20121206,4
20121207,4
20121208,1
20121210,2
20121211,3
20121212,1
20121213,2
20121214,7
20121217,2
20121218,3
20121219,1
20121220,2
20121221,4
20121223,2
20121226,3
20121227,2
20121228,2
20121229,1
20121230,3
20121231,1
20130101,3
20130102,2
20130103,3
20130104,5
20130105,1
20130106,1
20130107,4
20130110,2
20130111,7
20130113,1
20130114,2
20130115,4
20130116,5
20130117,2
20130118,6
20130120,1
20130121,1
20130122,4
20130123,4
20130124,4
20130125,4
20130126,1
20130128,6
20130129,2
20130130,1
20130131,2
20130201,4
20130202,1
20130203,7
20130204,1
20130205,11
20130206,4
20130207,2
20130208,4
20130210,2
20130211,8
20130212,3
20130213,2
20130214,2
20130215,7
20130217,1
20130219,6
20130220,4
20130221,4
20130222,5
20130224,1
20130225,7
20130226,4
20130227,2
20130228,6
20130301,4
20130303,2
20130304,4
20130305,17
20130306,10
20130307,7
20130308,2
20130310,1
20130311,6
20130312,4
20130313,2
20130314,5
20130315,7
20130316,2
20130317,1
20130318,6
20130319,1
20130320,2
20130321,7
20130322,8
20130324,2
20130325,5
20130326,5
20130327,7
20130328,8
20130329,4
20130330,1
20130331,3
20130401,5
20130402,4
20130403,5
20130404,9
20130405,4
20130407,3
20130408,8
20130409,3
20130410,2
20130411,5
20130412,7
20130413,1
20130414,1
20130415,5
20130416,11
20130417,2
20130418,2
20130419,9
20130420,1
20130421,1
20130422,3
20130423,6
20130424,4
20130425,8
20130426,5
20130428,1
20130429,5
20130430,6
20130501,1
20130502,6
20130503,5
20130505,6
20130506,7
20130507,5
20130508,6
20130509,2
20130510,13
20130512,2
20130513,9
20130514,7
20130515,10
20130516,10
20130517,7
20130518,1
20130520,5
20130521,12
20130522,7
20130523,5
20130524,5
20130526,2
20130527,1
20130528,7
20130529,4
20130530,9
20130531,8
20130602,2
20130603,5
20130604,3
20130605,9
20130606,5
20130607,2
20130608,1
20130609,3
20130610,3
20130611,3
20130612,8
20130613,8
20130614,5
20130617,6
20130619,8
20130620,8
20130621,4
20130622,1
20130625,7
20130626,3
20130627,4
20130628,12
20130630,5
20130701,3
20130702,4
20130703,2
20130704,3
20130705,4
20130706,1
20130707,3
20130708,4
20130709,6
20130710,6
20130711,7
20130712,7
20130713,2
20130714,4
20130715,2
20130716,2
20130717,7
20130718,2
20130719,4
20130720,1
20130721,3
20130722,1
20130723,2
20130724,2
20130725,7
20130726,5
20130728,4
20130729,5
20130730,3
20130731,1
20130801,3
20130802,6
20130803,2
20130804,2
20130805,6
20130806,4
20130807,9
20130808,6
20130809,8
20130810,1
20130811,3
20130812,6
20130813,7
20130814,4
20130815,8
20130816,4
20130817,1
20130819,7
20130820,6
20130821,3
20130822,5
20130823,5
20130825,1
20130826,4
20130827,4
20130828,6
20130830,6
20130831,1
20130902,2
20130903,2
20130904,6
20130905,2
20130906,3
20130907,1
20130908,4
20130909,2
20130910,1
20130911,5
20130913,7
20130916,5
20130917,2
20130918,1
20130919,9
20130920,7
20130922,4
20130923,5
20130924,1
20130925,1
20130926,1
20130927,4
20130929,1
20130930,3
20131001,7
20131002,5
20131003,2
20131004,1
20131006,4
20131007,5
20131008,5
20131009,6
20131010,6
20131011,1
20131013,1
20131014,2
20131015,1
20131016,6
20131017,5
20131018,1
20131019,1
20131020,2
20131021,3
20131022,3
20131023,2
20131024,2
20131025,3
20131027,4
20131028,9
20131029,3
20131030,7
20131031,3
20131101,6
20131103,2
20131104,3
20131105,3
20131106,4
20131107,2
20131108,2
20131110,5
20131111,7
20131112,6
20131113,2
20131114,11
20131115,4
20131116,1
20131117,1
20131118,6
20131119,5
20131120,3
20131121,6
20131122,4
20131123,3
20131124,4
20131125,3
20131126,4
20131127,1
20131128,3
20131129,1
20131130,1
20131201,1
20131202,7
20131204,5
20131205,7
20131206,7
20131207,1
20131208,3
20131209,11
20131210,2
20131211,5
20131213,6
20131215,3
20131216,3
20131217,1
20131218,2
20131219,10
20131220,10
20131223,4
20131224,5
20131225,1
20131226,1
20131227,1
20131228,1
20131229,3
20131230,6
20131231,3
20140101,1
20140102,10
20140103,7
20140105,3
20140106,5
20140107,14
20140108,3
20140109,8
20140110,9
20140112,2
20140113,4
20140114,7
20140115,4
20140116,6
20140117,4
20140118,2
20140119,2
20140120,1
20140121,8
20140122,10
20140123,3
20140124,3
20140126,2
20140127,4
20140128,2
20140129,6
20140130,4
20140131,3
20140202,4
20140203,4
20140204,4
20140205,6
20140206,2
20140207,5
20140208,1
20140209,1
20140210,8
20140211,4
20140212,1
20140213,3
20140214,3
20140215,1
20140217,3
20140218,4
20140219,6
20140220,8
20140221,3
20140222,1
20140223,1
20140224,4
20140225,8
20140226,1
20140227,2
20140228,6
20140302,2
20140303,4
20140304,6
20140305,8
20140306,12
20140307,11
20140308,4
20140309,4
20140310,12
20140311,6
20140312,6
20140313,4
20140314,12
20140316,3
20140317,4
20140318,6
20140319,2
20140320,3
20140321,5
20140322,1
20140323,2
20140324,7
20140325,4
20140326,2
20140327,8
20140328,4
20140330,2
20140331,4
20140401,5
20140402,2
20140403,2
20140404,5
20140406,4
20140407,4
20140408,5
20140409,5
20140410,5
20140411,7
20140414,9
20140415,1
20140416,2
20140417,3
20140418,3
20140420,5
20140421,7
20140422,4
20140423,6
20140424,2
20140425,6
20140428,8
20140429,7
20140430,3
20140501,3
20140502,5
20140504,3
20140505,1
20140506,3
20140507,3
20140508,6
20140509,5
20140511,2
20140513,4
20140514,2
20140515,3
20140516,6
20140519,5
20140520,3
20140521,6
20140522,3
20140523,6
20140526,3
20140527,4
20140528,5
20140529,2
20140530,3
20140531,1
20140601,1
20140602,1
20140603,3
20140604,3
20140605,9
20140606,3
20140608,3
20140609,10
20140610,8
20140611,1
20140612,4
20140613,4
20140614,1
20140615,3
20140616,7
20140617,2
20140618,4
20140619,2
20140620,4
20140622,1
20140623,5
20140624,8
20140625,5
20140626,1
20140627,6
20140630,1
20140701,4
20140702,4
20140703,5
20140704,2
20140706,4
20140707,12
20140708,6
20140709,4
20140711,9
20140713,2
20140714,3
20140715,2
20140716,4
20140717,4
20140718,4
20140720,2
20140721,2
20140722,2
20140723,2
20140724,5
20140725,1
20140727,3
20140728,2
20140729,3
20140730,1
20140731,4
20140801,4
20140803,1
20140804,2
20140805,6
20140806,3
20140807,4
20140808,5
20140810,1
20140811,4
20140812,2
20140813,28
20140814,6
20140815,8
20140817,2
20140818,5
20140819,2
20140820,8
20140821,7
20140822,4
20140824,4
20140825,5
20140826,8
20140827,6
20140828,1
20140829,8
20140830,1
20140901,2
20140902,8
20140903,3
20140904,5
20140905,5
20140907,5
20140908,3
20140909,4
20140910,2
20140911,3
20140912,2
20140913,1
20140914,1
20140915,2
20140916,2
20140917,5
20140918,5
20140919,2
20140920,2
20140921,5
20140922,9
20140923,3
20140924,5
20140925,4
20140926,8
20140927,1
20140928,3
20140929,5
20140930,4
20141001,6
20141002,6
20141003,8
20141004,1
20141005,3
20141006,2
20141007,4
20141008,2
20141009,4
20141010,3
20141011,2
20141012,2
20141013,2
20141014,2
20141015,3
20141016,8
20141017,7
20141018,1
20141019,3
20141020,2
20141021,5
20141022,6
20141023,4
20141024,4
20141025,1
20141026,1
20141027,7
20141028,5
20141029,6
20141030,1
20141031,2
20141102,1
20141103,4
20141104,3
20141105,4
20141106,3
20141107,4
20141109,4
20141110,1
20141111,2
20141113,9
20141114,3
20141115,1
20141116,1
20141117,3
20141118,4
20141119,1
20141120,3
20141121,3
20141123,5
20141124,1
20141125,2
20141126,1
20141127,2
20141128,1
20141129,2
20141130,1
20141201,1
20141202,2
20141203,5
20141204,2
20141205,8
20141207,2
20141208,5
20141209,7
20141210,7
20141211,2
20141212,5
20141214,2
20141215,3
20141216,1
20141217,4
20141218,8
20141219,7
20141221,2
20141222,4
20141223,9
20141224,3
20141225,2
20141226,11
20141228,1
20141229,4
20141230,3
20141231,7
20150101,4
20150102,4
20150104,5
20150105,1
20150106,7
20150107,3
20150108,3
20150109,4
20150111,1
20150112,5
20150113,5
20150114,5
20150115,7
20150116,5
20150118,2
20150119,4
20150120,1
20150121,2
20150122,4
20150123,6
20150126,1
20150127,2
20150128,2
20150129,2
20150130,3
20150202,3
20150203,6
20150204,1
20150206,3
20150208,2
20150209,1
20150210,5
20150211,7
20150212,6
20150213,6
20150217,1
20150218,6
20150219,3
20150220,5
20150223,2
20150224,3
20150225,3
20150226,5
20150227,4
20150301,1
20150302,7
20150303,6
20150304,5
20150305,4
20150306,6
20150308,8
20150309,9
20150310,5
20150311,11
20150312,12
20150313,5
20150314,1
20150315,4
20150316,3
20150317,6
20150318,1
20150319,4
20150320,1
20150322,1
20150323,5
20150324,5
20150325,1
20150326,2
20150327,11
20150328,1
20150329,3
20150330,9
20150331,5
20150401,1
20150402,2
20150403,2
20150404,1
20150405,1
20150406,1
20150407,3
20150408,1
20150409,2
20150410,6
20150413,7
20150414,8
20150416,7
20150417,4
20150419,3
20150420,1
20150421,4
20150422,4
20150423,7
20150424,4
20150426,6
20150427,8
20150428,5
