20050102,7
20050103,17
20050104,16
20050105,21
20050106,17
20050107,21
20050108,2
20050109,2
20050110,16
20050111,24
20050112,16
20050113,20
20050114,11
20050116,5
20050117,20
20050118,17
20050119,17
20050120,13
20050121,24
20050123,3
20050124,25
20050125,25
20050126,21
20050127,21
20050128,18
20050130,5
20050131,25
20050201,21
20050202,23
20050203,26
20050204,23
20050205,1
20050206,2
20050207,18
20050208,24
20050209,26
20050210,17
20050211,16
20050213,6
20050214,29
20050215,18
20050216,16
20050217,19
20050218,15
20050220,2
20050221,9
20050222,13
20050223,26
20050224,20
20050225,28
20050227,4
20050228,17
20050301,20
20050302,22
20050303,22
20050304,18
20050306,4
20050307,21
20050308,17
20050309,17
20050310,23
20050311,17
20050313,2
20050314,23
20050315,20
20050316,25
20050317,27
20050318,21
20050320,2
20050321,23
20050322,18
20050323,23
20050324,17
20050325,18
20050327,3
20050328,20
20050329,20
20050330,22
20050331,18
20050401,29
20050404,24
20050405,21
20050406,25
20050407,23
20050408,18
20050410,5
20050411,23
20050412,16
20050413,16
20050414,13
20050415,12
20050417,1
20050418,16
20050419,16
20050420,22
20050421,21
20050422,25
20050423,1
20050424,3
20050425,22
20050426,20
20050427,19
20050428,22
20050429,19
20050501,3
20050502,28
20050503,17
20050504,26
20050505,17
20050506,27
20050508,5
20050509,12
20050510,22
20050511,24
20050512,21
20050513,20
20050515,3
20050516,32
20050517,13
20050518,20
20050519,27
20050520,17
20050522,4
20050523,23
20050524,18
20050525,20
20050526,16
20050527,25
20050529,2
20050530,2
20050531,11
20050601,16
20050602,22
20050603,19
20050605,5
20050606,19
20050607,16
20050608,22
20050609,14
20050610,17
20050612,1
20050613,18
20050614,12
20050615,19
20050616,19
20050617,17
20050619,2
20050620,20
20050621,20
20050622,10
20050623,17
20050624,21
20050626,4
20050627,29
20050628,13
20050629,20
20050630,25
20050701,17
20050703,2
20050704,3
20050705,20
20050706,21
20050707,15
20050708,12
20050710,5
20050711,19
20050712,17
20050713,21
20050714,16
20050715,14
20050717,2
20050718,18
20050719,23
20050720,21
20050721,18
20050722,19
20050723,1
20050724,3
20050725,17
20050726,27
20050727,23
20050728,19
20050729,17
20050731,1
20050801,23
20050802,19
20050803,23
20050804,18
20050805,13
20050807,5
20050808,19
20050809,21
20050810,26
20050811,20
20050812,15
20050814,4
20050815,17
20050816,18
20050817,21
20050818,13
20050819,19
20050821,5
20050822,15
20050823,20
20050824,15
20050825,22
20050826,14
20050828,5
20050829,21
20050830,21
20050831,21
20050901,17
20050902,19
20050903,3
20050904,7
20050905,2
20050906,20
20050907,25
20050908,24
20050909,19
20050910,1
20050911,4
20050912,22
20050913,23
20050914,19
20050915,19
20050916,26
20050917,10
20050918,3
20050919,15
20050920,10
20050921,14
20050922,18
20050923,21
20050924,11
20050925,2
20050926,15
20050927,23
20050928,23
20050929,21
20050930,23
20051001,5
20051002,5
20051003,24
20051004,23
20051005,17
20051006,20
20051007,18
20051008,8
20051009,4
20051010,15
20051011,23
20051012,25
20051013,13
20051014,23
20051015,11
20051016,2
20051017,22
20051018,19
20051019,13
20051020,16
20051021,22
20051022,7
20051023,3
20051024,24
20051025,11
20051026,20
20051027,17
20051028,18
20051029,5
20051030,2
20051031,14
20051101,20
20051102,21
20051103,22
20051104,14
20051105,9
20051106,1
20051107,18
20051108,13
20051109,15
20051110,20
20051111,19
20051112,11
20051113,4
20051114,14
20051115,15
20051116,21
20051117,21
20051118,26
20051119,11
20051120,7
20051121,19
20051122,15
20051123,25
20051124,2
20051125,21
20051126,10
20051127,2
20051128,24
20051129,15
20051130,18
20051201,13
20051202,18
20051203,11
20051204,1
20051205,19
20051206,14
20051207,18
20051208,19
20051209,23
20051210,9
20051211,5
20051212,22
20051213,22
20051214,18
20051215,17
20051216,23
20051217,10
20051218,3
20051219,17
20051220,15
20051221,16
20051222,16
20051223,22
20051224,10
20051226,1
20051227,11
20051228,19
20051229,16
20051230,19
20051231,12
20060101,1
20060103,20
20060104,12
20060105,25
20060106,23
20060107,5
20060108,3
20060109,11
20060110,11
20060111,21
20060112,15
20060113,16
20060114,7
20060115,2
20060116,20
20060117,18
20060118,25
20060119,16
20060120,20
20060121,12
20060122,2
20060123,22
20060124,27
20060125,24
20060126,21
20060127,20
20060128,12
20060129,7
20060130,10
20060131,24
20060201,16
20060202,14
20060203,17
20060204,7
20060206,20
20060207,18
20060208,26
20060209,19
20060210,18
20060211,7
20060212,2
20060213,20
20060214,12
20060215,18
20060216,11
20060217,22
20060218,12
20060219,6
20060220,6
20060221,12
20060222,21
20060223,19
20060224,20
20060225,10
20060226,4
20060227,14
20060228,18
20060301,17
20060302,20
20060303,17
20060304,12
20060305,8
20060306,20
20060307,16
20060308,22
20060309,12
20060310,14
20060311,13
20060312,4
20060313,24
20060314,26
20060315,20
20060316,11
20060317,26
20060318,18
20060319,5
20060320,15
20060321,10
20060322,16
20060323,18
20060324,21
20060325,6
20060326,3
20060327,17
20060328,18
20060329,20
20060330,17
20060331,24
20060401,14
20060402,5
20060403,30
20060404,16
20060405,21
20060406,12
20060407,10
20060408,8
20060409,4
20060410,19
20060411,11
20060412,20
20060413,20
20060414,10
20060415,8
20060416,6
20060417,20
20060418,16
20060419,18
20060420,16
20060421,22
20060422,10
20060423,2
20060424,13
20060425,16
20060426,19
20060427,21
20060428,21
20060429,8
20060430,5
20060501,13
20060502,16
20060503,21
20060504,24
20060505,20
20060506,12
20060507,1
20060508,22
20060509,14
20060510,21
20060511,23
20060512,20
20060513,10
20060514,3
20060515,15
20060516,19
20060517,18
20060518,18
20060519,19
20060520,13
20060521,3
20060522,19
20060523,21
20060524,27
20060525,14
20060526,18
20060527,11
20060528,3
20060529,3
20060530,17
20060531,15
20060601,21
20060602,21
20060603,8
20060604,1
20060605,19
20060606,20
20060607,14
20060608,15
20060609,13
20060610,5
20060611,4
20060612,17
20060613,17
20060614,20
20060615,24
20060616,16
20060617,10
20060618,5
20060619,20
20060620,14
20060621,23
20060622,21
20060623,29
20060624,10
20060625,7
20060626,25
20060627,27
20060628,10
20060629,17
20060630,19
20060701,14
20060702,6
20060703,15
20060704,7
20060705,19
20060706,15
20060707,15
20060708,10
20060709,2
20060710,9
20060711,20
20060712,24
20060713,19
20060714,15
20060715,10
20060716,3
20060717,18
20060718,15
20060719,20
20060720,22
20060721,20
20060722,12
20060723,5
20060724,16
20060725,26
20060726,16
20060727,20
20060728,19
20060729,11
20060730,7
20060731,10
20060801,19
20060802,23
20060803,26
20060804,15
20060805,8
20060806,5
20060807,13
20060808,15
20060809,16
20060810,17
20060811,23
20060812,7
20060813,7
20060814,13
20060815,18
20060816,15
20060817,16
20060818,13
20060819,12
20060820,6
20060821,23
20060822,20
20060823,24
20060824,20
20060825,11
20060826,9
20060827,2
20060828,12
20060829,21
20060830,17
20060831,22
20060901,19
20060902,5
20060903,7
20060904,1
20060905,17
20060906,19
20060907,18
20060908,16
20060909,7
20060910,5
20060911,20
20060912,26
20060913,20
20060914,17
20060915,27
20060916,13
20060917,6
20060918,27
20060919,10
20060920,17
20060921,16
20060922,21
20060923,4
20060924,2
20060925,11
20060926,15
20060927,23
20060928,19
20060929,22
20060930,9
20061001,2
20061002,17
20061003,12
20061004,16
20061005,19
20061006,19
20061007,11
20061008,1
20061009,12
20061010,12
20061011,20
20061012,15
20061013,19
20061014,9
20061015,3
20061016,16
20061017,17
20061018,24
20061019,17
20061020,17
20061021,9
20061022,3
20061023,9
20061024,22
20061025,22
20061026,23
20061027,19
20061028,5
20061029,5
20061030,17
20061031,13
20061101,25
20061102,17
20061103,22
20061104,10
20061105,2
20061106,19
20061107,19
20061108,13
20061109,15
20061110,15
20061111,4
20061112,2
20061113,9
20061114,15
20061115,27
20061116,16
20061117,21
20061118,11
20061119,3
20061120,15
20061121,22
20061122,13
20061123,6
20061124,15
20061125,7
20061126,1
20061127,13
20061128,20
20061129,23
20061130,19
20061201,12
20061202,8
20061203,2
20061204,19
20061205,17
20061206,16
20061207,30
20061208,17
20061209,11
20061210,2
20061211,21
20061212,17
20061213,23
20061214,21
20061215,16
20061216,11
20061217,5
20061218,26
20061219,23
20061220,23
20061221,18
20061222,16
20061223,7
20061224,3
20061226,8
20061227,22
20061228,19
20061229,14
20061230,9
20061231,3
20070101,2
20070102,22
20070103,18
20070104,26
20070105,16
20070106,4
20070107,2
20070108,16
20070109,19
20070110,25
20070111,25
20070112,21
20070113,7
20070114,6
20070115,4
20070116,23
20070117,24
20070118,26
20070119,22
20070120,7
20070121,2
20070122,21
20070123,16
20070124,17
20070125,29
20070126,25
20070127,10
20070128,4
20070129,15
20070130,20
20070131,21
20070201,24
20070202,23
20070203,7
20070204,3
20070205,11
20070206,20
20070207,20
20070208,23
20070209,19
20070210,9
20070211,2
20070212,19
20070213,25
20070214,27
20070215,21
20070216,22
20070217,8
20070218,3
20070219,2
20070220,15
20070221,28
20070222,12
20070223,15
20070224,15
20070225,2
20070226,23
20070227,18
20070228,25
20070301,13
20070302,37
20070303,5
20070304,2
20070305,32
20070306,16
20070307,20
20070308,19
20070309,21
20070311,4
20070312,22
20070313,28
20070314,19
20070315,23
20070316,17
20070317,12
20070318,3
20070319,20
20070320,26
20070321,24
20070322,21
20070323,21
20070324,5
20070325,1
20070326,16
20070327,17
20070328,19
20070329,23
20070330,21
20070331,10
20070401,4
20070402,27
20070403,23
20070404,18
20070405,21
20070406,16
20070407,9
20070408,1
20070409,18
20070410,20
20070411,21
20070412,16
20070413,28
20070414,8
20070415,4
20070416,16
20070417,14
20070418,20
20070419,18
20070420,16
20070421,8
20070422,2
20070423,21
20070424,18
20070425,26
20070426,15
20070427,16
20070428,10
20070429,2
20070430,25
20070501,25
20070502,23
20070503,24
20070504,21
20070505,11
20070506,3
20070507,23
20070508,27
20070509,23
20070510,28
20070511,19
20070512,8
20070513,2
20070514,23
20070515,27
20070516,16
20070517,12
20070518,18
20070519,6
20070521,31
20070522,21
20070523,25
20070524,21
20070525,23
20070526,8
20070527,1
20070529,22
20070530,26
20070531,14
20070601,17
20070602,8
20070603,2
20070604,25
20070605,20
20070606,16
20070607,17
20070608,23
20070609,7
20070610,1
20070611,23
20070612,15
20070613,18
20070614,16
20070615,24
20070616,6
20070617,3
20070618,20
20070619,15
20070620,23
20070621,14
20070622,19
20070623,11
20070624,4
20070625,17
20070626,15
20070627,23
20070628,31
20070629,21
20070630,7
20070701,3
20070702,22
20070703,31
20070704,5
20070705,20
20070706,21
20070707,6
20070708,3
20070709,25
20070710,24
20070711,19
20070712,26
20070713,18
20070714,5
20070715,1
20070716,21
20070717,28
20070718,26
20070719,21
20070720,22
20070721,6
20070722,6
20070723,25
20070724,29
20070725,21
20070726,18
20070727,28
20070728,6
20070729,2
20070730,24
20070731,28
20070801,28
20070802,32
20070803,20
20070804,9
20070805,3
20070806,22
20070807,15
20070808,18
20070809,17
20070810,39
20070811,16
20070812,4
20070813,24
20070814,39
20070815,24
20070816,26
20070817,32
20070818,12
20070819,1
20070820,33
20070821,25
20070822,23
20070823,29
20070824,18
20070825,9
20070826,5
20070827,25
20070828,21
20070829,25
20070830,31
20070831,24
20070901,5
20070902,2
20070903,12
20070904,24
20070905,25
20070906,22
20070907,22
20070908,9
20070909,2
20070910,20
20070911,17
20070912,26
20070913,26
20070914,25
20070915,11
20070916,5
20070917,16
20070918,18
20070919,26
20070920,24
20070921,26
20070922,13
20070923,8
20070924,17
20070925,24
20070926,16
20070927,20
20070928,16
20070929,9
20070930,4
20071001,24
20071002,24
20071003,24
20071004,16
20071005,21
20071006,10
20071007,5
20071008,15
20071009,24
20071010,23
20071011,17
20071012,22
20071013,11
20071014,3
20071015,19
20071016,13
20071017,14
20071018,18
20071019,14
20071020,10
20071021,3
20071022,13
20071023,19
20071024,32
20071025,29
20071026,29
20071027,6
20071028,2
20071029,19
20071030,15
20071031,23
20071101,17
20071102,21
20071103,10
20071104,3
20071105,20
20071106,16
20071107,18
20071108,16
20071109,27
20071110,5
20071111,2
20071112,24
20071113,24
20071114,22
20071115,21
20071116,28
20071117,6
20071118,2
20071119,24
20071120,20
20071121,20
20071122,3
20071123,22
20071124,11
20071125,2
20071126,26
20071127,28
20071128,24
20071129,25
20071130,30
20071201,16
20071202,2
20071203,25
20071204,25
20071205,26
20071206,25
20071207,36
20071208,10
20071210,23
20071211,30
20071212,26
20071213,26
20071214,29
20071215,7
20071216,4
20071217,26
20071218,22
20071219,29
20071220,21
20071221,26
20071222,20
20071223,3
20071224,15
20071225,2
20071226,26
20071227,18
20071228,21
20071229,6
20071230,4
20071231,13
20080101,1
20080102,32
20080103,33
20080104,19
20080105,6
20080106,3
20080107,16
20080108,10
20080109,18
20080110,30
20080111,23
20080112,10
20080113,2
20080114,14
20080115,30
20080116,27
20080117,25
20080118,32
20080119,13
20080120,6
20080121,6
20080122,48
20080123,27
20080124,31
20080125,22
20080126,8
20080127,6
20080128,20
20080129,23
20080130,22
20080131,31
20080201,28
20080202,18
20080203,3
20080204,25
20080205,28
20080206,26
20080207,25
20080208,21
20080209,5
20080210,5
20080211,23
20080212,25
20080213,31
20080214,28
20080215,23
20080216,9
20080217,1
20080218,3
20080219,25
20080220,18
20080221,28
20080222,20
20080223,7
20080224,3
20080225,24
20080226,25
20080227,30
20080228,21
20080229,25
20080301,4
20080302,2
20080303,28
20080304,24
20080305,31
20080306,37
20080307,40
20080308,10
20080309,5
20080310,13
20080311,30
20080312,19
20080313,30
20080314,28
20080315,14
20080316,8
20080317,43
20080318,34
20080319,30
20080320,27
20080321,21
20080322,8
20080323,5
20080324,11
20080325,18
20080326,27
20080327,30
20080328,27
20080329,17
20080331,24
20080401,28
20080402,23
20080403,29
20080404,21
20080405,9
20080406,2
20080407,17
20080408,27
20080409,24
20080410,24
20080411,24
20080412,15
20080413,1
20080414,33
20080415,28
20080416,23
20080417,27
20080418,28
20080419,9
20080420,2
20080421,27
20080422,31
20080423,22
20080424,25
20080425,28
20080426,7
20080427,2
20080428,21
20080429,24
20080430,38
20080501,35
20080502,22
20080503,18
20080504,3
20080505,23
20080506,26
20080507,34
20080508,27
20080509,33
20080510,9
20080511,5
20080512,25
20080513,32
20080514,25
20080515,22
20080516,27
20080517,10
20080518,3
20080519,31
20080520,15
20080521,29
20080522,31
20080523,15
20080524,10
20080525,2
20080526,5
20080527,18
20080528,28
20080529,25
20080530,31
20080531,9
20080601,5
20080602,28
20080603,29
20080604,25
20080605,28
20080606,17
20080607,5
20080608,4
20080609,27
20080610,29
20080611,33
20080612,24
20080613,22
20080614,10
20080615,3
20080616,29
20080617,21
20080618,20
20080619,30
20080620,35
20080621,11
20080622,3
20080623,20
20080624,22
20080625,28
20080626,34
20080627,38
20080628,11
20080630,22
20080701,28
20080702,24
20080703,29
20080704,4
20080705,14
20080706,1
20080707,27
20080708,23
20080709,18
20080710,30
20080711,33
20080712,10
20080713,5
20080714,30
20080715,31
20080716,33
20080717,28
20080718,23
20080719,7
20080720,4
20080721,20
20080722,24
20080723,25
20080724,25
20080725,19
20080726,7
20080727,4
20080728,19
20080729,22
20080730,23
20080731,26
20080801,29
20080802,15
20080803,3
20080804,20
20080805,31
20080806,29
20080807,22
20080808,17
20080809,14
20080810,4
20080811,25
20080812,23
20080813,26
20080814,27
20080815,24
20080816,13
20080817,3
20080818,16
20080819,17
20080820,21
20080821,34
20080822,25
20080823,10
20080824,3
20080825,23
20080826,17
20080827,30
20080828,24
20080829,18
20080830,12
20080831,6
20080901,8
20080902,17
20080903,26
20080904,25
20080905,17
20080906,12
20080907,2
20080908,27
20080909,28
20080910,24
20080911,31
20080912,30
20080913,14
20080914,3
20080915,37
20080916,44
20080917,52
20080918,44
20080919,42
20080920,15
20080921,7
20080922,27
20080923,35
20080924,39
20080925,37
20080926,34
20080927,18
20080928,4
20080929,22
20080930,41
20081001,49
20081002,49
20081003,41
20081004,20
20081005,3
20081006,32
20081007,43
20081008,35
20081009,43
20081010,36
20081011,23
20081012,3
20081013,46
20081014,36
20081015,49
20081016,40
20081017,43
20081018,23
20081019,4
20081020,28
20081021,35
20081022,45
20081023,41
20081024,45
20081025,19
20081026,5
20081027,32
20081028,43
20081029,38
20081030,33
20081031,37
20081101,14
20081102,3
20081103,28
20081104,34
20081105,27
20081106,21
20081107,36
20081108,19
20081109,5
20081110,31
20081111,34
20081112,39
20081113,41
20081114,34
20081115,16
20081116,4
20081117,36
20081118,33
20081119,33
20081120,37
20081121,32
20081122,14
20081123,4
20081124,16
20081125,29
20081126,40
20081127,9
20081128,31
20081129,17
20081130,4
20081201,29
20081202,36
20081203,38
20081204,28
20081205,27
20081206,12
20081207,6
20081208,37
20081209,30
20081210,34
20081211,37
20081212,36
20081213,20
20081214,5
20081215,37
20081216,33
20081217,50
20081218,39
20081219,47
20081220,14
20081221,3
20081222,29
20081223,35
20081224,28
20081226,19
20081227,13
20081228,9
20081229,12
20081230,23
20081231,28
20090101,2
20090102,29
20090103,17
20090104,4
20090105,33
20090106,27
20090107,37
20090108,38
20090109,39
20090110,12
20090111,3
20090112,34
20090113,29
20090114,48
20090115,39
20090116,31
20090117,18
20090118,3
20090119,6
20090120,32
20090121,28
20090122,34
20090123,37
20090124,20
20090125,6
20090126,22
20090127,34
20090128,46
20090129,42
20090130,35
20090131,14
20090201,3
20090202,26
20090203,40
20090204,39
20090205,43
20090206,35
20090207,13
20090208,5
20090209,32
20090210,35
20090211,36
20090212,46
20090213,44
20090214,21
20090215,8
20090216,9
20090217,42
20090218,45
20090219,39
20090220,31
20090221,15
20090222,2
20090223,23
20090224,28
20090225,37
20090226,38
20090227,51
20090228,14
20090301,5
20090302,31
20090303,32
20090304,50
20090305,50
20090306,40
20090307,13
20090308,5
20090309,47
20090310,42
20090311,34
20090312,35
20090313,32
20090314,18
20090315,3
20090316,28
20090317,35
20090318,37
20090319,47
20090320,29
20090321,16
20090322,2
20090323,27
20090324,34
20090325,31
20090326,33
20090327,25
20090328,13
20090329,5
20090330,28
20090331,35
20090401,44
20090402,28
20090403,34
20090404,8
20090405,4
20090406,33
20090407,42
20090408,45
20090409,33
20090410,18
20090411,8
20090412,5
20090413,26
20090414,30
20090415,41
20090416,24
20090417,37
20090418,8
20090419,5
20090420,33
20090421,30
20090422,41
20090423,34
20090424,30
20090425,11
20090426,6
20090427,23
20090428,33
20090429,40
20090430,35
20090501,33
20090502,11
20090503,6
20090504,31
20090505,31
20090506,38
20090507,37
20090508,31
20090509,13
20090510,6
20090511,37
20090512,44
20090513,27
20090514,43
20090515,34
20090516,5
20090517,5
20090518,31
20090519,30
20090520,32
20090521,19
20090522,17
20090523,8
20090524,1
20090525,8
20090526,38
20090527,29
20090528,28
20090529,25
20090530,14
20090531,4
20090601,25
20090602,33
20090603,30
20090604,22
20090605,24
20090606,12
20090608,19
20090609,21
20090610,34
20090611,35
20090612,25
20090613,14
20090614,6
20090615,27
20090616,29
20090617,29
20090618,27
20090619,38
20090620,5
20090622,20
20090623,33
20090624,31
20090625,31
20090626,29
20090627,7
20090628,5
20090629,27
20090630,26
20090701,22
20090702,30
20090703,14
20090704,4
20090705,1
20090706,27
20090707,23
20090708,22
20090709,19
20090710,24
20090711,5
20090712,5
20090713,29
20090714,25
20090715,25
20090716,36
20090717,31
20090718,10
20090719,5
20090720,21
20090721,26
20090722,32
20090723,22
20090724,32
20090725,13
20090726,3
20090727,17
20090728,30
20090729,23
20090730,42
20090731,39
20090801,10
20090802,6
20090803,28
20090804,24
20090805,45
20090806,26
20090807,27
20090808,9
20090809,6
20090810,22
20090811,32
20090812,32
20090813,32
20090814,28
20090815,12
20090816,6
20090817,27
20090818,30
20090819,35
20090820,25
20090821,26
20090822,8
20090823,6
20090824,34
20090825,23
20090826,15
20090827,25
20090828,27
20090829,10
20090830,4
20090831,30
20090901,23
20090902,33
20090903,26
20090904,31
20090905,9
20090906,1
20090907,6
20090908,34
20090909,38
20090910,23
20090911,35
20090912,12
20090913,2
20090914,19
20090915,25
20090916,33
20090917,35
20090918,30
20090919,9
20090920,2
20090921,17
20090922,20
20090923,24
20090924,25
20090925,38
20090926,6
20090927,3
20090928,26
20090929,31
20090930,37
20091001,31
20091002,34
20091003,8
20091004,4
20091005,34
20091006,29
20091007,29
20091008,28
20091009,20
20091010,9
20091011,9
20091012,32
20091013,24
20091014,43
20091015,29
20091016,32
20091017,13
20091018,4
20091019,26
20091020,35
20091021,34
20091022,26
20091023,30
20091024,7
20091025,9
20091026,23
20091027,30
20091028,35
20091029,58
20091030,36
20091031,10
20091101,5
20091102,29
20091103,39
20091104,38
20091105,46
20091106,38
20091107,11
20091108,5
20091109,28
20091110,35
20091111,35
20091112,39
20091113,21
20091114,16
20091115,6
20091116,27
20091117,44
20091118,38
20091119,42
20091120,35
20091121,7
20091122,14
20091123,30
20091124,37
20091125,41
20091126,23
20091127,32
20091128,9
20091129,7
20091130,28
20091201,37
20091202,36
20091203,37
20091204,38
20091205,12
20091206,10
20091207,27
20091208,30
20091209,40
20091210,32
20091211,21
20091212,6
20091213,5
20091214,41
20091215,40
20091216,47
20091217,33
20091218,34
20091219,8
20091220,3
20091221,28
20091222,25
20091223,24
20091224,29
20091225,1
20091226,6
20091227,5
20091228,26
20091229,18
20091230,29
20091231,26
20100101,4
20100102,5
20100103,6
20100104,23
20100105,29
20100106,40
20100107,36
20100108,23
20100109,9
20100110,5
20100111,26
20100112,43
20100113,31
20100114,32
20100115,33
20100116,13
20100117,8
20100118,20
20100119,42
20100120,50
20100121,45
20100122,25
20100123,14
20100124,6
20100125,32
20100126,32
20100127,54
20100128,37
20100129,34
20100130,12
20100131,7
20100201,35
20100202,39
20100203,40
20100204,37
20100205,37
20100206,12
20100207,7
20100208,31
20100209,23
20100210,44
20100211,35
20100212,40
20100213,10
20100214,6
20100215,16
20100216,35
20100217,29
20100218,49
20100219,31
20100220,12
20100221,7
20100222,39
20100223,37
20100224,36
20100225,34
20100226,36
20100227,13
20100228,7
20100301,49
20100302,48
20100303,35
20100304,38
20100305,36
20100306,8
20100307,9
20100308,40
20100309,32
20100310,33
20100311,37
20100312,31
20100313,14
20100314,5
20100315,31
20100316,37
20100317,40
20100318,36
20100319,39
20100320,16
20100321,8
20100322,26
20100323,33
20100324,37
20100325,26
20100326,25
20100327,13
20100328,11
20100329,25
20100330,21
20100331,20
20100401,30
20100402,14
20100403,13
20100404,7
20100405,17
20100406,27
20100407,28
20100408,19
20100409,23
20100410,12
20100411,3
20100412,35
20100413,21
20100414,27
20100415,28
20100416,19
20100417,12
20100418,4
20100419,25
20100420,27
20100421,21
20100422,22
20100423,26
20100424,10
20100425,5
20100426,18
20100427,24
20100428,23
20100429,35
20100430,25
20100501,12
20100502,7
20100503,18
20100504,39
20100505,27
20100506,33
20100507,29
20100508,18
20100509,7
20100510,27
20100511,19
20100512,29
20100513,17
20100514,23
20100515,16
20100516,7
20100517,25
20100518,32
20100519,24
20100520,22
20100521,33
20100522,18
20100523,5
20100524,18
20100525,39
20100526,25
20100527,29
20100528,25
20100529,12
20100530,4
20100531,7
20100601,18
20100602,30
20100603,25
20100604,24
20100605,10
20100606,4
20100607,32
20100608,39
20100609,44
20100610,40
20100611,38
20100612,16
20100613,7
20100614,40
20100615,35
20100616,34
20100617,36
20100618,39
20100619,10
20100620,6
20100621,42
20100622,41
20100623,38
20100624,41
20100625,29
20100626,16
20100627,2
20100628,28
20100629,37
20100630,36
20100701,43
20100702,31
20100703,16
20100704,2
20100705,12
20100706,43
20100707,54
20100708,37
20100709,31
20100710,13
20100711,6
20100712,27
20100713,50
20100714,37
20100715,30
20100716,21
20100717,10
20100718,7
20100719,24
20100720,31
20100721,22
20100722,39
20100723,32
20100724,10
20100725,5
20100726,34
20100727,37
20100728,43
20100729,43
20100730,45
20100731,20
20100801,10
20100802,34
20100803,44
20100804,37
20100805,36
20100806,23
20100807,18
20100808,11
20100809,39
20100810,33
20100811,33
20100812,39
20100813,29
20100814,19
20100815,4
20100816,38
20100817,40
20100818,37
20100819,42
20100820,27
20100821,12
20100822,6
20100823,47
20100824,30
20100825,29
20100826,33
20100827,31
20100828,13
20100829,11
20100830,35
20100831,40
20100901,30
20100902,41
20100903,24
20100904,14
20100905,4
20100906,10
20100907,35
20100908,28
20100909,43
20100910,18
20100911,14
20100912,4
20100913,36
20100914,31
20100915,34
20100916,31
20100917,32
20100918,15
20100919,5
20100920,32
20100921,38
20100922,24
20100923,27
20100924,35
20100925,8
20100926,7
20100927,32
20100928,26
20100929,26
20100930,32
20101001,40
20101002,16
20101003,8
20101004,36
20101005,39
20101006,32
20101007,25
20101008,33
20101009,10
20101010,8
20101011,23
20101012,34
20101013,37
20101014,42
20101015,41
20101016,9
20101017,7
20101018,37
20101019,36
20101020,40
20101021,33
20101022,33
20101023,14
20101024,7
20101025,51
20101026,39
20101027,44
20101028,47
20101029,35
20101030,17
20101031,7
20101101,24
20101102,51
20101103,41
20101104,35
20101105,39
20101106,12
20101107,7
20101108,33
20101109,33
20101110,61
20101111,32
20101112,31
20101113,18
20101114,10
20101115,53
20101116,50
20101117,41
20101118,32
20101119,40
20101120,15
20101121,8
20101122,31
20101123,45
20101124,38
20101125,23
20101126,32
20101127,16
20101128,7
20101129,36
20101130,45
20101201,32
20101202,35
20101203,22
20101204,13
20101205,6
20101206,38
20101207,33
20101208,42
20101209,35
20101210,34
20101211,18
20101212,9
20101213,34
20101214,42
20101215,38
20101216,36
20101217,33
20101218,17
20101219,12
20101220,36
20101221,32
20101222,27
20101223,32
20101224,24
20101225,1
20101226,5
20101227,17
20101228,19
20101229,43
20101230,21
20101231,13
20110101,5
20110102,6
20110103,31
20110104,38
20110105,36
20110106,35
20110107,20
20110108,19
20110109,11
20110110,37
20110111,35
20110112,28
20110113,23
20110114,41
20110115,15
20110116,2
20110117,17
20110118,38
20110119,33
20110120,27
20110121,23
20110122,19
20110123,5
20110124,47
20110125,38
20110126,26
20110127,43
20110128,39
20110129,24
20110130,6
20110131,41
20110201,39
20110202,28
20110203,40
20110204,24
20110205,19
20110206,4
20110207,45
20110208,45
20110209,36
20110210,50
20110211,34
20110212,17
20110213,3
20110214,43
20110215,40
20110216,44
20110217,38
20110218,23
20110219,14
20110220,7
20110221,12
20110222,41
20110223,44
20110224,33
20110225,46
20110226,20
20110227,13
20110228,42
20110301,43
20110302,48
20110303,42
20110304,33
20110305,18
20110306,9
20110307,51
20110308,48
20110309,41
20110310,53
20110311,26
20110312,18
20110313,6
20110314,44
20110315,35
20110316,32
20110317,40
20110318,51
20110319,16
20110320,6
20110321,51
20110322,41
20110323,46
20110324,34
20110325,34
20110326,11
20110327,4
20110328,43
20110329,44
20110330,51
20110331,39
20110401,44
20110402,14
20110403,8
20110404,50
20110405,58
20110406,41
20110407,37
20110408,35
20110409,11
20110410,4
20110411,42
20110412,40
20110413,36
20110414,42
20110415,44
20110416,18
20110417,4
20110418,42
20110419,41
20110420,32
20110421,43
20110422,19
20110423,6
20110424,4
20110425,30
20110426,43
20110427,48
20110428,40
20110429,30
20110430,26
20110501,5
20110502,38
20110503,32
20110504,49
20110505,45
20110506,39
20110507,12
20110508,4
20110509,39
20110510,53
20110511,37
20110512,51
20110513,38
20110514,14
20110515,3
20110516,50
20110517,46
20110518,48
20110519,49
20110520,41
20110521,14
20110522,4
20110523,39
20110524,40
20110525,39
20110526,47
20110527,33
20110528,14
20110529,5
20110530,10
20110531,37
20110601,56
20110602,51
20110603,40
20110604,20
20110605,8
20110606,31
20110607,56
20110608,39
20110609,41
20110610,36
20110611,12
20110612,7
20110613,46
20110614,50
20110615,42
20110616,39
20110617,40
20110618,11
20110619,7
20110620,39
20110621,42
20110622,42
20110623,34
20110624,44
20110625,18
20110626,5
20110627,55
20110628,50
20110629,52
20110630,55
20110701,49
20110702,13
20110703,4
20110704,8
20110705,36
20110706,45
20110707,29
20110708,39
20110709,13
20110710,2
20110711,35
20110712,42
20110713,50
20110714,49
20110715,44
20110716,17
20110717,3
20110718,34
20110719,37
20110720,53
20110721,60
20110722,43
20110723,13
20110724,12
20110725,48
20110726,45
20110727,56
20110728,54
20110729,60
20110730,21
20110731,5
20110801,38
20110802,41
20110803,42
20110804,54
20110805,61
20110806,21
20110807,10
20110808,68
20110809,48
20110810,64
20110811,47
20110812,41
20110813,17
20110814,5
20110815,43
20110816,37
20110817,41
20110818,51
20110819,52
20110820,11
20110821,3
20110822,40
20110823,31
20110824,53
20110825,41
20110826,42
20110827,22
20110828,4
20110829,32
20110830,51
20110831,42
20110901,35
20110902,42
20110903,15
20110904,1
20110905,11
20110906,43
20110907,60
20110908,50
20110909,42
20110910,15
20110911,5
20110912,38
20110913,45
20110914,46
20110915,54
20110916,46
20110917,24
20110918,3
20110919,56
20110920,45
20110921,43
20110922,62
20110923,39
20110924,17
20110925,5
20110926,45
20110927,55
20110928,43
20110929,37
20110930,41
20111001,18
20111002,2
20111003,50
20111004,50
20111005,37
20111006,35
20111007,24
20111008,13
20111009,2
20111010,39
20111011,33
20111012,42
20111013,47
20111014,32
20111015,15
20111016,3
20111017,49
20111018,42
20111019,41
20111020,46
20111021,40
20111022,13
20111023,5
20111024,47
20111025,43
20111026,48
20111027,64
20111028,57
20111029,17
20111030,3
20111031,39
20111101,32
20111102,40
20111103,46
20111104,58
20111105,20
20111106,10
20111107,47
20111108,45
20111109,34
20111110,45
20111111,35
20111112,15
20111113,5
20111114,37
20111115,57
20111116,59
20111117,65
20111118,39
20111119,17
20111120,3
20111121,58
20111122,53
20111123,47
20111124,16
20111125,27
20111126,10
20111127,6
20111128,41
20111129,43
20111130,49
20111201,31
20111202,40
20111203,12
20111204,5
20111205,40
20111206,40
20111207,40
20111208,55
20111209,35
20111210,8
20111211,5
20111212,57
20111213,55
20111214,49
20111215,41
20111216,55
20111217,11
20111218,4
20111219,47
20111220,56
20111221,49
20111222,45
20111223,30
20111224,18
20111225,2
20111226,1
20111227,18
20111228,34
20111229,29
20111230,28
20111231,17
20120101,3
20120102,3
20120103,44
20120104,44
20120105,52
20120106,41
20120107,6
20120108,5
20120109,59
20120110,57
20120111,36
20120112,50
20120113,48
20120114,13
20120115,3
20120116,16
20120117,51
20120118,59
20120119,59
20120120,45
20120121,16
20120122,4
20120123,42
20120124,45
20120125,55
20120126,54
20120127,50
20120128,15
20120129,8
20120130,46
20120131,54
20120201,49
20120202,64
20120203,42
20120204,14
20120205,7
20120206,57
20120207,46
20120208,57
20120209,64
20120210,45
20120211,12
20120212,8
20120213,46
20120214,52
20120215,52
20120216,45
20120217,41
20120218,15
20120219,9
20120220,15
20120221,51
20120222,58
20120223,52
20120224,43
20120225,18
20120226,6
20120227,45
20120228,49
20120229,78
20120301,66
20120302,43
20120303,3
20120304,6
20120305,47
20120306,64
20120307,45
20120308,47
20120309,55
20120310,3
20120311,13
20120312,56
20120313,32
20120314,45
20120315,53
20120316,42
20120317,3
20120318,6
20120319,74
20120320,52
20120321,48
20120322,33
20120323,45
20120324,4
20120325,10
20120326,30
20120327,38
20120328,41
20120329,69
20120330,45
20120331,6
20120401,15
20120402,63
20120403,42
20120404,41
20120405,42
20120406,18
20120407,7
20120408,4
20120409,50
20120410,49
20120411,36
20120412,37
20120413,38
20120414,5
20120415,15
20120416,42
20120417,46
20120418,61
20120419,58
20120420,29
20120421,2
20120422,8
20120423,56
20120424,46
20120425,44
20120426,52
20120427,54
20120428,6
20120429,14
20120430,54
20120501,51
20120502,52
20120503,39
20120504,49
20120505,4
20120506,14
20120507,39
20120508,43
20120509,46
20120510,62
20120511,36
20120512,1
20120513,13
20120514,56
20120515,61
20120516,48
20120517,50
20120518,42
20120519,3
20120520,18
20120521,45
20120522,34
20120523,50
20120524,56
20120525,37
20120526,3
20120527,2
20120528,24
20120529,52
20120530,66
20120531,57
20120601,54
20120602,4
20120603,8
20120604,45
20120605,45
20120606,51
20120607,42
20120608,46
20120609,5
20120610,6
20120611,41
20120612,47
20120613,37
20120614,47
20120615,40
20120616,6
20120617,13
20120618,47
20120619,43
20120620,38
20120621,48
20120622,23
20120624,7
20120625,24
20120626,34
20120627,31
20120628,41
20120629,48
20120630,3
20120701,11
20120702,46
20120703,39
20120704,32
20120705,39
20120706,21
20120707,2
20120708,13
20120709,54
20120710,58
20120711,49
20120712,56
20120713,43
20120714,5
20120715,14
20120716,57
20120717,43
20120718,48
20120719,46
20120720,35
20120721,3
20120722,22
20120723,67
20120724,50
20120725,71
20120726,42
20120727,38
20120728,2
20120729,9
20120730,36
20120731,50
20120801,41
20120802,59
20120803,37
20120804,2
20120805,8
20120806,46
20120807,51
20120808,64
20120809,42
20120810,32
20120811,2
20120812,10
20120813,45
20120814,39
20120815,38
20120816,41
20120817,44
20120818,6
20120819,8
20120820,48
20120821,45
20120822,49
20120823,39
20120824,36
20120825,3
20120826,9
20120827,53
20120828,28
20120829,39
20120830,40
20120831,35
20120901,7
20120902,4
20120903,20
20120904,40
20120905,50
20120906,35
20120907,32
20120908,1
20120909,12
20120910,44
20120911,36
20120912,52
20120913,35
20120914,37
20120915,4
20120916,6
20120917,36
20120918,54
20120919,37
20120920,41
20120921,28
20120922,3
20120923,11
20120924,35
20120925,41
20120926,20
20120927,57
20120928,50
20120930,12
20121001,36
20121002,43
20121003,52
20121004,29
20121005,39
20121006,3
20121007,8
20121008,39
20121009,45
20121010,31
20121011,48
20121012,52
20121013,2
20121014,6
20121015,45
20121016,54
20121017,51
20121018,42
20121019,52
20121020,3
20121021,20
20121022,87
20121023,45
20121024,46
20121025,57
20121026,32
20121027,1
20121028,12
20121029,41
20121030,49
20121031,45
20121101,56
20121102,40
20121103,1
20121104,12
20121105,40
20121106,38
20121107,50
20121108,36
20121109,43
20121111,11
20121112,49
20121113,55
20121114,46
20121115,40
20121116,48
20121118,18
20121119,42
20121120,48
20121121,43
20121122,23
20121123,27
20121124,2
20121125,14
20121126,41
20121127,47
20121128,45
20121129,48
20121130,44
20121201,1
20121202,18
20121203,60
20121204,53
20121205,49
20121206,54
20121207,44
20121208,3
20121209,10
20121210,27
20121211,46
20121212,39
20121213,56
20121214,44
20121215,4
20121216,25
20121217,33
20121218,50
20121219,43
20121220,62
20121221,47
20121223,12
20121224,17
20121225,9
20121226,21
20121227,25
20121228,23
20121229,3
20121230,14
20121231,12
20130101,17
20130102,25
20130103,28
20130104,34
20130105,4
20130106,21
20130107,43
20130108,49
20130109,46
20130110,45
20130111,44
20130112,5
20130113,13
20130114,52
20130115,56
20130116,43
20130117,52
20130118,55
20130119,1
20130120,10
20130121,20
20130122,36
20130123,53
20130124,39
20130125,32
20130126,2
20130127,15
20130128,35
20130129,51
20130130,42
20130131,57
20130201,51
20130202,3
20130203,14
20130204,49
20130205,68
20130206,49
20130207,70
20130208,48
20130209,2
20130210,17
20130211,36
20130212,48
20130213,52
20130214,64
20130215,55
20130217,5
20130218,28
20130219,40
20130220,49
20130221,70
20130222,58
20130223,2
20130224,17
20130225,43
20130226,48
20130227,62
20130228,63
20130301,50
20130303,21
20130304,51
20130305,53
20130306,39
20130307,50
20130308,36
20130310,11
20130311,41
20130312,52
20130313,37
20130314,49
20130315,38
20130316,6
20130317,8
20130318,49
20130319,44
20130320,47
20130321,45
20130322,54
20130323,10
20130324,15
20130325,56
20130326,37
20130327,64
20130328,61
20130329,33
20130330,4
20130331,15
20130401,27
20130402,35
20130403,49
20130404,46
20130405,31
20130406,4
20130407,18
20130408,45
20130409,51
20130410,47
20130411,50
20130412,52
20130413,2
20130414,16
20130415,60
20130416,58
20130417,38
20130418,51
20130419,35
20130421,15
20130422,47
20130423,65
20130424,60
20130425,46
20130426,59
20130427,1
20130428,7
20130429,44
20130430,51
20130501,49
20130502,42
20130503,45
20130504,3
20130505,19
20130506,50
20130507,61
20130508,71
20130509,53
20130510,56
20130511,1
20130512,20
20130513,51
20130514,56
20130515,53
20130516,50
20130517,44
20130518,4
20130519,11
20130520,67
20130521,35
20130522,44
20130523,45
20130524,50
20130525,3
20130526,3
20130527,16
20130528,53
20130529,51
20130530,53
20130531,40
20130601,4
20130602,10
20130603,39
20130604,53
20130605,48
20130606,33
20130607,30
20130608,2
20130609,14
20130610,31
20130611,39
20130612,40
20130613,42
20130614,32
20130615,1
20130616,10
20130617,36
20130618,5
20130619,43
20130620,56
20130621,55
20130622,3
20130623,19
20130624,62
20130625,44
20130626,42
20130627,47
20130628,56
20130629,2
20130630,18
20130701,61
20130702,47
20130703,38
20130704,35
20130705,28
20130706,1
20130707,26
20130708,41
20130709,56
20130710,26
20130711,37
20130712,43
20130713,1
20130714,7
20130715,40
20130716,42
20130717,35
20130718,49
20130719,40
20130720,6
20130721,18
20130722,45
20130723,57
20130724,44
20130725,54
20130726,47
20130727,3
20130728,11
20130729,51
20130730,53
20130731,46
20130801,65
20130802,30
20130803,4
20130804,13
20130805,34
20130806,40
20130807,40
20130808,39
20130809,36
20130810,3
20130811,6
20130812,40
20130813,48
20130814,47
20130815,32
20130816,34
20130817,4
20130818,11
20130819,46
20130820,49
20130821,40
20130822,45
20130823,38
20130824,3
20130825,9
20130826,28
20130827,34
20130828,44
20130829,45
20130830,38
20130831,3
20130901,8
20130902,37
20130903,59
20130904,50
20130905,39
20130906,38
20130907,5
20130908,14
20130909,38
20130910,34
20130911,40
20130912,44
20130913,22
20130914,4
20130915,9
20130916,40
20130917,46
20130918,48
20130919,40
20130920,42
20130921,4
20130922,11
20130923,50
20130924,35
20130925,49
20130926,62
20130927,60
20130928,3
20130929,2
20130930,46
20131001,46
20131002,33
20131003,49
20131004,46
20131005,3
20131006,24
20131007,50
20131008,66
20131009,59
20131010,53
20131011,48
20131012,8
20131013,12
20131014,60
20131015,62
20131016,56
20131017,37
20131018,30
20131019,2
20131020,16
20131021,40
20131022,39
20131023,51
20131024,57
20131025,47
20131026,3
20131027,17
20131028,47
20131029,44
20131030,52
20131031,52
20131101,34
20131102,2
20131103,17
20131104,43
20131105,50
20131106,49
20131107,47
20131108,28
20131109,3
20131110,22
20131111,40
20131112,45
20131113,44
20131114,53
20131115,31
20131116,4
20131117,14
20131118,40
20131119,49
20131120,45
20131121,37
20131122,43
20131123,6
20131124,11
20131125,47
20131126,46
20131127,36
20131128,21
20131129,16
20131130,5
20131201,13
20131202,34
20131203,46
20131204,48
20131205,54
20131206,46
20131207,4
20131208,14
20131209,52
20131210,50
20131211,54
20131212,44
20131213,36
20131214,1
20131215,20
20131216,57
20131217,42
20131218,46
20131219,51
20131220,45
20131221,4
20131222,19
20131223,50
20131224,21
20131225,14
20131226,26
20131227,21
20131228,1
20131229,14
20131230,30
20131231,26
20140101,15
20140102,36
20140103,26
20140104,4
20140105,15
20140106,42
20140107,45
20140108,44
20140109,33
20140110,35
20140111,2
20140112,4
20140113,47
20140114,46
20140115,31
20140116,49
20140117,32
20140118,5
20140119,7
20140120,29
20140121,50
20140122,59
20140123,63
20140124,42
20140125,5
20140126,7
20140127,48
20140128,42
20140129,54
20140130,56
20140131,36
20140201,4
20140202,12
20140203,50
20140204,62
20140205,34
20140206,38
20140207,47
20140208,2
20140209,16
20140210,51
20140211,44
20140212,55
20140213,58
20140214,39
20140215,4
20140216,7
20140217,17
20140218,55
20140219,56
20140220,64
20140221,47
20140222,1
20140223,13
20140224,46
20140225,52
20140226,60
20140227,37
20140228,49
20140301,3
20140302,16
20140303,54
20140304,49
20140305,41
20140306,47
20140307,33
20140308,7
20140309,13
20140310,41
20140311,41
20140312,40
20140313,58
20140314,48
20140315,1
20140316,19
20140317,35
20140318,35
20140319,39
20140320,35
20140321,31
20140322,3
20140323,11
20140324,32
20140325,48
20140326,60
20140327,46
20140328,42
20140329,3
20140330,7
20140331,39
20140401,44
20140402,32
20140403,28
20140404,39
20140405,3
20140406,18
20140407,31
20140408,31
20140409,43
20140410,38
20140411,38
20140412,2
20140413,18
20140414,39
20140415,48
20140416,56
20140417,31
20140418,29
20140419,1
20140420,11
20140421,41
20140422,44
20140423,45
20140424,56
20140425,45
20140426,2
20140427,10
20140428,45
20140429,57
20140430,65
20140501,34
20140502,46
20140503,3
20140504,22
20140505,33
20140506,58
20140507,51
20140508,59
20140509,43
20140511,15
20140512,43
20140513,47
20140514,51
20140515,41
20140516,25
20140517,1
20140518,13
20140519,52
20140520,52
20140521,48
20140522,60
20140523,36
20140524,3
20140525,7
20140526,15
20140527,36
20140528,49
20140529,48
20140530,47
20140531,1
20140605,3
20140606,1
20140610,3
20140613,1
20140617,1
20140618,2
20140619,1
20140622,1
20140625,1
20140630,1
20140701,42
20140702,39
20140703,26
20140704,5
20140705,1
20140706,16
20140707,52
20140708,40
20140709,39
20140710,29
20140711,42
20140712,3
20140713,15
20140714,42
20140715,47
20140716,49
20140717,34
20140718,33
20140720,12
20140721,31
20140722,45
20140723,45
20140724,45
20140725,32
20140726,4
20140727,13
20140728,37
20140729,53
20140730,46
20140731,50
20140801,39
20140802,3
20140803,7
20140804,40
20140805,47
20140806,46
20140807,37
20140808,35
20140809,2
20140810,20
20140811,38
20140812,46
20140813,100
20140814,37
20140815,36
20140816,1
20140817,9
20140818,39
20140819,38
20140820,45
20140821,52
20140822,41
20140823,3
20140824,7
20140825,35
20140826,45
20140827,35
20140828,32
20140829,45
20140830,4
20140831,5
20140901,14
20140902,37
20140903,50
20140904,38
20140905,32
20140906,6
20140907,14
20140908,38
20140909,41
20140910,41
20140911,48
20140912,43
20140913,1
20140914,9
20140915,59
20140916,49
20140917,49
20140918,37
20140919,47
20140920,2
20140921,21
20140922,47
20140923,43
20140924,45
20140925,24
20140926,32
20140927,1
20140928,12
20140929,38
20140930,46
20141001,55
20141002,32
20141003,42
20141004,6
20141005,17
20141006,57
20141007,40
20141008,42
20141009,56
20141010,44
20141011,4
20141012,10
20141013,31
20141014,37
20141015,37
20141016,45
20141017,47
20141018,1
20141019,12
20141020,51
20141021,51
20141022,28
20141023,49
20141024,28
20141025,3
20141026,9
20141027,34
20141028,46
20141029,56
20141030,64
20141031,37
20141101,3
20141102,19
20141103,57
20141104,41
20141105,41
20141106,55
20141107,33
20141108,2
20141109,13
20141110,35
20141111,38
20141112,50
20141113,47
20141114,36
20141115,3
20141116,10
20141117,56
20141118,41
20141119,27
20141120,46
20141121,40
20141122,1
20141123,14
20141124,50
20141125,42
20141126,30
20141127,19
20141128,27
20141129,2
20141130,16
20141201,36
20141202,49
20141203,42
20141204,49
20141205,39
20141207,14
20141208,41
20141209,45
20141210,40
20141211,49
20141212,31
20141213,1
20141214,13
20141215,39
20141216,46
20141217,45
20141218,42
20141219,35
20141220,2
20141221,13
20141222,32
20141223,29
20141224,13
20141225,15
20141226,25
20141227,1
20141228,10
20141229,22
20141230,22
20141231,12
20150101,9
20150102,28
20150103,5
20150104,10
20150105,36
20150106,37
20150107,28
20150108,35
20150109,31
20150110,2
20150111,10
20150112,32
20150113,31
20150114,35
20150115,39
20150116,39
20150117,2
20150118,4
20150119,21
20150120,32
20150121,39
20150122,56
20150123,43
20150125,7
20150126,48
20150127,36
20150128,52
20150129,63
20150130,33
20150131,2
20150201,13
20150202,55
20150203,49
20150204,44
20150205,69
20150206,34
20150207,4
20150208,18
20150209,31
20150210,47
20150211,51
20150212,56
20150213,35
20150214,2
20150215,7
20150216,20
20150217,46
20150218,32
20150219,45
20150220,22
20150222,13
20150223,34
20150224,49
20150225,61
20150226,60
20150227,43
20150228,9
20150301,6
20150302,27
20150303,29
20150304,16
20150305,25
20150306,19
20150307,2
20150308,9
20150309,35
20150310,40
20150311,44
20150312,49
20150313,43
20150314,1
20150315,15
20150316,43
20150317,34
20150318,41
20150319,36
20150320,31
20150321,3
20150322,14
20150323,40
20150324,41
20150325,43
20150326,48
20150327,63
20150328,4
20150329,14
20150330,61
20150331,50
20150401,30
20150402,24
20150403,16
20150404,2
20150405,11
20150406,24
20150407,33
20150408,36
20150409,34
20150410,32
20150412,17
20150413,30
20150414,25
20150415,44
20150416,39
20150417,23
20150418,4
20150419,13
20150420,33
20150421,39
20150422,37
20150423,43
20150424,44
20150425,2
20150426,11
20150427,33
20150428,45
20150429,39
20150430,37
