20050125,1
20050128,1
20050211,1
20050310,1
20050316,1
20050321,1
20050324,1
20050401,1
20050405,1
20050421,1
20050516,1
20050526,1
20050527,1
20050531,1
20050609,1
20050610,1
20050615,1
20050622,1
20050628,1
20050717,1
20050721,1
20050722,3
20050726,1
20050727,1
20050728,1
20050729,3
20050810,1
20050822,1
20050825,1
20050829,1
20050901,1
20050912,2
20050915,1
20050922,1
20051021,1
20051022,1
20051025,1
20051026,1
20051101,1
20051105,1
20051213,1
20051219,1
20051222,1
20060116,1
20060127,2
20060201,2
20060202,2
20060203,1
20060214,2
20060221,1
20060222,1
20060225,1
20060301,1
20060310,1
20060324,1
20060327,1
20060331,2
20060419,1
20060420,1
20060424,1
20060425,1
20060427,1
20060505,1
20060508,1
20060509,1
20060510,1
20060512,1
20060517,1
20060530,1
20060602,1
20060606,1
20060612,1
20060705,1
20060707,1
20060711,1
20060719,1
20060722,1
20060724,1
20060810,1
20060815,1
20060828,1
20060905,1
20060907,1
20060908,1
20060913,1
20060915,1
20060921,1
20060922,1
20060926,1
20060927,1
20061016,1
20061020,4
20061021,1
20061024,1
20061026,1
20061027,1
20061031,1
20061104,1
20061108,1
20061129,1
20061201,1
20061214,1
20061215,1
20061218,1
20061221,1
20061229,1
20070104,1
20070116,1
20070118,1
20070126,2
20070127,1
20070130,1
20070216,1
20070226,1
20070228,1
20070331,1
20070418,1
20070421,1
20070425,2
20070428,1
20070524,1
20070604,2
20070606,1
20070609,1
20070614,1
20070615,1
20070705,1
20070715,1
20070720,1
20070721,2
20070723,1
20070724,1
20070809,1
20070817,1
20070827,1
20070829,1
20070908,1
20070913,1
20070915,1
20070927,1
20070928,1
20070929,1
20071009,2
20071020,2
20071026,2
20071027,1
20071105,1
20071122,1
20071210,1
20071211,1
20080114,1
20080122,2
20080124,2
20080126,1
20080130,1
20080131,2
20080206,1
20080209,1
20080228,2
20080229,1
20080301,1
20080311,1
20080320,1
20080327,1
20080402,1
20080409,3
20080410,1
20080411,1
20080414,1
20080416,1
20080418,3
20080419,1
20080505,1
20080514,1
20080519,1
20080523,1
20080524,1
20080613,1
20080614,1
20080621,1
20080623,1
20080716,1
20080717,1
20080722,1
20080724,1
20080827,1
20080828,1
20080829,1
20080904,1
20080910,1
20080911,2
20080916,1
20080924,1
20081001,2
20081007,1
20081020,1
20081021,3
20081022,2
20081030,1
20081111,1
20081119,1
20081203,1
20081219,1
20081223,1
20081226,1
20090105,1
20090108,2
20090110,1
20090114,1
20090117,1
20090123,1
20090127,4
20090128,3
20090130,1
20090202,1
20090204,1
20090206,2
20090207,1
20090210,1
20090304,1
20090317,1
20090320,1
20090401,1
20090403,1
20090406,1
20090407,1
20090409,1
20090413,1
20090417,1
20090422,2
20090423,2
20090428,1
20090429,1
20090430,1
20090504,1
20090505,1
20090521,1
20090527,1
20090602,1
20090613,1
20090615,1
20090706,1
20090710,1
20090713,1
20090715,1
20090721,1
20090722,1
20090723,1
20090727,1
20090731,1
20090806,1
20090817,1
20090819,1
20090822,1
20090827,1
20091002,1
20091014,1
20091019,3
20091021,2
20091023,2
20091026,1
20091027,1
20091028,1
20091030,2
20091119,1
20091130,2
20091201,2
20091220,1
20091223,1
20091224,1
20091228,2
20091231,1
20100104,1
20100111,2
20100122,1
20100126,1
20100127,2
20100128,1
20100129,1
20100217,2
20100223,1
20100224,1
20100225,1
20100302,4
20100306,1
20100310,2
20100311,2
20100319,2
20100321,1
20100323,1
20100325,1
20100326,1
20100327,1
20100331,1
20100401,2
20100402,1
20100405,1
20100407,1
20100414,1
20100420,2
20100423,1
20100427,2
20100429,2
20100501,1
20100503,1
20100505,1
20100506,1
20100515,1
20100602,2
20100607,1
20100608,2
20100610,1
20100611,1
20100614,1
20100615,1
20100617,2
20100618,1
20100620,1
20100621,4
20100623,1
20100629,1
20100701,1
20100703,1
20100710,1
20100717,1
20100722,2
20100723,2
20100730,1
20100809,1
20100811,1
20100812,1
20100813,1
20100819,2
20100824,1
20100825,1
20100831,1
20100901,1
20100908,1
20100910,1
20100913,2
20100918,1
20100929,1
20100930,1
20101004,1
20101005,1
20101011,1
20101014,1
20101018,1
20101021,2
20101022,2
20101023,1
20101025,1
20101026,1
20101027,1
20101029,1
20101031,1
20101101,1
20101102,2
20101103,1
20101105,1
20101111,1
20101115,3
20101116,2
20101119,1
20101123,1
20101124,4
20101125,2
20101126,1
20101202,1
20101209,1
20101210,1
20101212,1
20101213,1
20101214,1
20101215,1
20101221,1
20101227,1
20110102,1
20110103,2
20110107,1
20110109,1
20110110,1
20110112,1
20110113,1
20110118,1
20110119,1
20110120,1
20110121,1
20110124,2
20110126,1
20110127,2
20110128,1
20110201,1
20110203,1
20110204,1
20110207,1
20110208,1
20110212,1
20110215,2
20110217,2
20110218,1
20110223,3
20110302,2
20110307,1
20110309,2
20110317,1
20110318,1
20110322,1
20110324,2
20110325,1
20110328,2
20110401,1
20110406,1
20110408,1
20110413,2
20110414,1
20110418,1
20110419,2
20110420,1
20110421,1
20110425,1
20110429,2
20110430,2
20110502,3
20110503,3
20110504,1
20110505,1
20110506,1
20110509,1
20110512,1
20110514,1
20110516,1
20110518,2
20110523,2
20110524,1
20110601,1
20110602,3
20110603,1
20110606,1
20110609,1
20110613,1
20110614,1
20110616,2
20110617,1
20110620,1
20110621,1
20110624,1
20110629,1
20110630,1
20110701,1
20110704,1
20110705,3
20110706,1
20110711,2
20110712,2
20110714,1
20110718,1
20110720,1
20110722,2
20110723,2
20110725,2
20110728,1
20110729,1
20110730,1
20110801,1
20110805,1
20110809,1
20110816,1
20110817,1
20110818,1
20110831,1
20110906,1
20110907,1
20110915,1
20110919,1
20110922,1
20110923,1
20110924,1
20110926,1
20110927,1
20110929,1
20111018,1
20111020,1
20111025,2
20111107,1
20111108,1
20111111,2
20111113,1
20111116,1
20111117,1
20111118,2
20111121,1
20111126,1
20111130,1
20111205,2
20111214,2
20111215,1
20111219,1
20111220,1
20111231,1
20120103,1
20120105,1
20120106,2
20120117,1
20120118,2
20120119,1
20120120,1
20120126,4
20120127,4
20120130,1
20120201,1
20120204,1
20120205,1
20120208,2
20120216,1
20120218,2
20120223,1
20120303,1
20120307,1
20120308,1
20120313,1
20120314,2
20120316,1
20120318,2
20120322,2
20120323,2
20120327,2
20120406,1
20120411,2
20120415,1
20120416,2
20120420,1
20120423,1
20120425,3
20120427,1
20120430,2
20120501,2
20120504,1
20120506,1
20120510,2
20120514,1
20120520,1
20120521,1
20120525,1
20120529,1
20120530,3
20120531,1
20120601,1
20120604,1
20120605,1
20120608,1
20120610,1
20120621,1
20120622,1
20120701,1
20120702,1
20120706,1
20120709,1
20120713,1
20120718,1
20120720,1
20120723,2
20120724,1
20120725,2
20120726,2
20120804,1
20120809,1
20120814,2
20120815,3
20120816,1
20120817,1
20120819,1
20120827,1
20120829,1
20120914,2
20120917,1
20120921,1
20120925,3
20120927,1
20120928,3
20121001,1
20121002,1
20121003,2
20121004,1
20121005,1
20121011,1
20121015,1
20121021,1
20121022,5
20121023,2
20121024,3
20121025,2
20121029,2
20121030,1
20121031,1
20121101,4
20121102,1
20121105,2
20121109,1
20121113,1
20121116,1
20121118,1
20121119,3
20121126,1
20121127,4
20121128,1
20121130,1
20121203,2
20121205,1
20121206,3
20121207,1
20121212,3
20121213,2
20121225,1
20121226,1
20121229,1
20121231,2
20130102,1
20130103,1
20130105,1
20130106,1
20130107,1
20130117,1
20130118,1
20130119,1
20130120,2
20130121,3
20130122,3
20130123,1
20130124,1
20130125,4
20130128,8
20130129,3
20130130,1
20130201,1
20130207,1
20130211,2
20130215,1
20130220,1
20130225,3
20130226,1
20130227,1
20130301,1
20130305,2
20130306,1
20130307,1
20130311,1
20130312,1
20130313,1
20130314,2
20130325,1
20130328,2
20130401,1
20130402,2
20130404,1
20130405,2
20130408,1
20130409,1
20130415,2
20130418,1
20130421,4
20130422,7
20130423,1
20130424,1
20130428,2
20130430,2
20130501,2
20130503,1
20130507,3
20130508,1
20130509,1
20130516,2
20130520,2
20130521,1
20130523,1
20130530,1
20130604,1
20130611,1
20130614,2
20130627,2
20130702,1
20130715,1
20130717,3
20130722,2
20130723,2
20130724,7
20130725,1
20130808,1
20130809,1
20130812,1
20130813,1
20130817,1
20130818,1
20130819,1
20130826,1
20130902,1
20130903,1
20130907,1
20130908,1
20130909,1
20130911,1
20130920,1
20130923,1
20130924,1
20130925,1
20130926,1
20130930,1
20131007,1
20131014,1
20131015,1
20131021,2
20131022,3
20131023,5
20131024,4
20131025,1
20131029,1
20131101,1
20131104,2
20131112,1
20131115,1
20131118,1
20131119,1
20131120,2
20131121,2
20131122,3
20131127,2
20131204,2
20131212,1
20131213,2
20131219,1
20131220,1
20140106,1
20140108,1
20140112,1
20140121,1
20140124,2
20140126,1
20140127,5
20140128,3
20140202,1
20140203,1
20140204,1
20140205,1
20140207,1
20140211,1
20140212,1
20140216,1
20140220,1
20140224,2
20140227,1
20140228,1
20140305,1
20140307,1
20140309,2
20140314,1
20140317,1
20140318,1
20140320,2
20140321,1
20140324,2
20140328,2
20140330,1
20140331,3
20140401,3
20140402,3
20140404,1
20140406,2
20140407,2
20140408,1
20140419,1
20140421,1
20140422,2
20140423,1
20140424,7
20140429,2
20140430,2
20140502,2
20140504,1
20140505,1
20140506,2
20140507,1
20140508,1
20140513,1
20140520,1
20140601,2
20140602,2
20140610,1
20140611,2
20140612,1
20140613,2
20140623,2
20140624,1
20140626,1
20140703,1
20140707,1
20140708,1
20140713,1
20140714,1
20140715,1
20140720,1
20140721,5
20140723,2
20140724,4
20140725,1
20140727,1
20140728,1
20140731,1
20140801,1
20140805,1
20140807,1
20140812,1
20140824,1
20140826,1
20140903,1
20140904,1
20140916,1
20140919,1
20140922,2
20140923,2
20141010,1
20141013,2
20141022,1
20141023,5
20141024,3
20141026,1
20141028,1
20141031,1
20141103,1
20141104,1
20141106,2
20141107,1
20141111,1
20141118,1
20141119,1
20141121,1
20141125,1
20141128,1
20141201,1
20141202,1
20141205,1
20141208,1
20141210,1
20141211,1
20141212,1
20141215,1
20141217,1
20141218,1
20141223,1
20150105,3
20150113,2
20150114,1
20150116,1
20150120,1
20150122,1
20150127,9
20150128,2
20150129,1
20150201,1
20150203,1
20150217,1
20150218,3
20150219,2
20150224,1
20150225,3
20150313,1
20150316,1
20150317,1
20150320,2
20150406,1
20150407,1
20150420,1
20150422,1
20150423,3
20150428,1
