20050121,1
20050126,1
20050127,1
20050130,1
20050131,1
20050215,1
20050223,1
20050301,1
20050303,1
20050307,1
20050309,1
20050314,1
20050324,1
20050328,1
20050404,5
20050405,3
20050407,2
20050408,1
20050420,1
20050421,1
20050426,1
20050429,1
20050510,1
20050512,1
20050517,2
20050520,1
20050523,2
20050524,1
20050525,1
20050526,1
20050601,2
20050602,3
20050608,2
20050610,1
20050613,2
20050615,1
20050616,1
20050620,2
20050621,4
20050622,5
20050623,5
20050624,7
20050626,1
20050627,7
20050628,4
20050629,5
20050630,4
20050701,1
20050704,4
20050705,1
20050706,4
20050707,2
20050711,3
20050712,1
20050713,3
20050714,3
20050715,5
20050718,1
20050719,1
20050720,6
20050721,4
20050722,5
20050723,1
20050724,1
20050725,3
20050726,2
20050727,2
20050728,1
20050729,2
20050731,1
20050801,3
20050802,4
20050803,7
20050804,3
20050805,2
20050807,2
20050809,1
20050810,4
20050811,3
20050815,1
20050816,1
20050817,1
20050822,2
20050823,3
20050824,1
20050825,3
20050826,1
20050827,1
20050829,1
20050830,2
20050831,1
20050901,3
20050902,3
20050903,1
20050905,2
20050907,3
20050908,2
20050909,1
20050912,2
20050914,2
20050915,1
20050916,2
20050919,3
20050920,1
20050921,1
20050922,1
20050924,1
20050925,1
20050926,2
20050927,1
20050929,1
20051003,1
20051005,1
20051006,1
20051008,1
20051014,1
20051017,1
20051021,1
20051023,1
20051025,1
20051026,2
20051027,2
20051028,1
20051029,1
20051030,1
20051101,2
20051103,1
20051104,1
20051107,1
20051109,5
20051110,2
20051116,1
20051117,3
20051118,1
20051122,1
20051123,1
20051201,1
20051205,1
20051206,4
20051207,2
20051209,3
20051211,1
20051212,2
20051213,5
20051214,2
20051220,2
20051222,1
20051228,1
20051229,1
20051230,3
20060108,1
20060110,4
20060114,1
20060116,1
20060117,1
20060118,3
20060119,1
20060121,1
20060122,1
20060123,1
20060127,2
20060128,1
20060130,1
20060131,1
20060201,1
20060206,1
20060213,2
20060214,1
20060217,1
20060227,2
20060228,1
20060301,2
20060303,3
20060308,2
20060314,1
20060315,2
20060316,1
20060317,1
20060320,1
20060322,2
20060323,1
20060327,2
20060402,1
20060404,2
20060406,1
20060412,2
20060413,2
20060414,1
20060418,1
20060421,2
20060424,3
20060425,3
20060426,1
20060427,3
20060428,5
20060429,2
20060501,1
20060502,1
20060504,2
20060505,2
20060506,2
20060510,2
20060511,1
20060512,1
20060516,1
20060519,4
20060520,1
20060524,2
20060525,1
20060526,1
20060527,1
20060531,1
20060606,2
20060607,2
20060609,1
20060614,1
20060618,1
20060623,1
20060624,1
20060626,1
20060628,1
20060703,1
20060710,1
20060717,1
20060718,2
20060719,1
20060721,3
20060724,2
20060725,1
20060726,1
20060727,4
20060728,3
20060729,3
20060730,1
20060731,3
20060801,1
20060802,2
20060803,1
20060804,1
20060808,3
20060809,1
20060810,2
20060811,1
20060815,1
20060817,1
20060818,1
20060819,1
20060823,1
20060825,1
20060828,2
20060829,6
20060830,2
20060831,2
20060901,1
20060905,5
20060906,4
20060907,2
20060908,1
20060910,1
20060911,3
20060912,3
20060914,2
20060915,1
20060916,1
20060918,3
20060919,2
20060920,4
20060921,4
20060922,1
20060925,3
20060926,1
20060927,2
20060928,2
20060929,1
20061002,1
20061010,1
20061011,2
20061013,1
20061016,1
20061017,1
20061018,1
20061019,1
20061020,2
20061027,4
20061028,2
20061030,1
20061031,2
20061101,1
20061102,1
20061103,1
20061106,2
20061111,2
20061112,1
20061113,1
20061114,2
20061115,1
20061116,1
20061117,1
20061120,2
20061121,3
20061122,2
20061123,1
20061127,1
20061129,1
20061130,1
20061201,2
20061205,1
20061208,1
20061212,2
20061213,1
20061220,2
20061221,2
20061222,2
20061224,1
20061226,1
20061227,2
20061228,1
20070102,1
20070103,1
20070104,1
20070107,1
20070108,1
20070109,1
20070111,6
20070112,2
20070115,1
20070116,2
20070117,1
20070119,1
20070124,1
20070125,1
20070127,1
20070129,1
20070130,1
20070202,5
20070203,1
20070205,1
20070206,1
20070207,1
20070208,1
20070209,2
20070210,1
20070212,3
20070213,2
20070214,1
20070220,1
20070221,1
20070222,3
20070223,1
20070228,1
20070301,1
20070302,1
20070305,1
20070317,1
20070319,1
20070326,1
20070329,1
20070330,1
20070402,2
20070404,3
20070409,1
20070410,2
20070416,1
20070417,1
20070418,1
20070419,2
20070420,2
20070421,1
20070424,1
20070425,4
20070426,1
20070427,4
20070428,1
20070429,1
20070430,1
20070501,1
20070502,2
20070503,1
20070504,2
20070507,1
20070508,3
20070509,1
20070511,1
20070512,2
20070514,1
20070515,2
20070518,2
20070523,5
20070601,1
20070607,1
20070611,1
20070613,1
20070618,1
20070619,1
20070620,1
20070625,1
20070626,3
20070627,7
20070628,2
20070702,1
20070706,1
20070709,2
20070710,1
20070711,1
20070713,1
20070714,1
20070716,2
20070723,1
20070724,2
20070727,3
20070728,1
20070731,1
20070801,2
20070803,1
20070806,1
20070807,2
20070810,1
20070812,1
20070815,1
20070816,2
20070825,1
20070827,3
20070830,3
20070831,1
20070904,1
20070905,1
20070907,1
20070909,1
20070910,1
20070914,1
20070918,2
20070921,3
20070922,1
20070924,1
20070927,2
20070928,3
20071001,1
20071002,1
20071003,2
20071004,3
20071009,1
20071010,7
20071011,6
20071012,1
20071013,1
20071015,4
20071016,4
20071017,1
20071018,3
20071026,2
20071029,1
20071030,1
20071031,1
20071101,2
20071102,5
20071103,1
20071104,1
20071106,2
20071108,1
20071109,1
20071112,3
20071114,1
20071115,4
20071117,1
20071120,1
20071121,1
20071124,1
20071130,1
20071203,1
20071205,1
20071206,1
20071211,2
20071212,1
20071213,1
20071218,1
20071221,1
20071224,1
20071227,1
20071228,1
20080102,2
20080103,1
20080105,1
20080106,1
20080110,1
20080123,2
20080125,1
20080126,1
20080130,1
20080131,1
20080201,5
20080202,2
20080206,1
20080209,1
20080211,6
20080212,6
20080213,1
20080214,2
20080216,1
20080219,3
20080220,3
20080221,2
20080222,2
20080228,1
20080305,1
20080307,1
20080311,2
20080318,3
20080319,1
20080320,2
20080322,1
20080326,2
20080327,1
20080328,2
20080329,1
20080331,1
20080401,1
20080402,1
20080403,1
20080404,1
20080407,1
20080409,2
20080410,4
20080411,2
20080413,1
20080414,1
20080416,3
20080419,2
20080421,1
20080423,2
20080424,1
20080425,1
20080426,1
20080427,1
20080428,3
20080429,1
20080430,4
20080501,3
20080502,5
20080503,2
20080508,2
20080509,4
20080512,1
20080513,3
20080514,1
20080515,2
20080516,4
20080519,4
20080520,3
20080521,1
20080522,2
20080523,3
20080524,2
20080527,2
20080528,1
20080529,2
20080605,2
20080606,2
20080607,1
20080609,1
20080610,3
20080611,1
20080612,1
20080613,1
20080614,1
20080615,1
20080617,1
20080618,3
20080619,1
20080620,4
20080621,2
20080623,2
20080624,2
20080625,1
20080626,1
20080627,1
20080629,1
20080630,3
20080701,1
20080703,2
20080705,2
20080706,1
20080707,1
20080708,2
20080709,4
20080710,1
20080711,2
20080714,2
20080715,1
20080716,2
20080717,3
20080718,1
20080722,3
20080724,1
20080727,2
20080728,1
20080729,1
20080730,2
20080731,3
20080801,3
20080802,3
20080804,1
20080805,4
20080806,2
20080807,1
20080810,1
20080811,1
20080815,2
20080816,2
20080818,1
20080819,2
20080820,5
20080821,3
20080822,1
20080823,1
20080828,2
20080830,2
20080903,2
20080905,1
20080908,1
20080910,2
20080911,4
20080912,3
20080913,2
20080914,2
20080915,2
20080916,2
20080918,2
20080919,2
20080920,2
20080924,1
20080925,1
20080929,1
20080930,1
20081001,1
20081002,1
20081006,2
20081007,1
20081010,6
20081013,2
20081014,1
20081015,2
20081016,3
20081017,1
20081020,1
20081021,4
20081022,1
20081024,3
20081026,1
20081027,1
20081028,1
20081029,2
20081030,4
20081101,1
20081105,1
20081107,3
20081108,1
20081110,1
20081111,1
20081113,1
20081114,1
20081119,1
20081120,1
20081125,1
20081126,2
20081127,1
20081201,2
20081202,1
20081203,1
20081204,3
20081205,2
20081206,1
20081210,3
20081211,2
20081216,1
20081217,1
20081218,2
20081219,4
20081220,2
20081223,1
20081226,1
20090102,2
20090103,1
20090107,1
20090108,4
20090109,6
20090110,2
20090112,1
20090114,1
20090115,1
20090117,1
20090121,1
20090122,2
20090129,1
20090130,5
20090131,1
20090203,2
20090204,4
20090206,1
20090209,2
20090211,1
20090217,1
20090218,1
20090219,1
20090220,1
20090223,1
20090225,2
20090226,2
20090227,2
20090228,1
20090301,1
20090302,2
20090303,2
20090304,1
20090305,2
20090309,1
20090310,1
20090311,1
20090312,1
20090313,1
20090318,1
20090320,2
20090323,1
20090324,1
20090325,1
20090326,2
20090327,1
20090328,1
20090331,1
20090402,1
20090405,1
20090406,1
20090407,1
20090408,1
20090410,2
20090414,1
20090415,1
20090416,1
20090420,1
20090424,1
20090427,3
20090429,2
20090430,3
20090501,1
20090502,1
20090504,2
20090506,1
20090508,1
20090509,1
20090512,2
20090513,4
20090514,1
20090515,2
20090516,2
20090519,1
20090525,2
20090526,2
20090528,3
20090529,1
20090530,1
20090601,1
20090602,1
20090604,2
20090605,3
20090610,2
20090611,5
20090617,1
20090619,1
20090620,2
20090622,1
20090630,4
20090703,1
20090704,1
20090706,2
20090707,1
20090708,1
20090709,1
20090710,2
20090711,1
20090713,1
20090714,1
20090717,1
20090720,1
20090721,1
20090723,1
20090724,3
20090725,1
20090729,4
20090730,1
20090803,2
20090804,1
20090805,1
20090808,1
20090810,1
20090813,1
20090814,1
20090818,1
20090819,2
20090820,3
20090824,1
20090825,1
20090826,2
20090827,2
20090828,1
20090901,2
20090902,2
20090903,1
20090907,2
20090909,2
20090911,2
20090912,2
20090914,1
20090915,1
20090916,1
20090918,1
20090921,1
20090922,2
20090924,2
20091001,3
20091005,1
20091006,1
20091007,1
20091008,1
20091009,3
20091013,3
20091014,2
20091016,2
20091017,1
20091018,2
20091019,2
20091020,1
20091022,1
20091023,1
20091025,1
20091026,1
20091027,4
20091028,2
20091029,2
20091030,3
20091031,1
20091102,3
20091103,2
20091105,1
20091109,2
20091111,1
20091112,4
20091113,2
20091117,1
20091118,1
20091119,1
20091120,1
20091121,1
20091122,1
20091123,1
20091124,1
20091126,1
20091128,1
20091130,1
20091201,1
20091202,4
20091203,1
20091205,2
20091206,2
20091207,1
20091208,3
20091209,1
20091210,3
20091212,1
20091213,1
20091214,2
20091215,3
20091216,1
20091217,3
20091218,2
20091220,1
20091222,3
20091223,1
20091229,1
20091230,2
20100105,1
20100106,3
20100107,1
20100108,1
20100109,1
20100111,4
20100112,5
20100113,1
20100114,2
20100115,3
20100120,2
20100121,2
20100122,2
20100124,1
20100125,3
20100126,2
20100127,3
20100128,2
20100129,4
20100130,2
20100202,4
20100203,2
20100204,2
20100205,3
20100209,1
20100210,1
20100212,5
20100217,2
20100219,2
20100222,4
20100225,1
20100301,1
20100303,1
20100305,1
20100308,1
20100309,1
20100310,2
20100311,2
20100314,2
20100316,3
20100317,1
20100318,1
20100320,1
20100322,1
20100323,3
20100324,2
20100325,1
20100326,1
20100329,2
20100330,4
20100401,1
20100405,1
20100406,2
20100409,2
20100410,1
20100413,2
20100414,2
20100415,1
20100416,1
20100419,1
20100421,2
20100422,1
20100423,2
20100425,1
20100426,1
20100428,1
20100429,3
20100430,2
20100501,2
20100504,1
20100506,1
20100507,2
20100508,1
20100510,2
20100511,1
20100514,1
20100518,1
20100522,1
20100524,1
20100526,2
20100528,1
20100529,1
20100530,1
20100601,1
20100602,1
20100603,2
20100604,1
20100607,1
20100609,1
20100610,1
20100611,2
20100612,1
20100613,1
20100614,3
20100616,1
20100617,2
20100618,2
20100619,1
20100621,1
20100622,1
20100623,4
20100624,4
20100625,1
20100629,1
20100701,1
20100702,2
20100706,1
20100708,1
20100709,1
20100712,2
20100713,2
20100714,1
20100715,1
20100716,3
20100718,1
20100721,3
20100722,2
20100723,1
20100724,1
20100726,2
20100727,2
20100728,2
20100729,3
20100730,6
20100731,2
20100802,1
20100803,1
20100805,1
20100806,1
20100810,1
20100818,5
20100819,1
20100821,1
20100822,2
20100823,4
20100824,2
20100825,2
20100826,4
20100901,1
20100902,1
20100907,2
20100908,3
20100909,1
20100911,1
20100913,1
20100915,1
20100917,4
20100918,1
20100919,1
20100920,1
20100922,1
20100923,1
20100924,1
20100928,1
20100929,2
20100930,1
20101001,1
20101002,1
20101004,1
20101005,1
20101006,6
20101007,2
20101011,2
20101012,1
20101013,1
20101014,1
20101018,1
20101022,2
20101025,1
20101026,2
20101028,6
20101029,4
20101030,1
20101101,2
20101102,2
20101105,2
20101106,1
20101107,1
20101108,1
20101109,10
20101110,6
20101111,1
20101115,1
20101116,1
20101122,1
20101124,1
20101127,2
20101129,2
20101201,1
20101202,5
20101203,1
20101204,1
20101207,1
20101208,1
20101209,1
20101213,2
20101214,1
20101215,2
20101216,2
20101217,3
20101218,2
20101220,1
20101221,1
20101222,1
20101223,1
20101228,1
20101229,3
20101230,1
20110103,2
20110104,4
20110106,3
20110107,1
20110108,1
20110109,1
20110110,3
20110111,2
20110112,4
20110113,2
20110115,1
20110117,1
20110119,2
20110120,6
20110121,2
20110124,3
20110126,3
20110127,3
20110128,4
20110129,2
20110131,5
20110201,3
20110202,1
20110203,1
20110204,3
20110205,1
20110207,2
20110208,2
20110209,1
20110210,2
20110211,1
20110214,6
20110215,4
20110216,4
20110217,2
20110218,4
20110219,1
20110220,1
20110221,1
20110222,7
20110223,4
20110224,3
20110225,2
20110228,1
20110301,2
20110303,1
20110304,1
20110305,1
20110307,4
20110308,3
20110309,2
20110310,3
20110311,9
20110314,3
20110315,4
20110316,3
20110317,2
20110318,1
20110321,3
20110322,1
20110323,3
20110324,2
20110325,3
20110326,1
20110328,4
20110329,2
20110330,8
20110331,5
20110401,3
20110404,2
20110405,2
20110406,1
20110407,1
20110408,1
20110411,5
20110412,5
20110413,5
20110414,2
20110415,3
20110416,3
20110417,1
20110418,2
20110419,2
20110420,3
20110421,2
20110424,1
20110425,5
20110426,3
20110427,1
20110428,3
20110429,3
20110501,1
20110502,2
20110503,3
20110504,1
20110505,2
20110506,4
20110509,2
20110510,3
20110511,5
20110512,5
20110513,3
20110514,2
20110516,1
20110517,2
20110518,4
20110520,1
20110523,4
20110524,3
20110525,3
20110526,1
20110528,1
20110601,3
20110602,3
20110603,4
20110604,1
20110606,1
20110608,1
20110609,4
20110610,4
20110611,1
20110613,3
20110614,2
20110616,1
20110617,1
20110620,1
20110621,1
20110622,1
20110623,4
20110624,3
20110627,2
20110628,2
20110629,4
20110705,1
20110706,1
20110707,1
20110709,1
20110710,1
20110711,2
20110714,1
20110715,1
20110716,2
20110719,3
20110720,1
20110722,2
20110724,1
20110725,4
20110727,3
20110728,2
20110729,5
20110730,1
20110801,2
20110802,1
20110804,1
20110809,2
20110815,1
20110819,2
20110823,1
20110824,2
20110825,2
20110826,1
20110829,1
20110830,3
20110831,1
20110901,4
20110907,6
20110908,1
20110910,2
20110913,1
20110914,4
20110915,1
20110916,1
20110917,2
20110919,3
20110920,4
20110921,2
20110926,3
20110927,2
20110928,1
20110929,1
20110930,2
20111001,1
20111004,2
20111005,1
20111008,1
20111011,1
20111012,3
20111013,1
20111014,4
20111017,2
20111018,4
20111019,2
20111021,1
20111024,3
20111025,1
20111026,4
20111027,3
20111028,3
20111029,1
20111031,1
20111102,2
20111107,1
20111108,3
20111109,2
20111111,1
20111112,1
20111115,2
20111117,3
20111118,2
20111119,2
20111121,4
20111122,2
20111123,3
20111126,1
20111128,2
20111129,1
20111130,2
20111201,2
20111205,4
20111206,2
20111207,4
20111209,2
20111210,1
20111212,3
20111213,2
20111214,1
20111215,5
20111216,1
20111218,1
20111221,2
20111222,1
20111224,1
20111227,1
20111228,1
20111229,1
20111231,1
20120103,3
20120104,1
20120105,5
20120106,7
20120107,1
20120110,1
20120111,2
20120112,5
20120113,2
20120114,1
20120115,1
20120119,2
20120123,8
20120126,5
20120127,5
20120130,3
20120201,1
20120202,2
20120203,1
20120206,1
20120208,2
20120209,1
20120210,2
20120214,4
20120215,3
20120216,2
20120217,8
20120221,1
20120222,1
20120223,3
20120224,1
20120225,1
20120226,2
20120227,1
20120228,1
20120229,3
20120301,2
20120302,1
20120306,4
20120307,1
20120308,1
20120309,2
20120310,1
20120312,2
20120313,2
20120315,1
20120316,2
20120317,1
20120318,2
20120319,1
20120320,7
20120321,7
20120323,2
20120325,2
20120327,1
20120328,4
20120329,3
20120402,1
20120404,1
20120405,2
20120406,1
20120407,2
20120408,1
20120409,1
20120410,2
20120411,4
20120412,1
20120415,1
20120416,6
20120417,1
20120418,6
20120419,1
20120422,1
20120424,3
20120425,1
20120426,4
20120427,5
20120430,3
20120501,2
20120502,4
20120503,2
20120504,2
20120508,2
20120509,2
20120510,3
20120511,3
20120513,3
20120514,5
20120515,2
20120518,1
20120520,2
20120522,2
20120523,1
20120524,3
20120528,1
20120530,2
20120531,2
20120601,3
20120604,2
20120605,1
20120606,3
20120607,6
20120608,1
20120610,1
20120613,1
20120614,1
20120615,5
20120618,4
20120619,2
20120620,1
20120621,4
20120626,3
20120627,5
20120628,1
20120701,1
20120702,2
20120703,4
20120704,2
20120707,1
20120709,2
20120710,2
20120711,2
20120712,1
20120716,3
20120717,1
20120718,2
20120719,6
20120720,2
20120723,7
20120724,4
20120725,2
20120726,4
20120727,5
20120730,2
20120731,2
20120801,4
20120802,1
20120803,2
20120806,2
20120807,6
20120810,2
20120812,2
20120813,2
20120814,1
20120819,1
20120820,4
20120821,3
20120823,1
20120824,2
20120826,1
20120827,1
20120828,6
20120829,2
20120830,1
20120831,1
20120903,1
20120905,1
20120907,1
20120912,6
20120913,1
20120914,4
20120915,2
20120917,3
20120918,1
20120920,6
20120923,1
20120924,1
20120926,2
20120927,1
20120928,1
20121001,2
20121002,1
20121003,2
20121004,4
20121007,2
20121008,1
20121009,1
20121010,7
20121011,2
20121012,2
20121013,1
20121016,3
20121017,3
20121018,3
20121019,2
20121020,1
20121024,2
20121025,3
20121026,2
20121029,1
20121031,1
20121101,2
20121102,4
20121105,3
20121106,4
20121107,7
20121108,3
20121109,4
20121111,1
20121112,4
20121113,1
20121114,1
20121115,1
20121119,2
20121120,2
20121126,2
20121127,1
20121128,5
20121130,1
20121203,3
20121204,1
20121205,5
20121206,2
20121210,2
20121212,3
20121213,1
20121214,2
20121216,1
20121217,3
20121219,2
20121220,1
20121224,2
20121226,2
20121227,1
20130102,2
20130103,3
20130106,1
20130108,1
20130109,1
20130110,5
20130111,4
20130113,1
20130114,2
20130115,1
20130116,2
20130117,1
20130118,2
20130120,1
20130121,2
20130122,1
20130123,1
20130124,1
20130125,1
20130128,5
20130129,2
20130130,2
20130131,3
20130201,5
20130203,2
20130204,6
20130205,1
20130206,1
20130207,1
20130208,2
20130211,1
20130212,3
20130213,1
20130214,1
20130215,1
20130218,1
20130219,2
20130220,1
20130225,5
20130226,1
20130227,3
20130301,1
20130303,1
20130304,3
20130305,6
20130306,3
20130307,1
20130308,1
20130310,1
20130312,1
20130313,5
20130314,2
20130315,1
20130319,2
20130320,1
20130322,3
20130324,1
20130325,3
20130326,1
20130327,3
20130328,6
20130329,4
20130401,2
20130402,5
20130403,3
20130404,3
20130407,2
20130408,2
20130409,1
20130410,5
20130411,1
20130412,2
20130415,2
20130416,3
20130418,1
20130421,2
20130422,5
20130423,1
20130424,2
20130425,4
20130426,6
20130430,2
20130501,3
20130502,5
20130503,1
20130504,1
20130506,1
20130507,1
20130508,4
20130510,4
20130512,1
20130513,1
20130514,2
20130515,1
20130516,1
20130520,2
20130521,1
20130523,1
20130524,2
20130528,3
20130529,2
20130531,1
20130602,1
20130603,3
20130604,2
20130605,3
20130606,1
20130610,5
20130611,3
20130612,1
20130614,6
20130617,2
20130619,5
20130620,2
20130621,2
20130623,2
20130624,1
20130625,4
20130626,2
20130627,2
20130630,1
20130704,1
20130705,1
20130707,3
20130710,3
20130711,3
20130712,1
20130716,3
20130717,4
20130718,3
20130719,3
20130721,1
20130722,5
20130723,1
20130725,1
20130728,4
20130729,2
20130731,1
20130801,2
20130802,8
20130805,3
20130808,2
20130809,1
20130811,1
20130812,4
20130813,4
20130814,2
20130815,1
20130819,1
20130825,1
20130826,3
20130828,1
20130902,1
20130903,1
20130905,1
20130906,1
20130910,4
20130911,2
20130913,3
20130915,1
20130918,3
20130919,1
20130920,2
20130922,1
20130923,1
20130927,2
20130929,1
20130930,1
20131001,2
20131002,2
20131003,2
20131005,1
20131007,2
20131008,2
20131009,1
20131011,1
20131013,1
20131014,4
20131015,1
20131016,2
20131017,2
20131018,2
20131019,2
20131020,1
20131021,2
20131022,1
20131023,1
20131024,2
20131025,1
20131028,1
20131029,1
20131030,3
20131031,3
20131101,5
20131103,3
20131105,1
20131110,1
20131111,2
20131112,4
20131113,1
20131114,4
20131115,4
20131118,3
20131119,3
20131120,2
20131121,3
20131122,1
20131123,1
20131125,3
20131126,4
20131127,3
20131128,1
20131129,2
20131202,1
20131204,2
20131205,2
20131206,1
20131209,1
20131212,1
20131215,1
20131216,2
20131217,3
20131218,1
20131220,1
20131222,1
20131223,1
20131224,1
20131227,1
20131230,2
20131231,1
20140103,1
20140106,1
20140108,1
20140109,1
20140110,1
20140112,1
20140114,1
20140116,1
20140119,1
20140120,1
20140121,1
20140123,1
20140124,1
20140127,1
20140128,1
20140129,8
20140130,3
20140131,6
20140203,4
20140204,2
20140205,2
20140206,1
20140207,1
20140210,1
20140211,2
20140212,2
20140214,1
20140215,1
20140217,1
20140218,2
20140220,2
20140221,2
20140224,1
20140228,2
20140304,11
20140305,6
20140306,4
20140307,3
20140310,3
20140311,3
20140314,1
20140317,1
20140319,3
20140320,1
20140321,2
20140323,1
20140325,1
20140326,2
20140327,2
20140328,1
20140331,4
20140401,2
20140402,3
20140403,1
20140404,2
20140407,1
20140409,3
20140410,1
20140413,1
20140416,2
20140422,2
20140427,2
20140428,1
20140430,3
20140502,4
20140504,2
20140506,1
20140507,2
20140508,1
20140509,1
20140515,1
20140518,6
20140521,4
20140522,3
20140523,3
20140526,1
20140527,3
20140528,1
20140529,2
20140530,1
20140602,2
20140603,1
20140604,1
20140605,1
20140607,1
20140608,1
20140610,1
20140611,1
20140613,1
20140616,1
20140618,2
20140620,3
20140623,2
20140624,1
20140703,1
20140708,1
20140709,2
20140710,1
20140711,2
20140714,1
20140716,2
20140717,3
20140721,3
20140722,1
20140727,2
20140728,1
20140730,2
20140731,3
20140801,4
20140803,1
20140805,3
20140806,2
20140807,6
20140808,6
20140809,1
20140813,2
20140814,1
20140815,1
20140818,1
20140819,1
20140821,1
20140822,1
20140823,1
20140826,1
20140828,4
20140902,1
20140904,1
20140905,1
20140907,1
20140908,1
20140910,1
20140912,3
20140914,1
20140915,4
20140917,1
20140918,2
20140919,2
20140922,1
20140923,1
20140925,2
20140926,2
20140929,2
20141001,1
20141006,3
20141008,2
20141009,1
20141012,2
20141014,2
20141016,1
20141017,3
20141020,1
20141021,1
20141022,2
20141023,2
20141024,1
20141026,1
20141027,5
20141028,2
20141029,3
20141030,4
20141031,6
20141102,1
20141103,9
20141104,4
20141105,3
20141106,3
20141107,3
20141110,1
20141112,2
20141113,1
20141116,1
20141117,3
20141118,1
20141119,2
20141121,1
20141125,2
20141128,4
20141130,2
20141201,1
20141202,2
20141203,1
20141204,1
20141205,2
20141207,3
20141208,8
20141209,5
20141210,10
20141211,2
20141212,2
20141214,1
20141215,1
20141216,1
20141217,2
20141218,5
20141221,1
20141222,2
20141223,1
20141224,2
20141228,1
20141229,1
20141230,1
20141231,1
20150101,1
20150102,1
20150104,1
20150105,5
20150106,3
20150107,2
20150108,2
20150109,1
20150111,1
20150112,2
20150113,3
20150115,1
20150116,1
20150120,3
20150121,2
20150122,1
20150123,3
20150125,1
20150127,1
20150128,2
20150129,5
20150130,7
20150131,1
20150202,5
20150203,6
20150204,1
20150206,1
20150208,1
20150209,1
20150212,1
20150213,3
20150217,1
20150218,2
20150219,6
20150220,1
20150222,2
20150223,4
20150224,1
20150225,1
20150226,1
20150227,1
20150303,2
20150304,7
20150306,4
20150310,1
20150311,1
20150313,1
20150316,2
20150317,1
20150318,4
20150319,5
20150324,1
20150325,1
20150327,3
20150329,1
20150330,1
20150331,3
20150401,3
20150402,1
20150405,1
20150407,1
20150408,3
20150409,2
20150413,1
20150414,5
20150415,5
20150416,1
20150417,1
20150419,1
20150420,4
20150421,2
20150423,1
20150426,1
20150427,1
20150428,1
20150429,2
20150430,3
