20050105,1
20050106,1
20050110,2
20050112,1
20050113,1
20050117,2
20050119,2
20050124,1
20050125,2
20050131,1
20050202,2
20050203,1
20050204,2
20050206,2
20050207,2
20050208,5
20050209,11
20050210,6
20050211,3
20050214,1
20050215,1
20050217,1
20050222,1
20050224,2
20050227,1
20050304,1
20050306,1
20050307,3
20050308,2
20050309,1
20050310,1
20050315,1
20050316,1
20050317,1
20050321,1
20050325,1
20050328,1
20050329,2
20050330,1
20050331,2
20050405,1
20050407,1
20050411,1
20050413,2
20050414,1
20050415,1
20050417,1
20050418,1
20050420,1
20050421,1
20050425,1
20050427,2
20050429,1
20050502,1
20050503,1
20050506,1
20050508,1
20050509,1
20050510,5
20050511,9
20050512,4
20050513,3
20050514,1
20050516,2
20050519,2
20050523,1
20050525,1
20050527,1
20050601,1
20050608,1
20050610,1
20050613,4
20050619,1
20050622,3
20050624,1
20050626,1
20050628,1
20050705,1
20050706,2
20050707,1
20050710,2
20050711,1
20050712,1
20050714,1
20050718,2
20050725,1
20050726,1
20050728,2
20050729,1
20050801,2
20050808,3
20050809,5
20050810,7
20050811,3
20050812,4
20050817,1
20050822,1
20050824,2
20050902,1
20050906,1
20050907,2
20050912,2
20050913,1
20050919,1
20050920,1
20050921,1
20050923,1
20050928,1
20051011,1
20051014,1
20051019,1
20051020,1
20051021,1
20051031,1
20051101,1
20051107,2
20051108,1
20051109,1
20051110,6
20051111,3
20051112,1
20051114,3
20051117,1
20051118,7
20051119,2
20051121,2
20051122,1
20051123,1
20051201,1
20051205,1
20051206,1
20051207,4
20051208,3
20051209,1
20051210,1
20051216,1
20051217,1
20051219,1
20051220,1
20051222,1
20051228,1
20051230,2
20060103,1
20060104,1
20060105,1
20060106,2
20060109,2
20060112,2
20060115,1
20060116,1
20060117,1
20060120,1
20060123,2
20060126,1
20060130,1
20060202,2
20060206,2
20060207,4
20060208,7
20060209,2
20060211,2
20060213,3
20060214,5
20060215,3
20060216,1
20060219,1
20060227,1
20060228,1
20060302,2
20060304,1
20060310,1
20060313,2
20060315,1
20060318,1
20060320,2
20060322,1
20060324,3
20060325,1
20060327,2
20060403,3
20060405,1
20060406,2
20060411,2
20060414,1
20060418,2
20060419,1
20060420,1
20060421,3
20060422,1
20060428,1
20060501,1
20060503,1
20060504,1
20060507,1
20060510,7
20060511,3
20060512,3
20060514,1
20060516,1
20060519,1
20060523,2
20060524,1
20060602,1
20060606,2
20060607,3
20060608,4
20060612,1
20060613,2
20060615,1
20060618,1
20060619,1
20060621,3
20060623,1
20060626,2
20060703,1
20060711,2
20060712,2
20060717,2
20060718,1
20060719,2
20060720,1
20060727,2
20060803,1
20060804,2
20060806,2
20060807,1
20060808,1
20060809,10
20060810,5
20060812,1
20060813,1
20060816,1
20060818,1
20060819,1
20060822,3
20060823,1
20060824,2
20060901,1
20060906,2
20060918,1
20060925,1
20060926,3
20060927,1
20060928,1
20061002,2
20061003,1
20061004,1
20061010,1
20061012,2
20061013,1
20061023,3
20061103,1
20061106,3
20061108,3
20061109,5
20061110,5
20061111,1
20061113,1
20061114,2
20061116,1
20061120,1
20061121,1
20061123,1
20061128,3
20061129,1
20061204,1
20061205,1
20061207,2
20061214,1
20061215,1
20061220,4
20061222,1
20061231,1
20070102,1
20070103,3
20070104,3
20070108,1
20070109,2
20070110,1
20070111,5
20070112,3
20070114,1
20070116,2
20070117,4
20070118,2
20070119,1
20070123,2
20070126,1
20070129,2
20070130,1
20070131,2
20070202,1
20070205,2
20070206,5
20070207,7
20070208,7
20070209,2
20070210,2
20070211,1
20070214,2
20070216,1
20070217,1
20070218,1
20070220,1
20070222,1
20070224,1
20070225,1
20070304,3
20070306,3
20070308,3
20070312,1
20070315,5
20070316,4
20070317,1
20070318,1
20070319,1
20070326,2
20070327,1
20070328,1
20070329,1
20070331,1
20070409,2
20070413,1
20070414,1
20070424,2
20070425,1
20070429,1
20070501,1
20070502,2
20070503,1
20070504,2
20070507,1
20070508,2
20070509,12
20070510,4
20070514,3
20070516,3
20070517,1
20070518,1
20070521,3
20070522,3
20070524,1
20070526,1
20070527,1
20070529,3
20070531,1
20070605,3
20070606,1
20070607,1
20070611,1
20070612,1
20070615,2
20070618,2
20070625,1
20070626,1
20070628,1
20070629,1
20070703,2
20070705,1
20070709,1
20070710,1
20070712,1
20070713,1
20070720,1
20070724,1
20070727,2
20070728,1
20070730,2
20070803,1
20070806,2
20070807,3
20070808,9
20070809,5
20070810,1
20070811,2
20070813,1
20070814,2
20070815,1
20070816,2
20070823,1
20070827,2
20070830,1
20070831,1
20070906,1
20070911,1
20070915,1
20070918,2
20070921,3
20070924,3
20070925,1
20070926,3
20070927,2
20070928,2
20070929,1
20071002,1
20071003,1
20071004,1
20071005,1
20071006,1
20071007,1
20071008,1
20071009,1
20071010,1
20071012,2
20071013,1
20071015,1
20071017,1
20071018,1
20071019,2
20071022,1
20071023,1
20071024,1
20071025,1
20071026,1
20071029,1
20071031,1
20071101,2
20071104,1
20071106,1
20071107,4
20071108,8
20071109,4
20071110,2
20071112,2
20071116,3
20071117,1
20071119,2
20071120,2
20071123,1
20071128,2
20071130,2
20071205,4
20071206,1
20071207,1
20071211,5
20071212,1
20071220,2
20071222,1
20071223,1
20071226,1
20071227,1
20071228,2
20071229,1
20071231,2
20080107,1
20080108,2
20080109,1
20080113,1
20080115,1
20080116,3
20080117,2
20080123,1
20080127,1
20080128,1
20080201,1
20080204,1
20080205,2
20080206,5
20080207,11
20080208,3
20080211,1
20080213,1
20080217,1
20080219,1
20080220,2
20080221,4
20080222,3
20080225,1
20080227,1
20080229,1
20080301,1
20080303,2
20080304,3
20080305,1
20080306,1
20080307,2
20080310,1
20080311,1
20080312,2
20080314,1
20080315,1
20080319,2
20080325,1
20080327,1
20080403,4
20080404,2
20080409,1
20080410,1
20080411,2
20080414,1
20080417,1
20080418,3
20080428,1
20080501,1
20080505,1
20080506,3
20080507,3
20080508,1
20080512,1
20080515,2
20080517,1
20080519,4
20080520,2
20080523,1
20080527,1
20080528,1
20080605,2
20080607,1
20080609,2
20080611,1
20080612,2
20080616,4
20080618,1
20080625,1
20080627,1
20080629,1
20080630,4
20080702,1
20080707,1
20080709,4
20080710,2
20080714,1
20080716,1
20080719,1
20080722,1
20080723,1
20080724,1
20080725,1
20080727,1
20080731,1
20080801,1
20080804,1
20080805,2
20080806,5
20080807,4
20080811,1
20080812,1
20080813,1
20080814,3
20080820,1
20080825,1
20080827,1
20080828,1
20080904,1
20080915,1
20080917,2
20080918,2
20080920,1
20080923,1
20080924,1
20080929,3
20080930,2
20081001,1
20081002,1
20081007,1
20081010,1
20081014,2
20081017,1
20081020,1
20081021,1
20081023,1
20081024,1
20081027,1
20081031,2
20081103,2
20081104,1
20081105,1
20081106,4
20081107,5
20081110,6
20081111,2
20081117,1
20081118,1
20081122,2
20081124,2
20081125,2
20081126,4
20081127,1
20081128,1
20081202,1
20081204,1
20081209,1
20081210,1
20081212,1
20081219,1
20081230,1
20090102,1
20090104,1
20090106,1
20090107,2
20090109,1
20090110,1
20090114,3
20090115,1
20090116,2
20090124,1
20090128,1
20090203,2
20090204,1
20090205,4
20090206,3
20090209,1
20090210,2
20090211,1
20090213,1
20090216,1
20090217,5
20090219,1
20090223,1
20090224,2
20090226,2
20090303,2
20090306,1
20090309,1
20090311,1
20090312,1
20090314,1
20090316,3
20090317,1
20090318,2
20090319,3
20090320,1
20090325,1
20090326,1
20090327,1
20090331,1
20090401,2
20090403,1
20090406,3
20090407,3
20090408,1
20090409,1
20090410,1
20090411,1
20090414,1
20090415,2
20090416,3
20090421,2
20090422,2
20090427,2
20090429,2
20090503,1
20090504,1
20090506,3
20090507,4
20090508,4
20090512,1
20090514,2
20090518,2
20090520,1
20090521,1
20090526,1
20090528,3
20090529,1
20090601,5
20090602,1
20090603,2
20090604,1
20090605,3
20090607,1
20090608,5
20090609,3
20090613,1
20090615,2
20090616,2
20090619,1
20090624,2
20090701,4
20090706,1
20090710,1
20090716,1
20090717,1
20090722,3
20090724,1
20090728,2
20090729,1
20090805,2
20090806,3
20090807,1
20090811,1
20090813,1
20090819,2
20090823,1
20090824,1
20090828,1
20090901,1
20090902,1
20090903,2
20090905,1
20090908,1
20090909,2
20090910,1
20090911,1
20090914,2
20090915,1
20090917,2
20090922,2
20090923,1
20090924,4
20090928,1
20090929,3
20090930,1
20091001,2
20091002,4
20091006,2
20091008,1
20091013,2
20091014,5
20091015,1
20091016,1
20091020,1
20091028,1
20091030,1
20091102,1
20091103,1
20091104,2
20091105,2
20091106,4
20091109,2
20091111,3
20091112,3
20091113,1
20091116,1
20091117,4
20091118,1
20091119,1
20091120,1
20091123,2
20091130,1
20091201,1
20091202,2
20091204,2
20091205,1
20091210,1
20091211,2
20091217,1
20091220,1
20091224,2
20091231,3
20100105,1
20100107,1
20100112,1
20100113,2
20100114,1
20100118,1
20100119,1
20100121,1
20100122,1
20100124,1
20100126,1
20100128,1
20100130,1
20100203,4
20100204,6
20100205,2
20100206,1
20100207,1
20100208,1
20100209,2
20100210,2
20100212,1
20100217,1
20100218,2
20100219,2
20100223,7
20100225,1
20100226,1
20100304,1
20100305,1
20100307,1
20100308,4
20100309,7
20100310,3
20100311,2
20100315,1
20100316,2
20100318,2
20100319,1
20100322,1
20100325,3
20100329,1
20100330,1
20100401,1
20100402,1
20100406,1
20100412,1
20100414,1
20100415,2
20100418,2
20100419,2
20100420,1
20100421,1
20100429,3
20100505,1
20100506,1
20100513,4
20100514,1
20100515,1
20100519,1
20100520,1
20100521,1
20100524,1
20100525,2
20100526,1
20100529,1
20100530,1
20100603,3
20100604,2
20100615,1
20100616,2
20100617,2
20100618,1
20100621,1
20100624,2
20100625,1
20100626,1
20100629,1
20100701,1
20100706,1
20100707,1
20100708,2
20100709,1
20100712,2
20100713,1
20100714,3
20100715,2
20100717,1
20100719,1
20100722,2
20100727,1
20100729,1
20100730,1
20100731,1
20100802,1
20100806,2
20100809,2
20100810,1
20100811,3
20100812,5
20100813,4
20100815,1
20100817,1
20100818,1
20100819,2
20100820,1
20100821,1
20100823,1
20100824,3
20100825,3
20100826,1
20100827,4
20100829,1
20100831,2
20100901,3
20100902,1
20100903,2
20100904,1
20100907,2
20100908,1
20100911,1
20100913,2
20100914,2
20100915,3
20100916,1
20100917,3
20100919,1
20100920,1
20100921,2
20100923,2
20100924,1
20100927,1
20100930,2
20101001,1
20101002,2
20101004,3
20101005,3
20101006,1
20101007,1
20101011,2
20101012,1
20101013,2
20101014,2
20101015,1
20101018,1
20101020,1
20101021,1
20101029,3
20101101,1
20101104,2
20101105,1
20101107,1
20101108,2
20101109,1
20101110,1
20101111,9
20101112,4
20101113,2
20101114,1
20101115,3
20101116,1
20101117,2
20101118,4
20101119,2
20101122,2
20101125,1
20101130,2
20101202,1
20101203,1
20101206,2
20101207,1
20101209,2
20101210,1
20101211,1
20101213,1
20101214,2
20101217,1
20101220,2
20101222,1
20101223,1
20101227,3
20110103,1
20110104,1
20110105,5
20110106,1
20110107,2
20110110,2
20110114,1
20110115,1
20110118,1
20110119,3
20110120,1
20110121,3
20110122,1
20110125,2
20110126,2
20110127,1
20110131,2
20110201,1
20110202,2
20110203,1
20110204,1
20110207,2
20110208,1
20110209,3
20110210,8
20110211,3
20110215,1
20110217,2
20110218,4
20110219,2
20110221,2
20110222,2
20110223,3
20110224,1
20110225,2
20110301,1
20110303,1
20110307,1
20110308,4
20110309,2
20110310,2
20110314,1
20110317,1
20110318,4
20110320,1
20110321,2
20110324,2
20110325,1
20110328,3
20110329,3
20110330,4
20110331,2
20110401,2
20110405,5
20110406,4
20110407,6
20110409,1
20110412,5
20110413,1
20110414,1
20110415,3
20110416,1
20110419,1
20110421,1
20110425,1
20110427,1
20110428,2
20110501,1
20110502,1
20110503,1
20110504,3
20110505,2
20110506,4
20110508,1
20110509,1
20110510,2
20110511,4
20110512,9
20110513,1
20110516,1
20110517,1
20110518,1
20110519,2
20110520,1
20110521,1
20110523,1
20110524,2
20110525,3
20110526,1
20110528,1
20110601,2
20110606,3
20110608,2
20110610,3
20110615,1
20110616,3
20110617,2
20110618,1
20110622,1
20110623,3
20110624,6
20110625,1
20110628,1
20110629,4
20110705,10
20110706,1
20110707,1
20110708,1
20110711,1
20110712,8
20110713,1
20110714,2
20110718,1
20110719,4
20110721,3
20110722,1
20110724,1
20110725,1
20110727,1
20110728,3
20110729,2
20110730,1
20110801,1
20110802,1
20110804,3
20110805,1
20110807,1
20110808,1
20110809,2
20110810,4
20110811,12
20110812,3
20110814,1
20110816,1
20110817,2
20110818,2
20110819,1
20110820,3
20110822,1
20110825,1
20110826,1
20110827,1
20110830,3
20110901,2
20110902,1
20110907,1
20110908,2
20110909,2
20110910,1
20110912,3
20110913,2
20110914,6
20110915,3
20110917,1
20110919,2
20110921,1
20110923,2
20110924,1
20110928,2
20110929,1
20111005,1
20111011,1
20111012,2
20111014,1
20111015,1
20111017,1
20111020,2
20111021,2
20111025,1
20111026,2
20111028,2
20111029,1
20111103,1
20111107,1
20111108,2
20111109,4
20111110,6
20111114,2
20111115,2
20111116,1
20111117,1
20111118,2
20111121,3
20111122,1
20111123,2
20111128,1
20111129,2
20111201,1
20111204,1
20111206,1
20111209,2
20111214,2
20111215,3
20111216,1
20111219,1
20111221,2
20111227,2
20111228,2
20120103,4
20120104,1
20120107,1
20120111,1
20120113,2
20120118,1
20120121,1
20120123,1
20120126,1
20120127,1
20120128,1
20120131,1
20120201,1
20120202,1
20120203,2
20120206,1
20120207,1
20120208,1
20120209,4
20120210,2
20120216,4
20120217,1
20120223,2
20120224,2
20120228,1
20120229,2
20120301,1
20120308,1
20120312,1
20120314,2
20120315,7
20120316,2
20120317,1
20120319,3
20120320,1
20120321,3
20120324,1
20120325,1
20120328,2
20120329,2
20120401,1
20120402,4
20120403,2
20120404,2
20120406,1
20120408,1
20120409,2
20120411,3
20120412,1
20120413,2
20120419,1
20120420,2
20120423,4
20120424,2
20120425,2
20120429,1
20120430,2
20120504,2
20120507,2
20120508,1
20120509,7
20120510,10
20120511,4
20120513,1
20120514,1
20120515,4
20120516,1
20120517,5
20120518,2
20120521,1
20120522,1
20120523,4
20120524,3
20120525,2
20120529,1
20120530,4
20120531,3
20120601,1
20120604,1
20120606,4
20120608,1
20120609,1
20120611,1
20120612,1
20120613,4
20120618,1
20120620,5
20120625,1
20120626,3
20120627,2
20120628,1
20120629,1
20120630,1
20120705,4
20120708,1
20120709,1
20120712,1
20120713,3
20120716,1
20120717,2
20120718,1
20120723,3
20120724,2
20120725,3
20120726,3
20120731,2
20120801,1
20120802,1
20120803,2
20120806,1
20120807,1
20120808,2
20120809,4
20120810,1
20120815,8
20120816,8
20120817,3
20120821,1
20120823,1
20120824,1
20120827,2
20120828,1
20120829,2
20120830,1
20120904,1
20120905,1
20120906,4
20120907,1
20120910,1
20120911,1
20120914,2
20120917,2
20120918,3
20120919,1
20120921,1
20120924,2
20120926,1
20120927,1
20120928,1
20121002,2
20121004,1
20121005,1
20121008,6
20121009,2
20121010,4
20121011,1
20121016,2
20121017,2
20121018,2
20121019,1
20121022,1
20121023,2
20121024,4
20121025,1
20121106,2
20121107,2
20121108,1
20121109,3
20121111,1
20121112,4
20121113,3
20121114,8
20121115,2
20121116,1
20121118,2
20121119,6
20121120,2
20121121,2
20121123,4
20121128,1
20121129,1
20121130,1
20121203,4
20121204,1
20121205,1
20121206,2
20121207,2
20121210,5
20121212,1
20121213,2
20121217,2
20121219,2
20121221,1
20121225,1
20121227,2
20130103,3
20130104,2
20130107,2
20130108,4
20130111,1
20130114,4
20130115,2
20130118,2
20130123,4
20130124,4
20130125,3
20130129,1
20130130,4
20130131,1
20130201,2
20130204,2
20130205,3
20130206,2
20130207,3
20130208,1
20130211,2
20130212,3
20130213,1
20130214,4
20130215,1
20130220,1
20130225,1
20130227,2
20130305,3
20130306,2
20130307,3
20130313,1
20130314,3
20130315,4
20130318,1
20130319,1
20130320,2
20130321,2
20130322,1
20130325,1
20130326,1
20130327,2
20130328,3
20130329,1
20130403,5
20130404,1
20130405,2
20130407,1
20130408,2
20130410,1
20130411,1
20130412,1
20130415,2
20130416,1
20130417,3
20130423,2
20130430,1
20130501,2
20130502,1
20130506,1
20130507,2
20130508,2
20130509,1
20130512,2
20130513,4
20130514,3
20130515,7
20130516,6
20130517,2
20130520,1
20130521,1
20130522,1
20130527,1
20130528,4
20130529,5
20130530,2
20130531,1
20130601,1
20130603,2
20130604,4
20130606,2
20130607,4
20130610,2
20130612,1
20130617,1
20130619,1
20130620,3
20130621,2
20130623,2
20130625,4
20130628,2
20130701,1
20130703,2
20130705,1
20130707,3
20130708,1
20130709,3
20130711,4
20130712,1
20130715,1
20130716,2
20130718,1
20130719,3
20130722,1
20130723,10
20130724,3
20130725,1
20130729,2
20130730,1
20130731,1
20130801,1
20130806,1
20130807,1
20130808,3
20130811,1
20130812,2
20130813,2
20130814,8
20130815,13
20130816,2
20130817,1
20130820,2
20130821,1
20130822,3
20130823,2
20130825,2
20130826,4
20130827,4
20130828,6
20130829,2
20130830,1
20130905,1
20130909,1
20130910,4
20130911,3
20130912,1
20130915,1
20130916,1
20130917,3
20130918,3
20130930,1
20131001,2
20131002,4
20131003,2
20131004,1
20131006,1
20131007,4
20131008,1
20131009,1
20131015,2
20131016,1
20131017,1
20131018,2
20131021,1
20131028,2
20131029,2
20131101,1
20131105,3
20131106,3
20131107,2
20131108,1
20131110,1
20131112,2
20131113,11
20131114,11
20131115,4
20131118,2
20131120,1
20131121,4
20131122,3
20131124,2
20131125,4
20131126,3
20131127,1
20131129,1
20131202,3
20131204,2
20131205,2
20131206,1
20131208,1
20131209,2
20131210,1
20131211,2
20131212,9
20131213,4
20131214,1
20131216,1
20131217,1
20131218,4
20131219,1
20131220,4
20131223,3
20131230,2
20131231,2
20140102,3
20140103,2
20140105,2
20140106,1
20140107,1
20140108,1
20140109,1
20140110,5
20140113,3
20140114,1
20140115,2
20140117,2
20140120,1
20140121,2
20140122,3
20140123,2
20140124,3
20140127,3
20140128,1
20140129,2
20140130,2
20140131,1
20140202,2
20140203,1
20140204,2
20140205,3
20140206,1
20140207,1
20140210,4
20140212,8
20140213,7
20140218,2
20140219,1
20140220,1
20140221,2
20140223,2
20140224,5
20140225,1
20140226,1
20140227,2
20140228,1
20140303,3
20140304,1
20140306,1
20140307,2
20140311,1
20140313,6
20140314,4
20140319,4
20140320,3
20140323,1
20140324,5
20140325,4
20140326,5
20140327,4
20140328,2
20140331,2
20140401,2
20140402,3
20140403,1
20140404,3
20140406,1
20140407,2
20140408,2
20140410,4
20140411,7
20140414,2
20140415,3
20140416,3
20140422,1
20140424,2
20140425,1
20140430,4
20140501,3
20140502,2
20140505,1
20140506,1
20140507,2
20140508,1
20140509,1
20140512,2
20140514,6
20140515,8
20140516,1
20140518,2
20140519,8
20140520,2
20140521,2
20140522,4
20140523,2
20140527,1
20140528,3
20140529,2
20140602,1
20140603,1
20140604,4
20140605,5
20140606,3
20140609,1
20140610,2
20140611,2
20140615,1
20140616,1
20140617,3
20140618,4
20140619,1
20140623,2
20140624,2
20140626,1
20140627,1
20140701,1
20140702,1
20140703,1
20140707,1
20140708,3
20140709,2
20140715,1
20140717,1
20140718,1
20140721,4
20140722,3
20140724,1
20140725,2
20140727,1
20140728,1
20140729,3
20140730,4
20140731,1
20140801,1
20140804,2
20140808,2
20140812,1
20140813,6
20140814,6
20140815,4
20140818,1
20140819,3
20140820,1
20140826,1
20140828,4
20140903,1
20140904,4
20140905,1
20140907,1
20140908,3
20140912,1
20140914,1
20140915,1
20140916,2
20140918,1
20140921,1
20140922,1
20140924,2
20140925,2
20140929,3
20140930,3
20141001,4
20141002,1
20141006,2
20141007,1
20141009,2
20141013,1
20141014,3
20141015,1
20141017,1
20141020,4
20141021,3
20141022,2
20141023,3
20141024,1
20141026,1
20141027,2
20141028,1
20141029,1
20141104,3
20141105,1
20141110,2
20141111,4
20141112,4
20141113,6
20141114,1
20141118,1
20141119,1
20141120,2
20141125,2
20141126,1
20141203,1
20141204,2
20141205,4
20141207,2
20141208,3
20141210,2
20141211,5
20141212,3
20141216,4
20141217,3
20141218,1
20141221,1
20141223,1
20150104,2
20150105,4
20150106,1
20150114,1
20150115,2
20150121,5
20150122,2
20150126,2
20150127,1
20150129,1
20150130,1
20150203,1
20150204,5
20150205,1
20150206,2
20150209,1
20150211,5
20150212,11
20150213,2
20150217,2
20150218,1
20150219,1
20150220,1
20150223,3
20150224,5
20150225,1
20150226,2
20150227,1
20150302,3
20150303,1
20150304,1
20150306,4
20150308,1
20150310,1
20150311,2
20150312,1
20150313,2
20150316,2
20150318,1
20150319,1
20150323,3
20150324,1
20150325,1
20150326,1
20150327,1
20150330,1
20150331,2
20150401,1
20150403,1
20150406,1
20150407,1
20150408,2
20150413,1
20150414,2
20150415,1
20150422,2
20150423,5
20150424,3
20150426,1
20150427,2
20150428,1
