20050104,2
20050105,6
20050106,4
20050107,1
20050110,3
20050111,4
20050112,3
20050113,2
20050114,1
20050117,4
20050118,5
20050119,3
20050120,7
20050121,2
20050124,2
20050125,5
20050126,3
20050127,2
20050128,6
20050131,9
20050201,8
20050202,6
20050203,3
20050204,3
20050207,3
20050208,2
20050209,5
20050210,3
20050211,3
20050214,2
20050215,7
20050216,4
20050217,6
20050218,4
20050222,3
20050223,4
20050224,3
20050228,4
20050301,7
20050302,6
20050303,6
20050304,9
20050306,1
20050307,7
20050308,4
20050309,4
20050310,8
20050311,5
20050314,2
20050315,7
20050316,5
20050317,3
20050318,7
20050321,4
20050322,6
20050323,5
20050324,3
20050325,2
20050328,2
20050329,2
20050330,4
20050331,6
20050401,6
20050404,2
20050405,3
20050406,3
20050408,2
20050411,6
20050412,4
20050413,1
20050414,2
20050415,6
20050418,7
20050419,2
20050420,3
20050421,3
20050422,2
20050425,4
20050426,1
20050427,4
20050428,4
20050429,3
20050502,1
20050503,2
20050504,4
20050505,5
20050506,2
20050509,4
20050510,5
20050511,6
20050512,2
20050513,1
20050516,10
20050517,2
20050518,2
20050519,3
20050520,7
20050523,1
20050524,3
20050525,1
20050526,1
20050527,3
20050530,2
20050531,5
20050601,2
20050602,4
20050603,3
20050606,3
20050607,7
20050608,4
20050609,1
20050610,6
20050613,4
20050614,6
20050615,3
20050616,5
20050617,2
20050620,3
20050621,2
20050623,6
20050624,4
20050627,7
20050628,1
20050629,3
20050630,2
20050701,10
20050704,1
20050705,5
20050706,5
20050707,2
20050708,4
20050711,2
20050712,2
20050713,2
20050714,4
20050715,5
20050717,1
20050718,3
20050719,6
20050720,4
20050721,4
20050722,2
20050725,3
20050726,3
20050727,3
20050728,3
20050729,8
20050801,7
20050802,3
20050803,5
20050804,1
20050805,2
20050808,2
20050809,5
20050810,3
20050811,4
20050815,2
20050816,4
20050817,5
20050818,3
20050819,3
20050822,3
20050823,6
20050824,4
20050825,2
20050826,5
20050829,1
20050830,2
20050831,3
20050901,5
20050902,1
20050903,1
20050905,1
20050906,6
20050907,4
20050908,5
20050909,6
20050912,2
20050913,3
20050914,2
20050915,6
20050916,3
20050917,1
20050919,2
20050920,1
20050921,3
20050922,5
20050923,3
20050925,1
20050926,1
20050927,1
20050928,5
20050929,9
20050930,3
20051001,1
20051003,6
20051004,7
20051005,2
20051006,3
20051007,5
20051008,3
20051011,2
20051012,4
20051013,5
20051014,2
20051015,2
20051017,3
20051018,3
20051019,5
20051020,4
20051021,2
20051022,1
20051023,1
20051024,4
20051025,5
20051026,4
20051027,7
20051028,4
20051029,2
20051031,5
20051101,3
20051102,1
20051103,2
20051104,1
20051105,2
20051107,1
20051109,2
20051110,3
20051111,4
20051112,3
20051114,4
20051115,1
20051116,3
20051118,1
20051119,1
20051121,1
20051122,2
20051125,6
20051126,1
20051128,2
20051129,2
20051130,4
20051201,4
20051202,5
20051203,2
20051205,2
20051206,2
20051207,6
20051208,5
20051209,2
20051210,2
20051213,2
20051214,4
20051215,5
20051216,5
20051217,4
20051219,3
20051220,3
20051221,2
20051222,4
20051223,3
20051227,1
20051228,3
20051229,3
20051231,3
20060103,7
20060104,3
20060105,4
20060106,2
20060107,2
20060110,2
20060111,3
20060112,3
20060113,4
20060114,4
20060116,1
20060117,3
20060118,3
20060119,6
20060120,4
20060121,6
20060122,1
20060123,4
20060124,4
20060125,2
20060126,2
20060127,5
20060128,2
20060130,4
20060131,5
20060201,7
20060202,6
20060203,4
20060204,2
20060206,4
20060207,5
20060208,3
20060209,7
20060210,2
20060211,5
20060213,6
20060214,8
20060215,4
20060216,4
20060217,3
20060220,1
20060221,4
20060222,4
20060223,5
20060224,7
20060225,1
20060227,4
20060228,5
20060301,2
20060302,5
20060303,3
20060306,4
20060307,5
20060308,4
20060309,6
20060310,6
20060312,1
20060313,3
20060314,5
20060315,3
20060316,3
20060317,7
20060318,1
20060320,1
20060321,1
20060322,5
20060323,3
20060324,7
20060325,1
20060327,5
20060328,2
20060329,2
20060330,2
20060331,5
20060401,3
20060403,9
20060404,7
20060405,3
20060406,3
20060407,8
20060408,2
20060410,3
20060411,4
20060412,2
20060413,5
20060414,2
20060415,4
20060417,3
20060418,5
20060419,8
20060420,4
20060421,5
20060422,4
20060424,2
20060425,6
20060426,6
20060427,6
20060428,5
20060429,2
20060501,2
20060502,3
20060503,6
20060504,1
20060505,3
20060506,4
20060508,3
20060509,5
20060510,4
20060511,7
20060512,2
20060515,2
20060517,2
20060518,3
20060519,4
20060520,2
20060522,9
20060523,2
20060524,1
20060525,8
20060526,4
20060527,2
20060529,1
20060531,5
20060601,3
20060602,3
20060603,4
20060605,1
20060606,2
20060607,5
20060608,7
20060609,6
20060612,5
20060613,4
20060615,1
20060616,2
20060619,2
20060620,3
20060621,1
20060622,1
20060623,3
20060624,1
20060626,2
20060627,5
20060628,3
20060629,3
20060630,3
20060701,1
20060703,6
20060704,1
20060705,6
20060706,7
20060707,5
20060708,1
20060710,2
20060711,4
20060712,4
20060713,3
20060714,2
20060715,3
20060717,1
20060718,4
20060719,5
20060720,4
20060721,2
20060722,1
20060724,4
20060725,7
20060726,11
20060727,2
20060728,5
20060729,1
20060731,4
20060801,3
20060802,3
20060803,5
20060804,1
20060805,3
20060807,2
20060808,3
20060809,5
20060810,2
20060811,2
20060812,1
20060814,4
20060815,6
20060816,2
20060817,2
20060818,3
20060819,1
20060821,2
20060822,2
20060823,3
20060824,1
20060825,3
20060826,5
20060829,2
20060830,1
20060831,5
20060901,3
20060902,1
20060904,2
20060905,1
20060906,4
20060907,3
20060909,1
20060911,1
20060912,2
20060913,1
20060914,8
20060915,4
20060916,2
20060918,6
20060919,2
20060920,3
20060921,2
20060922,5
20060923,1
20060924,1
20060925,2
20060926,3
20060927,5
20060928,6
20060929,2
20060930,2
20061002,6
20061003,6
20061004,2
20061005,7
20061006,3
20061007,2
20061009,4
20061010,2
20061011,4
20061012,4
20061013,4
20061014,5
20061016,1
20061017,1
20061018,5
20061019,7
20061020,5
20061021,5
20061023,2
20061024,4
20061025,8
20061026,3
20061027,2
20061028,1
20061030,2
20061031,3
20061101,7
20061102,8
20061103,3
20061106,3
20061107,3
20061108,4
20061109,5
20061110,6
20061111,2
20061114,4
20061115,7
20061116,5
20061117,10
20061118,2
20061120,9
20061121,3
20061122,7
20061123,2
20061124,1
20061125,1
20061126,1
20061127,3
20061128,6
20061129,8
20061130,6
20061201,4
20061202,2
20061205,3
20061206,2
20061207,3
20061208,4
20061209,1
20061211,4
20061212,2
20061213,5
20061214,3
20061215,5
20061216,3
20061218,1
20061219,4
20061220,8
20061221,2
20061222,3
20061223,1
20061227,3
20061228,3
20061229,2
20061230,3
20070102,3
20070103,2
20070104,2
20070105,1
20070106,1
20070108,1
20070109,3
20070110,8
20070111,5
20070112,1
20070115,1
20070116,4
20070117,5
20070118,6
20070119,2
20070120,2
20070122,6
20070123,7
20070124,5
20070125,1
20070126,2
20070129,6
20070130,8
20070131,2
20070201,7
20070202,3
20070203,1
20070205,5
20070206,7
20070207,2
20070208,1
20070209,4
20070210,2
20070211,1
20070212,4
20070213,5
20070214,5
20070215,3
20070216,2
20070217,1
20070220,1
20070221,2
20070222,3
20070223,5
20070224,2
20070226,8
20070227,5
20070228,2
20070301,2
20070302,2
20070303,3
20070304,1
20070305,1
20070306,4
20070307,5
20070308,3
20070309,5
20070310,2
20070312,2
20070313,9
20070314,5
20070315,5
20070316,3
20070317,1
20070319,3
20070320,6
20070321,11
20070322,5
20070323,7
20070324,2
20070326,6
20070327,2
20070328,9
20070329,6
20070330,4
20070331,5
20070402,11
20070403,4
20070404,4
20070405,3
20070406,2
20070407,1
20070409,4
20070410,2
20070411,7
20070412,3
20070413,4
20070414,3
20070416,4
20070417,9
20070419,4
20070420,3
20070421,1
20070423,11
20070424,3
20070425,6
20070426,7
20070427,6
20070428,3
20070430,5
20070501,1
20070502,3
20070503,5
20070504,3
20070507,1
20070508,2
20070509,5
20070510,3
20070511,4
20070512,2
20070514,2
20070515,1
20070516,4
20070517,4
20070518,6
20070519,1
20070521,7
20070522,1
20070523,6
20070524,3
20070525,2
20070529,7
20070530,1
20070531,1
20070601,4
20070604,6
20070605,4
20070606,2
20070607,4
20070608,4
20070609,1
20070611,6
20070612,1
20070613,3
20070614,8
20070615,7
20070616,2
20070618,2
20070619,1
20070620,8
20070621,3
20070622,4
20070623,2
20070624,1
20070625,1
20070626,2
20070627,4
20070628,3
20070629,4
20070630,3
20070702,4
20070703,7
20070704,3
20070705,3
20070706,3
20070707,1
20070709,3
20070710,2
20070712,2
20070714,1
20070715,1
20070716,3
20070717,6
20070718,7
20070719,9
20070720,7
20070721,3
20070723,1
20070724,4
20070725,8
20070726,3
20070727,5
20070728,3
20070730,3
20070731,1
20070801,5
20070802,3
20070803,3
20070804,2
20070806,4
20070808,1
20070809,6
20070810,3
20070811,2
20070812,1
20070813,3
20070814,1
20070815,3
20070817,5
20070818,2
20070820,4
20070821,5
20070822,6
20070823,4
20070824,5
20070827,4
20070828,2
20070829,4
20070830,4
20070831,1
20070901,1
20070903,1
20070904,2
20070905,4
20070906,2
20070907,6
20070908,2
20070910,3
20070911,2
20070912,10
20070913,4
20070914,2
20070915,2
20070917,5
20070918,7
20070919,4
20070920,3
20070921,5
20070922,4
20070924,3
20070925,3
20070926,1
20070927,3
20070928,5
20070929,1
20071001,7
20071002,7
20071003,4
20071004,5
20071005,3
20071006,5
20071008,4
20071009,5
20071010,5
20071011,2
20071012,4
20071013,4
20071015,9
20071016,8
20071017,6
20071018,7
20071019,4
20071020,2
20071022,4
20071023,3
20071024,4
20071025,2
20071026,6
20071029,5
20071030,10
20071031,4
20071101,9
20071102,10
20071103,1
20071105,14
20071106,13
20071107,9
20071108,6
20071109,7
20071110,5
20071111,1
20071112,6
20071113,7
20071114,11
20071115,4
20071116,4
20071117,3
20071119,3
20071120,2
20071121,5
20071122,3
20071123,4
20071124,2
20071126,9
20071127,7
20071128,11
20071129,6
20071130,7
20071201,5
20071203,7
20071204,3
20071205,3
20071206,2
20071207,2
20071208,3
20071210,2
20071211,7
20071212,8
20071213,6
20071214,8
20071215,6
20071217,2
20071218,6
20071219,3
20071220,11
20071221,7
20071222,4
20071224,4
20071225,1
20071226,2
20071227,2
20071228,5
20071229,2
20071231,4
20080102,9
20080103,6
20080105,1
20080107,1
20080108,3
20080109,6
20080110,4
20080111,7
20080112,4
20080113,1
20080114,7
20080115,17
20080116,12
20080117,5
20080118,8
20080119,2
20080121,3
20080122,8
20080123,9
20080124,11
20080125,6
20080126,4
20080127,1
20080128,3
20080129,10
20080130,11
20080131,8
20080201,3
20080202,2
20080203,1
20080204,10
20080205,2
20080206,7
20080207,4
20080208,1
20080209,2
20080211,8
20080212,5
20080213,10
20080214,7
20080215,7
20080216,3
20080218,2
20080219,8
20080220,7
20080221,6
20080222,10
20080223,4
20080225,8
20080226,10
20080227,10
20080228,9
20080229,4
20080301,1
20080303,6
20080304,8
20080305,5
20080306,5
20080307,9
20080308,4
20080309,1
20080310,7
20080311,5
20080312,7
20080313,4
20080314,4
20080315,3
20080317,7
20080318,8
20080319,4
20080320,9
20080321,5
20080322,1
20080324,2
20080325,5
20080326,4
20080327,7
20080328,7
20080329,4
20080330,1
20080331,5
20080401,10
20080402,7
20080403,4
20080404,4
20080405,2
20080407,5
20080408,6
20080409,15
20080410,3
20080411,6
20080412,4
20080414,6
20080415,6
20080416,4
20080417,9
20080418,9
20080419,1
20080421,9
20080422,8
20080423,8
20080424,6
20080425,3
20080426,2
20080428,8
20080429,5
20080430,8
20080501,3
20080502,7
20080503,4
20080505,5
20080506,10
20080507,7
20080508,4
20080509,9
20080510,3
20080512,2
20080513,8
20080514,7
20080515,7
20080516,4
20080519,11
20080520,7
20080521,9
20080522,5
20080523,1
20080526,1
20080527,2
20080528,3
20080529,7
20080530,5
20080531,3
20080602,3
20080603,4
20080604,3
20080605,7
20080606,4
20080607,4
20080609,2
20080610,1
20080611,3
20080612,3
20080613,5
20080614,4
20080616,7
20080617,6
20080618,4
20080619,4
20080620,3
20080621,3
20080623,1
20080624,3
20080625,4
20080626,5
20080627,6
20080628,1
20080630,6
20080701,7
20080702,4
20080703,4
20080704,1
20080705,4
20080707,4
20080708,2
20080709,4
20080710,3
20080711,8
20080712,4
20080714,3
20080715,1
20080716,3
20080717,3
20080718,7
20080719,3
20080720,1
20080721,4
20080722,8
20080723,8
20080724,5
20080725,4
20080726,2
20080728,1
20080729,5
20080730,4
20080731,4
20080801,4
20080802,4
20080804,8
20080805,2
20080806,8
20080807,7
20080808,6
20080809,4
20080811,7
20080812,6
20080813,6
20080814,7
20080815,4
20080816,3
20080818,3
20080819,8
20080821,3
20080822,3
20080823,2
20080825,1
20080826,4
20080827,6
20080828,1
20080829,2
20080830,2
20080901,1
20080903,1
20080904,5
20080905,1
20080906,4
20080908,8
20080909,5
20080910,4
20080911,2
20080912,3
20080913,3
20080914,1
20080915,5
20080916,6
20080917,6
20080918,10
20080919,6
20080922,6
20080923,9
20080924,4
20080925,3
20080926,8
20080927,2
20080929,12
20080930,15
20081001,16
20081002,8
20081003,9
20081004,2
20081005,3
20081006,6
20081007,6
20081008,9
20081009,6
20081010,3
20081012,1
20081013,5
20081014,4
20081015,8
20081016,12
20081017,8
20081018,4
20081020,6
20081021,6
20081022,5
20081023,2
20081027,1
20081028,7
20081029,3
20081030,5
20081031,5
20081101,1
20081103,4
20081104,1
20081105,4
20081106,3
20081107,4
20081108,1
20081110,5
20081111,5
20081112,7
20081113,5
20081114,6
20081115,1
20081117,4
20081118,5
20081119,8
20081120,10
20081121,9
20081122,4
20081124,11
20081125,15
20081126,8
20081128,10
20081129,3
20081201,4
20081202,6
20081203,6
20081204,5
20081205,4
20081206,3
20081208,3
20081209,5
20081210,4
20081211,6
20081212,4
20081213,2
20081215,3
20081216,3
20081217,7
20081218,8
20081219,1
20081220,2
20081222,2
20081223,1
20081224,5
20081230,2
20081231,2
20090102,9
20090103,3
20090105,2
20090106,2
20090107,1
20090108,3
20090109,8
20090110,3
20090112,6
20090113,6
20090114,9
20090115,10
20090116,8
20090117,4
20090119,1
20090120,8
20090121,6
20090122,4
20090123,7
20090124,4
20090126,3
20090127,7
20090128,4
20090129,9
20090130,2
20090131,2
20090202,5
20090203,6
20090204,8
20090205,9
20090206,5
20090207,2
20090209,3
20090210,4
20090211,5
20090212,4
20090213,7
20090214,5
20090217,3
20090218,4
20090219,3
20090220,4
20090221,4
20090222,1
20090223,9
20090224,9
20090225,10
20090226,6
20090227,9
20090228,4
20090302,7
20090303,6
20090304,6
20090305,8
20090306,3
20090308,1
20090309,6
20090310,9
20090311,16
20090312,4
20090313,5
20090314,5
20090316,3
20090317,8
20090318,4
20090319,7
20090320,5
20090321,4
20090322,1
20090323,7
20090324,7
20090325,2
20090326,4
20090327,6
20090328,2
20090330,3
20090331,4
20090401,6
20090402,5
20090403,4
20090404,3
20090405,2
20090406,3
20090407,4
20090408,6
20090409,7
20090410,5
20090411,1
20090413,3
20090414,8
20090415,7
20090416,3
20090417,4
20090418,1
20090420,3
20090421,10
20090422,6
20090423,6
20090424,5
20090425,3
20090426,1
20090427,4
20090428,7
20090429,8
20090430,2
20090501,6
20090502,3
20090504,4
20090505,3
20090506,7
20090507,4
20090508,7
20090509,4
20090511,9
20090512,9
20090513,2
20090514,6
20090515,4
20090516,1
20090518,3
20090519,4
20090520,6
20090521,4
20090522,3
20090525,1
20090526,12
20090527,4
20090528,3
20090529,3
20090530,2
20090601,2
20090602,4
20090603,10
20090604,4
20090605,4
20090608,4
20090609,8
20090610,5
20090611,6
20090612,1
20090613,2
20090615,4
20090616,4
20090617,4
20090618,3
20090619,6
20090620,2
20090622,3
20090623,1
20090624,5
20090625,8
20090626,2
20090627,1
20090629,4
20090630,2
20090701,6
20090702,4
20090703,3
20090707,5
20090708,1
20090709,3
20090710,2
20090711,2
20090714,5
20090715,9
20090716,9
20090717,6
20090718,1
20090720,4
20090721,4
20090722,4
20090723,2
20090724,5
20090725,2
20090727,5
20090728,5
20090729,9
20090730,1
20090731,5
20090801,1
20090802,1
20090803,1
20090804,5
20090805,6
20090806,4
20090807,5
20090808,1
20090810,2
20090811,4
20090812,6
20090813,6
20090814,3
20090815,1
20090817,3
20090818,3
20090819,2
20090820,2
20090821,3
20090824,3
20090825,5
20090826,8
20090827,2
20090828,3
20090829,2
20090831,6
20090901,4
20090902,5
20090903,5
20090904,3
20090905,1
20090907,3
20090908,3
20090909,3
20090910,5
20090911,6
20090914,4
20090915,1
20090916,4
20090917,4
20090918,8
20090919,2
20090921,4
20090922,4
20090923,6
20090924,5
20090925,3
20090926,2
20090928,4
20090929,4
20090930,6
20091001,4
20091002,4
20091005,2
20091006,4
20091007,2
20091008,3
20091009,6
20091012,2
20091013,1
20091014,8
20091015,10
20091016,6
20091017,1
20091019,2
20091020,3
20091021,5
20091022,4
20091023,6
20091026,3
20091027,6
20091028,7
20091029,5
20091030,7
20091102,4
20091103,3
20091104,9
20091105,1
20091106,7
20091110,6
20091111,3
20091112,4
20091113,2
20091114,3
20091115,3
20091116,6
20091117,3
20091118,8
20091119,5
20091120,1
20091122,1
20091123,4
20091124,3
20091125,3
20091126,1
20091127,2
20091128,1
20091129,3
20091130,1
20091201,4
20091202,2
20091203,7
20091204,3
20091205,1
20091206,1
20091207,9
20091208,8
20091209,5
20091210,7
20091211,1
20091212,2
20091213,1
20091214,7
20091215,6
20091216,8
20091217,13
20091218,7
20091219,1
20091220,1
20091221,5
20091222,9
20091223,8
20091224,3
20091227,1
20091228,2
20091229,3
20091230,4
20091231,3
20100101,1
20100102,1
20100104,6
20100105,3
20100106,4
20100107,3
20100108,5
20100109,3
20100111,4
20100112,10
20100113,5
20100114,9
20100115,5
20100116,3
20100118,2
20100119,7
20100120,12
20100121,7
20100122,5
20100123,3
20100124,2
20100125,5
20100126,3
20100127,4
20100128,4
20100129,3
20100201,4
20100202,3
20100203,4
20100204,5
20100205,4
20100206,1
20100208,5
20100209,3
20100210,7
20100211,3
20100212,5
20100214,1
20100215,1
20100216,2
20100217,4
20100218,4
20100219,1
20100220,1
20100222,1
20100223,4
20100224,3
20100225,1
20100226,4
20100227,2
20100228,1
20100301,8
20100302,2
20100303,5
20100304,5
20100305,9
20100308,7
20100309,7
20100310,8
20100311,9
20100312,4
20100313,1
20100314,3
20100315,4
20100316,2
20100317,5
20100318,4
20100319,3
20100320,2
20100322,4
20100323,6
20100324,3
20100325,8
20100326,3
20100327,1
20100329,3
20100330,5
20100331,6
20100401,6
20100402,2
20100405,5
20100406,4
20100407,4
20100408,2
20100409,3
20100411,1
20100412,9
20100413,5
20100414,6
20100415,4
20100416,2
20100417,2
20100419,5
20100420,10
20100421,8
20100422,5
20100423,5
20100426,2
20100427,2
20100428,1
20100429,7
20100430,6
20100501,1
20100503,2
20100504,2
20100505,6
20100506,2
20100507,5
20100508,1
20100509,1
20100510,3
20100511,2
20100512,7
20100513,3
20100514,1
20100515,3
20100517,4
20100518,3
20100519,6
20100520,3
20100521,3
20100524,4
20100525,4
20100526,2
20100527,7
20100528,4
20100529,3
20100531,3
20100601,4
20100602,4
20100603,3
20100604,1
20100606,1
20100607,5
20100608,1
20100610,4
20100611,3
20100612,2
20100614,3
20100615,2
20100616,2
20100617,4
20100618,1
20100619,4
20100621,7
20100622,3
20100623,5
20100624,7
20100625,5
20100626,4
20100627,1
20100629,2
20100630,1
20100701,7
20100702,3
20100703,3
20100705,1
20100706,7
20100707,3
20100708,5
20100709,2
20100710,2
20100712,2
20100713,6
20100714,4
20100715,7
20100716,6
20100717,1
20100719,1
20100720,6
20100721,7
20100722,4
20100723,1
20100724,4
20100726,1
20100727,5
20100728,6
20100729,8
20100730,3
20100731,2
20100802,3
20100803,4
20100804,3
20100805,3
20100806,1
20100807,1
20100809,3
20100810,1
20100811,4
20100812,2
20100813,4
20100815,1
20100816,6
20100817,3
20100818,7
20100819,8
20100820,2
20100821,1
20100822,1
20100823,1
20100824,3
20100825,4
20100826,2
20100827,3
20100828,1
20100829,1
20100830,2
20100831,2
20100901,4
20100902,8
20100903,2
20100904,1
20100906,2
20100907,5
20100908,3
20100909,6
20100910,5
20100911,2
20100913,14
20100914,4
20100915,6
20100916,6
20100917,1
20100918,3
20100920,4
20100921,5
20100922,2
20100923,2
20100924,4
20100925,1
20100927,5
20100928,4
20100929,9
20100930,3
20101001,6
20101002,1
20101004,2
20101005,4
20101006,2
20101007,3
20101008,6
20101010,1
20101011,4
20101012,3
20101013,5
20101014,3
20101015,6
20101016,4
20101017,3
20101018,9
20101019,5
20101020,10
20101021,4
20101022,4
20101023,1
20101024,1
20101025,3
20101026,5
20101027,3
20101028,6
20101029,3
20101031,1
20101101,3
20101102,9
20101103,6
20101104,4
20101105,6
20101106,1
20101107,1
20101108,3
20101109,3
20101110,7
20101111,2
20101112,5
20101113,2
20101115,4
20101116,5
20101117,6
20101118,11
20101119,4
20101120,3
20101121,1
20101122,2
20101123,3
20101124,4
20101126,1
20101127,1
20101128,1
20101129,4
20101130,1
20101201,8
20101202,6
20101203,5
20101204,1
20101206,3
20101207,6
20101208,11
20101209,4
20101210,1
20101211,2
20101212,1
20101213,4
20101214,1
20101215,1
20101216,3
20101217,4
20101218,1
20101220,1
20101221,5
20101222,6
20101223,3
20101226,2
20101227,3
20101228,2
20101229,5
20101230,4
20101231,2
20110102,1
20110103,5
20110104,10
20110105,7
20110106,3
20110107,5
20110108,1
20110110,2
20110111,4
20110112,4
20110113,9
20110114,8
20110115,4
20110117,2
20110118,12
20110119,9
20110120,8
20110121,6
20110122,4
20110124,4
20110125,2
20110126,4
20110127,6
20110128,5
20110129,5
20110131,8
20110201,5
20110202,6
20110203,6
20110204,1
20110205,3
20110207,5
20110208,7
20110209,9
20110210,2
20110211,4
20110212,2
20110214,5
20110215,4
20110216,6
20110217,2
20110218,5
20110219,3
20110221,1
20110222,1
20110223,5
20110224,4
20110225,5
20110228,5
20110301,4
20110302,9
20110303,7
20110304,8
20110305,2
20110307,1
20110308,2
20110309,3
20110310,4
20110311,1
20110312,4
20110313,1
20110314,3
20110315,3
20110316,3
20110317,4
20110318,8
20110319,3
20110321,10
20110322,3
20110323,4
20110324,3
20110325,3
20110326,1
20110327,2
20110328,6
20110329,4
20110330,2
20110331,7
20110401,9
20110402,2
20110404,9
20110406,2
20110407,3
20110408,6
20110409,2
20110410,1
20110411,1
20110412,3
20110413,6
20110414,7
20110415,2
20110416,4
20110418,6
20110419,2
20110420,6
20110421,2
20110422,2
20110423,1
20110425,5
20110426,3
20110427,5
20110428,1
20110429,5
20110430,2
20110501,3
20110502,3
20110503,6
20110504,5
20110505,4
20110506,7
20110507,4
20110509,6
20110510,9
20110511,3
20110512,7
20110513,4
20110514,2
20110516,6
20110517,6
20110518,5
20110519,2
20110520,4
20110521,1
20110523,4
20110524,2
20110525,4
20110526,5
20110527,3
20110531,4
20110601,7
20110602,7
20110603,3
20110604,2
20110605,1
20110606,3
20110607,2
20110608,6
20110609,11
20110610,3
20110613,4
20110614,4
20110615,5
20110616,5
20110617,7
20110618,2
20110620,6
20110621,4
20110622,6
20110623,2
20110624,2
20110625,1
20110627,3
20110628,5
20110629,7
20110630,9
20110701,5
20110702,2
20110703,1
20110705,2
20110706,5
20110707,5
20110708,3
20110709,3
20110711,3
20110712,6
20110713,5
20110714,3
20110715,10
20110716,3
20110718,1
20110719,3
20110720,4
20110721,5
20110722,2
20110723,1
20110725,5
20110726,8
20110727,6
20110728,3
20110729,3
20110730,1
20110801,3
20110802,4
20110803,5
20110804,4
20110805,5
20110806,2
20110808,3
20110809,4
20110810,9
20110811,3
20110812,7
20110813,1
20110815,3
20110816,5
20110817,3
20110819,4
20110820,2
20110822,3
20110823,3
20110824,2
20110825,4
20110826,1
20110827,1
20110829,2
20110830,3
20110831,5
20110901,3
20110902,1
20110903,4
20110905,1
20110906,4
20110907,6
20110908,6
20110909,1
20110912,2
20110913,1
20110914,5
20110915,4
20110919,5
20110920,3
20110921,2
20110922,8
20110923,2
20110924,1
20110926,3
20110927,4
20110928,2
20110929,3
20110930,5
20111001,4
20111002,1
20111003,4
20111004,6
20111005,3
20111006,4
20111007,6
20111008,1
20111010,2
20111011,3
20111012,2
20111013,4
20111014,5
20111017,7
20111018,5
20111019,6
20111020,4
20111021,2
20111024,6
20111025,3
20111026,1
20111027,1
20111028,9
20111029,2
20111031,3
20111101,6
20111102,3
20111105,1
20111107,2
20111108,4
20111109,6
20111110,5
20111111,5
20111112,1
20111113,1
20111114,4
20111115,5
20111116,2
20111117,5
20111118,5
20111121,2
20111122,3
20111123,4
20111124,1
20111128,4
20111129,4
20111130,9
20111201,5
20111202,3
20111203,2
20111205,1
20111206,5
20111207,5
20111208,2
20111209,1
20111211,1
20111212,3
20111213,6
20111214,8
20111215,4
20111216,8
20111217,1
20111219,4
20111220,5
20111221,2
20111222,2
20111223,3
20111224,1
20111227,3
20111228,2
20111229,1
20111230,5
20120103,3
20120104,4
20120105,4
20120106,4
20120107,2
20120109,4
20120110,4
20120111,4
20120112,6
20120113,2
20120114,1
20120115,1
20120117,7
20120118,7
20120119,10
20120120,6
20120121,1
20120123,5
20120124,4
20120125,3
20120126,3
20120127,1
20120128,1
20120130,6
20120131,6
20120201,2
20120202,3
20120203,2
20120204,2
20120206,4
20120207,5
20120208,11
20120209,7
20120210,7
20120211,1
20120213,4
20120214,3
20120215,6
20120216,8
20120217,3
20120220,1
20120221,3
20120222,4
20120223,7
20120224,2
20120225,1
20120226,2
20120227,1
20120228,6
20120229,3
20120302,4
20120305,5
20120306,2
20120307,5
20120308,5
20120309,3
20120311,2
20120312,7
20120313,6
20120314,8
20120315,4
20120316,3
20120319,6
20120320,3
20120321,3
20120325,2
20120326,2
20120327,3
20120328,2
20120329,4
20120330,3
20120401,3
20120402,5
20120403,3
20120404,3
20120405,6
20120406,2
20120409,3
20120410,3
20120411,1
20120412,5
20120413,1
20120415,1
20120416,7
20120417,6
20120418,7
20120419,7
20120420,2
20120422,1
20120423,6
20120424,4
20120425,6
20120426,6
20120427,1
20120429,1
20120430,2
20120501,5
20120502,3
20120503,2
20120504,3
20120507,6
20120508,4
20120509,6
20120510,11
20120511,5
20120513,3
20120514,5
20120515,5
20120516,2
20120517,3
20120518,3
20120520,1
20120521,2
20120522,2
20120523,1
20120524,2
20120525,3
20120529,2
20120530,2
20120531,3
20120604,2
20120605,6
20120606,3
20120608,5
20120611,2
20120612,4
20120613,1
20120614,4
20120615,2
20120617,1
20120618,6
20120619,5
20120620,1
20120621,3
20120622,4
20120624,1
20120625,5
20120626,2
20120627,2
20120628,5
20120629,5
20120701,3
20120702,2
20120703,4
20120704,3
20120705,4
20120706,3
20120708,1
20120709,5
20120710,3
20120711,4
20120712,3
20120713,1
20120714,1
20120715,1
20120716,7
20120717,3
20120718,4
20120719,4
20120720,2
20120721,2
20120722,1
20120723,6
20120724,7
20120725,5
20120726,5
20120727,2
20120729,1
20120730,7
20120731,3
20120801,6
20120802,5
20120803,1
20120805,1
20120806,4
20120807,5
20120808,1
20120809,4
20120810,4
20120812,1
20120813,1
20120814,6
20120815,1
20120816,3
20120817,2
20120819,1
20120820,3
20120821,3
20120822,4
20120823,7
20120824,1
20120826,1
20120827,3
20120828,4
20120829,6
20120830,4
20120904,5
20120905,2
20120906,2
20120907,3
20120909,3
20120910,5
20120911,2
20120912,2
20120914,2
20120916,1
20120917,2
20120918,6
20120919,5
20120920,7
20120921,5
20120923,1
20120924,3
20120925,4
20120926,2
20120927,3
20120928,7
20120930,3
20121001,1
20121002,1
20121003,8
20121004,8
20121005,5
20121007,1
20121008,3
20121009,4
20121010,6
20121011,4
20121012,2
20121015,9
20121016,8
20121017,10
20121018,4
20121019,4
20121021,2
20121022,5
20121023,6
20121024,3
20121025,3
20121026,6
20121028,1
20121029,5
20121030,2
20121031,6
20121101,4
20121102,2
20121104,1
20121105,10
20121106,3
20121107,6
20121108,2
20121109,5
20121111,1
20121112,4
20121113,2
20121114,5
20121115,2
20121116,4
20121118,2
20121119,4
20121120,4
20121121,1
20121122,2
20121123,1
20121126,6
20121127,5
20121128,1
20121129,6
20121130,3
20121202,1
20121203,3
20121204,5
20121205,8
20121206,2
20121207,3
20121209,1
20121210,3
20121211,4
20121212,3
20121213,7
20121217,6
20121218,6
20121219,7
20121220,6
20121221,1
20121223,3
20121224,1
20121225,2
20121226,1
20121227,1
20121228,1
20121230,2
20130101,3
20130102,4
20130103,3
20130104,2
20130106,2
20130107,8
20130108,3
20130109,6
20130110,8
20130111,3
20130114,8
20130115,3
20130116,2
20130117,12
20130118,7
20130119,1
20130120,1
20130122,2
20130123,8
20130124,8
20130125,7
20130127,1
20130128,4
20130129,4
20130130,3
20130131,7
20130201,1
20130204,1
20130205,2
20130206,2
20130207,6
20130208,6
20130211,3
20130212,4
20130213,7
20130214,4
20130215,1
20130216,1
20130217,2
20130219,3
20130220,7
20130221,10
20130222,3
20130224,1
20130225,1
20130226,9
20130227,2
20130301,5
20130304,2
20130305,9
20130306,4
20130307,5
20130308,5
20130311,3
20130312,2
20130313,2
20130314,5
20130315,2
20130318,1
20130319,7
20130320,9
20130321,1
20130322,1
20130325,4
20130326,8
20130327,9
20130328,5
20130329,1
20130331,1
20130402,5
20130403,5
20130404,1
20130405,5
20130406,1
20130408,5
20130409,6
20130410,6
20130411,8
20130412,3
20130414,3
20130415,12
20130416,7
20130417,6
20130418,11
20130419,2
20130421,1
20130422,6
20130423,1
20130424,3
20130425,7
20130426,3
20130428,4
20130429,3
20130430,5
20130501,4
20130502,8
20130505,2
20130506,3
20130507,5
20130508,5
20130509,6
20130510,2
20130512,4
20130513,2
20130514,8
20130515,8
20130516,9
20130517,3
20130519,1
20130520,8
20130521,5
20130522,1
20130523,6
20130524,7
20130528,2
20130529,4
20130530,4
20130531,3
20130602,1
20130603,2
20130604,6
20130605,5
20130606,2
20130607,2
20130610,4
20130611,4
20130612,3
20130613,3
20130614,3
20130616,1
20130617,3
20130618,2
20130619,4
20130620,2
20130621,4
20130623,2
20130624,3
20130625,2
20130626,5
20130627,4
20130628,2
20130701,4
20130702,4
20130703,3
20130704,1
20130705,1
20130707,5
20130708,3
20130709,8
20130710,2
20130711,4
20130712,2
20130714,1
20130715,9
20130716,6
20130717,5
20130718,6
20130719,2
20130722,3
20130723,3
20130724,5
20130725,5
20130726,5
20130728,1
20130729,4
20130730,4
20130731,2
20130801,2
20130802,3
20130805,4
20130806,2
20130807,3
20130808,4
20130809,3
20130812,2
20130813,5
20130814,4
20130815,6
20130816,2
20130818,3
20130819,4
20130820,3
20130821,3
20130822,2
20130823,4
20130826,4
20130827,9
20130828,5
20130829,5
20130830,3
20130901,1
20130902,6
20130903,4
20130904,1
20130905,8
20130906,2
20130908,1
20130909,3
20130910,5
20130911,3
20130912,3
20130913,2
20130915,2
20130916,4
20130917,1
20130918,6
20130919,2
20130920,3
20130922,2
20130923,5
20130924,6
20130925,7
20130926,4
20130927,4
20130929,1
20130930,4
20131001,3
20131002,7
20131003,7
20131004,8
20131005,1
20131006,1
20131007,4
20131008,5
20131009,5
20131010,5
20131011,1
20131013,1
20131014,12
20131015,9
20131016,9
20131017,7
20131018,4
20131019,2
20131020,1
20131021,3
20131022,8
20131023,5
20131024,3
20131025,3
20131027,2
20131028,1
20131029,7
20131030,4
20131031,6
20131101,4
20131103,1
20131104,2
20131105,2
20131106,4
20131107,5
20131108,2
20131110,2
20131111,8
20131112,5
20131113,1
20131114,8
20131116,1
20131118,2
20131119,11
20131120,3
20131121,1
20131122,3
20131124,2
20131125,3
20131126,2
20131127,1
20131129,1
20131201,1
20131202,5
20131203,1
20131204,6
20131205,4
20131206,2
20131208,1
20131209,3
20131210,5
20131211,3
20131212,1
20131213,2
20131217,6
20131218,6
20131219,5
20131220,1
20131222,1
20131223,2
20131226,4
20131227,1
20131230,3
20140101,1
20140102,3
20140103,4
20140105,3
20140106,5
20140107,7
20140108,4
20140109,10
20140110,4
20140111,1
20140112,1
20140113,7
20140114,4
20140115,5
20140116,10
20140117,6
20140118,1
20140120,4
20140121,5
20140122,6
20140123,5
20140124,3
20140127,4
20140128,1
20140129,3
20140130,1
20140131,3
20140202,1
20140203,1
20140204,2
20140205,3
20140206,3
20140207,12
20140209,1
20140210,5
20140211,4
20140212,3
20140213,4
20140214,4
20140217,4
20140218,6
20140220,8
20140221,5
20140223,1
20140224,2
20140225,3
20140226,6
20140227,1
20140228,7
20140302,2
20140303,9
20140304,5
20140305,5
20140306,7
20140307,2
20140309,1
20140310,3
20140311,2
20140312,8
20140313,11
20140314,6
20140316,5
20140317,4
20140318,7
20140319,4
20140320,7
20140321,10
20140323,1
20140324,8
20140325,1
20140326,7
20140327,18
20140328,7
20140331,7
20140401,11
20140402,4
20140403,4
20140404,6
20140407,5
20140408,10
20140409,5
20140410,7
20140411,7
20140413,2
20140414,15
20140415,9
20140416,10
20140417,11
20140418,1
20140421,8
20140422,5
20140423,8
20140424,1
20140425,5
20140427,1
20140428,6
20140429,7
20140430,2
20140501,1
20140502,3
20140504,4
20140505,3
20140506,6
20140507,4
20140508,2
20140509,3
20140511,1
20140512,5
20140513,5
20140514,5
20140515,9
20140516,2
20140518,2
20140519,8
20140520,2
20140521,2
20140522,1
20140523,1
20140526,3
20140527,5
20140528,7
20140529,6
20140530,5
20140602,6
20140603,3
20140604,3
20140605,6
20140606,6
20140609,8
20140610,3
20140612,6
20140613,7
20140615,1
20140616,7
20140617,11
20140618,5
20140619,4
20140620,8
20140623,5
20140624,3
20140625,7
20140626,6
20140627,3
20140630,6
20140701,6
20140702,4
20140703,3
20140707,1
20140708,6
20140709,6
20140710,7
20140711,3
20140713,2
20140714,25
20140715,13
20140716,11
20140717,9
20140718,5
20140721,4
20140722,8
20140723,2
20140724,8
20140725,6
20140726,1
20140727,1
20140728,6
20140729,6
20140730,7
20140731,6
20140801,7
20140803,1
20140804,1
20140805,5
20140806,10
20140807,1
20140808,3
20140810,2
20140811,2
20140813,4
20140814,7
20140815,9
20140818,4
20140819,1
20140820,6
20140821,11
20140822,5
20140824,2
20140825,2
20140826,5
20140827,6
20140828,3
20140829,2
20140831,1
20140901,1
20140902,1
20140903,5
20140904,2
20140905,4
20140907,4
20140908,4
20140909,9
20140910,6
20140911,5
20140912,3
20140914,2
20140915,7
20140916,8
20140917,6
20140918,4
20140919,11
20140921,4
20140922,5
20140923,7
20140924,4
20140925,4
20140926,6
20140928,1
20140929,6
20140930,7
20141001,13
20141002,6
20141003,4
20141006,2
20141007,2
20141008,9
20141009,7
20141010,4
20141012,2
20141013,6
20141014,19
20141015,15
20141016,8
20141017,5
20141019,3
20141021,8
20141022,2
20141023,6
20141024,5
20141026,3
20141027,7
20141028,6
20141029,8
20141030,4
20141031,6
20141102,3
20141103,2
20141104,7
20141105,4
20141106,7
20141107,7
20141109,3
20141110,1
20141111,4
20141112,13
20141113,6
20141114,1
20141117,7
20141118,3
20141119,5
20141120,14
20141121,6
20141123,1
20141124,3
20141125,4
20141126,1
20141130,3
20141201,4
20141202,5
20141203,4
20141204,4
20141205,2
20141207,3
20141208,3
20141209,9
20141210,10
20141211,10
20141212,7
20141214,2
20141215,1
20141216,7
20141217,1
20141218,3
20141219,3
20141221,3
20141222,4
20141223,1
20141224,2
20141225,1
20141226,1
20141229,3
20141230,3
20150101,1
20150104,1
20150105,4
20150106,6
20150107,2
20150108,2
20150109,3
20150111,1
20150112,5
20150113,7
20150114,5
20150115,12
20150116,11
20150119,7
20150120,9
20150121,5
20150122,3
20150123,2
20150125,3
20150126,5
20150127,5
20150128,5
20150129,2
20150130,1
20150201,1
20150202,5
20150203,3
20150204,5
20150205,3
20150206,1
20150208,1
20150209,6
20150210,7
20150211,5
20150212,4
20150213,4
20150216,3
20150217,8
20150218,5
20150219,2
20150220,6
20150222,1
20150223,3
20150224,2
20150225,4
20150226,9
20150227,2
20150301,2
20150302,7
20150303,13
20150304,7
20150305,11
20150306,4
20150308,1
20150309,7
20150310,6
20150311,8
20150312,9
20150313,5
20150316,4
20150317,10
20150318,6
20150319,9
20150320,4
20150323,6
20150324,4
20150325,5
20150326,5
20150329,2
20150330,4
20150331,10
20150401,8
20150402,4
20150403,4
20150405,1
20150406,3
20150407,4
20150408,3
20150409,6
20150410,6
20150411,1
20150412,3
20150413,6
20150414,10
20150415,5
20150416,11
20150417,4
20150420,6
20150421,5
20150422,4
20150423,2
20150424,3
20150427,1
20150428,9
20150429,5
20150430,4
