20050105,2
20050112,2
20050117,1
20050120,1
20050124,1
20050125,1
20050126,3
20050127,3
20050128,2
20050131,2
20050201,2
20050202,1
20050203,1
20050204,1
20050207,2
20050211,1
20050212,1
20050214,2
20050215,3
20050218,1
20050222,1
20050225,1
20050303,1
20050314,1
20050317,1
20050324,1
20050401,1
20050404,1
20050405,1
20050406,1
20050407,1
20050414,1
20050420,1
20050425,1
20050427,1
20050501,1
20050502,2
20050506,1
20050517,1
20050525,3
20050526,1
20050531,1
20050602,1
20050613,1
20050620,1
20050623,1
20050627,1
20050628,3
20050629,1
20050711,1
20050723,1
20050726,1
20050727,1
20050728,1
20050731,1
20050801,1
20050803,1
20050804,1
20050809,1
20050811,1
20050812,4
20050823,1
20050829,1
20050830,1
20050901,1
20050902,2
20050903,1
20050906,1
20050907,1
20050916,1
20050919,1
20050922,2
20050925,2
20050926,2
20050928,1
20050929,1
20051003,2
20051004,3
20051005,1
20051007,2
20051025,1
20051026,3
20051027,5
20051029,1
20051101,2
20051102,1
20051104,2
20051109,4
20051110,3
20051116,1
20051117,2
20051118,1
20051202,1
20051203,1
20051212,5
20051213,6
20051214,3
20051216,4
20051217,2
20051218,1
20051219,1
20051220,2
20051222,1
20051228,2
20051230,3
20051231,1
20060103,1
20060108,1
20060113,1
20060114,1
20060123,1
20060125,1
20060126,1
20060127,1
20060130,1
20060131,2
20060201,1
20060206,2
20060213,2
20060214,1
20060217,1
20060222,2
20060223,1
20060303,1
20060308,1
20060315,2
20060316,2
20060322,1
20060324,3
20060327,2
20060328,1
20060402,1
20060406,2
20060411,1
20060421,1
20060424,3
20060426,3
20060427,2
20060428,1
20060429,2
20060501,1
20060502,1
20060504,1
20060505,2
20060506,1
20060510,1
20060511,2
20060512,1
20060513,1
20060516,3
20060517,1
20060518,1
20060519,4
20060521,1
20060522,1
20060523,1
20060524,3
20060525,1
20060526,1
20060527,1
20060531,1
20060609,1
20060613,1
20060614,1
20060617,1
20060619,1
20060620,2
20060622,1
20060623,2
20060624,1
20060626,1
20060627,2
20060628,2
20060629,1
20060711,1
20060717,1
20060718,1
20060721,3
20060722,1
20060724,1
20060725,1
20060726,3
20060727,5
20060728,2
20060729,1
20060731,1
20060801,2
20060802,1
20060806,1
20060807,1
20060808,4
20060809,2
20060810,1
20060811,2
20060812,2
20060814,1
20060815,2
20060817,1
20060818,1
20060819,1
20060821,1
20060822,1
20060824,2
20060829,2
20060831,1
20060905,1
20060907,1
20060913,1
20060914,1
20060920,2
20060922,1
20060925,2
20060926,1
20060927,1
20060928,1
20061002,1
20061005,2
20061006,1
20061008,1
20061009,2
20061010,3
20061011,2
20061012,1
20061013,1
20061016,1
20061017,1
20061018,1
20061019,2
20061020,2
20061023,1
20061024,1
20061025,1
20061026,1
20061027,4
20061030,1
20061031,1
20061101,1
20061103,1
20061108,1
20061113,1
20061129,3
20061201,1
20061203,1
20061206,2
20061208,1
20061215,1
20061220,1
20061224,1
20061227,1
20070102,1
20070105,1
20070108,2
20070109,3
20070111,3
20070112,1
20070117,1
20070119,4
20070120,2
20070122,2
20070123,1
20070124,6
20070125,4
20070126,1
20070129,1
20070130,1
20070131,2
20070202,1
20070205,1
20070206,2
20070207,2
20070208,1
20070209,1
20070212,2
20070223,1
20070226,1
20070228,1
20070307,1
20070308,1
20070311,1
20070322,1
20070326,1
20070401,1
20070402,1
20070405,1
20070409,1
20070410,1
20070411,2
20070415,1
20070416,1
20070417,1
20070420,1
20070421,1
20070425,4
20070427,1
20070428,2
20070430,1
20070501,2
20070503,1
20070507,1
20070508,1
20070509,1
20070514,1
20070517,1
20070519,2
20070523,2
20070525,1
20070527,1
20070606,1
20070612,1
20070625,3
20070626,6
20070627,5
20070628,2
20070702,2
20070703,1
20070705,1
20070710,6
20070711,2
20070713,1
20070714,1
20070716,1
20070718,1
20070722,1
20070723,3
20070725,2
20070727,1
20070730,1
20070731,1
20070801,2
20070808,2
20070810,1
20070814,1
20070816,3
20070822,1
20070827,3
20070829,1
20070830,2
20070904,2
20070905,1
20070907,1
20070912,2
20070914,1
20070917,1
20070918,1
20070921,1
20070927,1
20070928,3
20070929,1
20070930,1
20071003,1
20071004,4
20071008,1
20071009,2
20071010,4
20071011,1
20071016,1
20071019,1
20071023,1
20071024,3
20071025,3
20071026,2
20071029,3
20071031,1
20071101,1
20071102,3
20071103,2
20071104,1
20071107,1
20071108,1
20071109,1
20071114,1
20071115,1
20071117,1
20071119,2
20071120,1
20071123,1
20071129,1
20071130,4
20071203,1
20071205,1
20071206,2
20071210,1
20071211,1
20071218,1
20071220,2
20071222,1
20071229,1
20080102,3
20080103,2
20080104,2
20080109,1
20080110,2
20080111,2
20080114,2
20080116,1
20080123,1
20080124,2
20080125,1
20080131,1
20080203,1
20080204,1
20080206,1
20080208,1
20080209,1
20080212,1
20080213,1
20080214,1
20080215,1
20080219,1
20080220,1
20080221,1
20080227,1
20080228,1
20080301,1
20080319,1
20080324,1
20080329,1
20080403,1
20080408,1
20080409,2
20080410,1
20080413,1
20080414,1
20080418,1
20080423,2
20080424,3
20080427,1
20080428,2
20080430,1
20080501,1
20080502,2
20080508,1
20080512,1
20080516,2
20080519,2
20080522,1
20080524,1
20080527,1
20080605,1
20080609,1
20080610,1
20080611,1
20080612,1
20080613,1
20080617,1
20080618,1
20080626,1
20080627,1
20080629,1
20080705,1
20080706,1
20080707,1
20080709,1
20080710,1
20080711,1
20080714,1
20080717,1
20080718,1
20080723,2
20080724,1
20080726,1
20080729,1
20080731,1
20080801,1
20080807,1
20080820,1
20080827,2
20080828,1
20080829,2
20080830,3
20080831,2
20080905,2
20080908,2
20080909,3
20080910,2
20080912,1
20080914,1
20080915,1
20080924,1
20080925,1
20080930,1
20081002,3
20081007,4
20081016,1
20081020,1
20081022,1
20081023,2
20081029,2
20081101,1
20081107,2
20081111,2
20081112,1
20081119,1
20081121,1
20081126,1
20081206,2
20081210,1
20081211,1
20081217,1
20081218,1
20081220,2
20081223,1
20090103,1
20090108,2
20090109,1
20090114,1
20090117,3
20090121,1
20090122,1
20090126,1
20090128,2
20090129,2
20090130,5
20090201,1
20090203,1
20090204,1
20090205,1
20090209,2
20090218,1
20090220,1
20090226,2
20090302,1
20090303,1
20090304,3
20090305,1
20090306,1
20090309,1
20090318,1
20090326,1
20090403,1
20090408,1
20090410,1
20090412,1
20090415,2
20090423,1
20090424,2
20090425,1
20090427,1
20090429,1
20090430,2
20090505,1
20090509,1
20090514,2
20090515,1
20090519,1
20090520,1
20090526,1
20090530,1
20090602,1
20090604,2
20090609,1
20090615,2
20090616,1
20090617,1
20090619,1
20090620,1
20090623,1
20090624,1
20090629,2
20090702,1
20090707,1
20090708,1
20090709,1
20090713,1
20090724,3
20090728,1
20090730,3
20090803,2
20090804,1
20090819,1
20090825,1
20090826,1
20090827,1
20090901,1
20090911,1
20090914,1
20090921,1
20090923,1
20091001,2
20091003,2
20091005,1
20091006,2
20091008,1
20091009,4
20091012,1
20091018,3
20091021,1
20091027,2
20091028,1
20091029,2
20091030,2
20091102,3
20091103,1
20091104,1
20091105,1
20091106,2
20091112,1
20091117,3
20091118,1
20091125,1
20091202,1
20091207,1
20091208,1
20091211,2
20091214,1
20091215,1
20091217,1
20100109,1
20100114,1
20100119,1
20100120,1
20100121,1
20100122,1
20100125,2
20100127,2
20100129,1
20100130,2
20100202,1
20100203,1
20100204,1
20100214,1
20100217,2
20100219,1
20100227,1
20100301,3
20100303,1
20100304,1
20100307,3
20100317,1
20100322,1
20100324,2
20100325,1
20100326,1
20100330,1
20100403,1
20100405,1
20100409,1
20100414,1
20100416,1
20100417,1
20100422,1
20100426,1
20100428,1
20100429,1
20100430,1
20100514,1
20100517,1
20100518,1
20100526,1
20100527,1
20100528,1
20100602,2
20100604,1
20100607,1
20100611,1
20100614,1
20100616,1
20100624,1
20100625,1
20100628,1
20100702,1
20100708,1
20100709,3
20100710,1
20100712,1
20100713,1
20100716,1
20100721,1
20100722,2
20100723,1
20100727,1
20100728,3
20100729,2
20100730,3
20100731,1
20100803,1
20100806,1
20100811,1
20100816,1
20100822,1
20100824,1
20100825,1
20100826,3
20100827,1
20100831,1
20100909,1
20100914,1
20100920,1
20100923,2
20100924,1
20100927,1
20101002,1
20101003,1
20101006,1
20101007,1
20101008,1
20101014,1
20101018,1
20101020,1
20101022,3
20101026,1
20101028,4
20101030,1
20101031,1
20101105,1
20101109,1
20101110,1
20101113,1
20101118,1
20101122,3
20101123,1
20101128,1
20101130,1
20101201,1
20101202,2
20101207,1
20101209,1
20101214,1
20101217,2
20101220,1
20101221,1
20101230,1
20110109,1
20110110,2
20110111,3
20110112,2
20110113,1
20110117,1
20110120,1
20110124,1
20110125,1
20110126,3
20110127,1
20110129,1
20110131,2
20110201,1
20110210,1
20110211,1
20110214,1
20110216,1
20110217,2
20110222,2
20110223,1
20110224,2
20110225,3
20110226,1
20110228,3
20110302,1
20110303,1
20110304,1
20110307,1
20110308,3
20110309,1
20110310,1
20110311,1
20110314,1
20110315,1
20110316,3
20110317,2
20110318,2
20110321,1
20110323,1
20110324,4
20110326,1
20110328,2
20110331,3
20110401,1
20110404,1
20110405,1
20110408,1
20110413,1
20110415,3
20110418,1
20110421,2
20110422,1
20110425,2
20110426,2
20110427,3
20110429,2
20110501,1
20110502,1
20110506,1
20110510,2
20110511,4
20110512,5
20110513,3
20110514,2
20110516,3
20110517,1
20110518,3
20110524,1
20110527,1
20110601,2
20110602,2
20110606,1
20110607,1
20110608,1
20110609,3
20110610,2
20110613,1
20110615,1
20110620,1
20110621,2
20110622,1
20110629,1
20110701,1
20110705,3
20110707,2
20110708,2
20110709,1
20110710,1
20110712,1
20110713,2
20110714,5
20110715,6
20110716,1
20110718,3
20110719,1
20110720,1
20110725,3
20110726,2
20110727,5
20110728,5
20110801,2
20110805,1
20110811,1
20110812,1
20110816,1
20110822,2
20110823,1
20110824,3
20110825,2
20110827,2
20110828,1
20110830,1
20110831,2
20110901,3
20110902,4
20110903,2
20110904,1
20110905,1
20110906,1
20110907,2
20110908,2
20110910,1
20110913,2
20110914,2
20110920,2
20110922,1
20110927,1
20110928,2
20111003,1
20111010,1
20111013,1
20111014,3
20111016,1
20111017,1
20111018,2
20111019,2
20111024,2
20111025,2
20111026,6
20111027,2
20111028,2
20111031,1
20111102,4
20111107,1
20111109,1
20111111,1
20111114,1
20111115,2
20111116,3
20111117,4
20111122,1
20111123,1
20111124,1
20111129,1
20111130,1
20111201,1
20111202,1
20111205,2
20111209,1
20111211,1
20111212,3
20111214,2
20111215,1
20111220,4
20111222,1
20111228,2
20111229,1
20111230,1
20120103,4
20120105,1
20120109,1
20120116,2
20120117,1
20120118,1
20120119,1
20120120,1
20120121,1
20120123,7
20120124,1
20120125,4
20120126,3
20120130,1
20120201,1
20120203,1
20120207,1
20120208,1
20120209,1
20120214,2
20120215,1
20120216,1
20120217,2
20120224,1
20120301,1
20120306,2
20120312,1
20120319,3
20120321,1
20120322,1
20120323,1
20120327,1
20120329,2
20120330,1
20120331,1
20120402,1
20120405,2
20120407,1
20120409,1
20120411,1
20120415,1
20120418,5
20120419,1
20120420,1
20120422,1
20120423,3
20120424,3
20120425,2
20120426,1
20120427,1
20120430,2
20120501,1
20120503,1
20120506,1
20120507,1
20120509,4
20120513,1
20120519,1
20120523,1
20120524,1
20120529,1
20120605,2
20120606,1
20120607,3
20120614,1
20120617,1
20120618,2
20120619,3
20120621,6
20120626,4
20120627,1
20120628,1
20120629,1
20120704,3
20120705,2
20120706,1
20120709,1
20120720,2
20120723,1
20120724,1
20120725,2
20120726,2
20120801,1
20120803,1
20120810,1
20120815,2
20120817,1
20120819,1
20120821,1
20120822,2
20120828,1
20120830,1
20120904,1
20120905,1
20120911,1
20120917,1
20120921,1
20120924,3
20120928,1
20121003,2
20121004,3
20121005,1
20121007,1
20121010,1
20121015,2
20121016,1
20121019,3
20121023,2
20121024,1
20121025,3
20121029,1
20121031,1
20121102,1
20121105,1
20121107,1
20121122,1
20121126,3
20121127,5
20121129,1
20121205,1
20121206,1
20121207,1
20121209,1
20121212,1
20121218,2
20121219,1
20121221,3
20121226,2
20121227,1
20121231,1
20130102,1
20130103,2
20130106,3
20130108,1
20130111,1
20130113,1
20130115,1
20130118,1
20130123,1
20130124,2
20130125,1
20130128,1
20130129,1
20130130,3
20130201,1
20130203,1
20130211,1
20130212,1
20130214,2
20130217,1
20130219,1
20130220,2
20130221,1
20130225,1
20130227,2
20130228,1
20130304,3
20130305,5
20130306,2
20130307,1
20130312,2
20130314,1
20130315,2
20130320,2
20130321,1
20130322,1
20130325,1
20130328,2
20130329,1
20130402,1
20130403,1
20130404,1
20130408,1
20130410,4
20130411,1
20130412,1
20130414,1
20130415,1
20130421,1
20130424,1
20130425,6
20130426,2
20130505,2
20130506,1
20130509,1
20130510,1
20130515,1
20130516,2
20130518,1
20130520,1
20130521,1
20130527,1
20130529,1
20130602,1
20130603,1
20130611,1
20130614,1
20130619,1
20130625,2
20130701,2
20130703,2
20130704,1
20130712,1
20130721,1
20130725,1
20130728,2
20130801,2
20130802,1
20130806,1
20130808,3
20130811,1
20130815,1
20130816,1
20130819,1
20130820,1
20130821,1
20130822,1
20130905,1
20130913,1
20130919,2
20130920,1
20130922,1
20130925,1
20130929,1
20131007,1
20131008,1
20131014,1
20131025,1
20131030,2
20131031,6
20131101,1
20131108,1
20131111,1
20131112,1
20131113,2
20131114,2
20131120,1
20131203,1
20131204,1
20131205,1
20131206,1
20131209,1
20131210,1
20131211,2
20131215,1
20131216,1
20131218,2
20131219,1
20131230,1
20140108,1
20140109,1
20140115,1
20140129,1
20140130,2
20140131,1
20140203,1
20140204,1
20140215,1
20140220,1
20140221,1
20140304,1
20140306,1
20140307,1
20140309,1
20140310,2
20140314,1
20140319,1
20140320,1
20140324,1
20140327,1
20140331,1
20140410,1
20140420,1
20140422,1
20140429,1
20140430,1
20140501,2
20140504,2
20140518,1
20140522,1
20140529,1
20140602,1
20140610,1
20140624,1
20140708,1
20140710,1
20140714,1
20140716,1
20140717,3
20140721,1
20140728,1
20140730,3
20140731,4
20140803,2
20140805,1
20140813,2
20140819,1
20140821,1
20140822,1
20140824,1
20140825,2
20140826,1
20140829,1
20140907,1
20140909,1
20140912,1
20140915,1
20140926,1
20140927,1
20140929,1
20140930,2
20141008,2
20141009,2
20141021,2
20141027,3
20141029,3
20141030,4
20141031,2
20141104,1
20141105,1
20141106,3
20141110,1
20141113,1
20141114,1
20141124,1
20141127,1
20141204,1
20141208,8
20141209,6
20141210,9
20141211,2
20141212,1
20141215,1
20141217,1
20141218,2
20141224,2
20141229,1
20141230,1
20141231,1
20150113,2
20150115,1
20150116,1
20150120,1
20150121,1
20150122,1
20150125,1
20150126,2
20150127,1
20150128,1
20150129,7
20150130,3
20150202,1
20150205,1
20150206,2
20150213,1
20150214,1
20150217,3
20150219,1
20150220,1
20150223,1
20150302,1
20150303,2
20150304,3
20150306,2
20150313,1
20150317,2
20150318,2
20150324,1
20150402,1
20150408,1
20150419,1
20150422,1
20150430,4
