20050102,1
20050103,17
20050104,17
20050105,13
20050106,11
20050107,17
20050109,1
20050110,15
20050111,19
20050112,20
20050113,20
20050114,26
20050116,3
20050117,27
20050118,27
20050119,20
20050120,21
20050121,20
20050123,2
20050124,21
20050125,22
20050126,34
20050127,23
20050128,41
20050130,2
20050131,25
20050201,20
20050202,27
20050203,23
20050204,27
20050206,2
20050207,21
20050208,27
20050209,26
20050210,25
20050211,23
20050213,4
20050214,17
20050215,25
20050216,23
20050217,23
20050218,17
20050220,3
20050221,7
20050222,32
20050223,25
20050224,22
20050225,22
20050227,2
20050228,21
20050301,26
20050302,26
20050303,22
20050304,22
20050306,1
20050307,22
20050308,23
20050309,24
20050310,30
20050311,23
20050313,3
20050314,26
20050315,25
20050316,33
20050317,25
20050318,25
20050320,2
20050321,24
20050322,20
20050323,19
20050324,20
20050325,13
20050328,16
20050329,21
20050330,26
20050331,30
20050401,20
20050402,1
20050403,3
20050404,20
20050405,24
20050406,25
20050407,19
20050408,19
20050411,24
20050412,15
20050413,23
20050414,20
20050415,23
20050417,3
20050418,24
20050419,24
20050420,24
20050421,22
20050422,24
20050424,1
20050425,29
20050426,25
20050427,27
20050428,18
20050429,20
20050501,1
20050502,16
20050503,16
20050504,19
20050505,23
20050506,19
20050508,1
20050509,18
20050510,17
20050511,22
20050512,22
20050513,19
20050515,2
20050516,23
20050517,18
20050518,17
20050519,23
20050520,14
20050522,2
20050523,19
20050524,20
20050525,20
20050526,18
20050527,24
20050528,1
20050529,2
20050530,6
20050531,27
20050601,23
20050602,17
20050603,26
20050604,1
20050605,2
20050606,29
20050607,25
20050608,18
20050609,22
20050610,23
20050612,1
20050613,13
20050614,23
20050615,22
20050616,23
20050617,16
20050619,1
20050620,26
20050621,20
20050622,16
20050623,27
20050624,25
20050626,1
20050627,21
20050628,16
20050629,26
20050630,27
20050701,24
20050704,1
20050705,23
20050706,25
20050707,13
20050708,13
20050710,2
20050711,16
20050712,20
20050713,21
20050714,15
20050715,19
20050717,2
20050718,18
20050719,22
20050720,12
20050721,12
20050722,12
20050724,2
20050725,15
20050726,24
20050727,27
20050728,23
20050729,22
20050731,4
20050801,22
20050802,15
20050803,20
20050804,20
20050805,17
20050807,2
20050808,16
20050809,24
20050810,21
20050811,12
20050812,24
20050814,1
20050815,19
20050816,20
20050817,19
20050818,15
20050819,26
20050822,12
20050823,15
20050824,23
20050825,25
20050826,13
20050828,1
20050829,16
20050830,11
20050831,14
20050901,17
20050902,9
20050903,2
20050904,4
20050905,4
20050906,19
20050907,12
20050908,16
20050909,21
20050912,22
20050913,14
20050914,16
20050915,19
20050916,14
20050917,6
20050918,1
20050919,21
20050920,18
20050921,35
20050922,12
20050923,22
20050924,8
20050925,2
20050926,25
20050927,26
20050928,23
20050929,20
20050930,11
20051001,10
20051003,15
20051004,17
20051005,22
20051006,19
20051007,19
20051008,6
20051010,19
20051011,24
20051012,20
20051013,19
20051014,16
20051015,11
20051016,3
20051017,29
20051018,21
20051019,19
20051020,16
20051021,14
20051022,8
20051023,1
20051024,25
20051025,13
20051026,22
20051027,30
20051028,19
20051029,4
20051030,1
20051031,28
20051101,21
20051102,15
20051103,18
20051104,20
20051105,4
20051106,1
20051107,15
20051108,19
20051109,16
20051110,16
20051111,18
20051112,6
20051113,2
20051114,29
20051115,15
20051116,19
20051117,23
20051118,17
20051119,8
20051120,1
20051121,22
20051122,18
20051123,14
20051124,4
20051125,20
20051126,4
20051127,2
20051128,19
20051129,19
20051130,16
20051201,19
20051202,19
20051203,10
20051204,2
20051205,16
20051206,29
20051207,17
20051208,19
20051209,17
20051210,6
20051211,2
20051212,25
20051213,25
20051214,19
20051215,20
20051216,24
20051217,8
20051219,17
20051220,23
20051221,16
20051222,16
20051223,16
20051224,5
20051225,1
20051226,1
20051227,15
20051228,13
20051229,20
20051230,14
20051231,8
20060101,1
20060103,17
20060104,15
20060105,24
20060106,11
20060107,12
20060108,2
20060109,16
20060110,19
20060111,22
20060112,9
20060113,18
20060114,12
20060115,1
20060116,11
20060117,24
20060118,24
20060119,9
20060120,20
20060121,12
20060122,4
20060123,12
20060124,17
20060125,25
20060126,25
20060127,22
20060128,15
20060129,5
20060130,22
20060131,23
20060201,23
20060202,17
20060203,14
20060204,7
20060205,2
20060206,24
20060207,28
20060208,21
20060209,20
20060210,16
20060211,10
20060212,1
20060213,25
20060214,18
20060215,20
20060216,30
20060217,21
20060218,7
20060219,2
20060220,4
20060221,19
20060222,19
20060223,22
20060224,19
20060225,6
20060227,20
20060228,20
20060301,21
20060302,22
20060303,17
20060304,11
20060305,4
20060306,17
20060307,22
20060308,17
20060309,22
20060310,16
20060311,10
20060312,1
20060313,20
20060314,25
20060315,17
20060316,21
20060317,13
20060318,13
20060319,1
20060320,22
20060321,13
20060322,22
20060323,18
20060324,23
20060325,4
20060326,1
20060327,16
20060328,17
20060329,25
20060330,29
20060331,20
20060401,8
20060403,23
20060404,25
20060405,18
20060406,16
20060407,12
20060408,11
20060409,1
20060410,23
20060411,19
20060412,25
20060413,23
20060414,11
20060415,7
20060417,20
20060418,24
20060419,31
20060420,15
20060421,18
20060422,9
20060423,3
20060424,18
20060425,20
20060426,23
20060427,17
20060428,24
20060429,16
20060430,1
20060501,16
20060502,22
20060503,21
20060504,22
20060505,19
20060506,8
20060507,2
20060508,14
20060509,13
20060510,19
20060511,18
20060512,16
20060513,3
20060514,3
20060515,21
20060516,25
20060517,21
20060518,19
20060519,19
20060520,19
20060522,16
20060523,21
20060524,19
20060525,20
20060526,28
20060527,9
20060528,1
20060529,5
20060530,26
20060531,21
20060601,21
20060602,21
20060603,16
20060604,1
20060605,19
20060606,20
20060607,18
20060608,14
20060609,28
20060610,4
20060612,21
20060613,16
20060614,16
20060615,22
20060616,17
20060617,4
20060618,1
20060619,20
20060620,20
20060621,21
20060622,17
20060623,20
20060624,11
20060625,4
20060626,22
20060627,21
20060628,24
20060629,15
20060630,19
20060701,5
20060703,15
20060704,7
20060705,19
20060706,15
20060707,16
20060708,15
20060709,2
20060710,17
20060711,15
20060712,17
20060713,30
20060714,14
20060715,10
20060717,17
20060718,14
20060719,15
20060720,17
20060721,14
20060722,12
20060723,3
20060724,26
20060725,27
20060726,18
20060727,24
20060728,22
20060729,10
20060731,21
20060801,13
20060802,14
20060803,12
20060804,18
20060805,8
20060806,1
20060807,15
20060808,21
20060809,18
20060810,18
20060811,14
20060812,6
20060813,1
20060814,16
20060815,18
20060816,9
20060817,12
20060818,18
20060819,6
20060820,2
20060821,12
20060822,21
20060823,24
20060824,16
20060825,9
20060826,7
20060827,2
20060828,13
20060829,17
20060830,22
20060831,14
20060901,13
20060902,14
20060904,7
20060905,20
20060906,26
20060907,24
20060908,19
20060909,7
20060911,23
20060912,29
20060913,28
20060914,18
20060915,20
20060916,18
20060917,5
20060918,19
20060919,17
20060920,30
20060921,21
20060922,17
20060923,5
20060924,1
20060925,20
20060926,21
20060927,13
20060928,13
20060929,20
20060930,13
20061001,1
20061002,25
20061003,17
20061004,18
20061005,21
20061006,19
20061007,7
20061009,29
20061010,21
20061011,24
20061012,18
20061013,17
20061014,15
20061015,1
20061016,24
20061017,24
20061018,21
20061019,16
20061020,13
20061021,9
20061023,27
20061024,21
20061025,24
20061026,17
20061027,21
20061028,11
20061030,23
20061031,14
20061101,24
20061102,26
20061103,15
20061104,10
20061106,20
20061107,19
20061108,24
20061109,20
20061110,21
20061111,7
20061112,2
20061113,14
20061114,21
20061115,25
20061116,15
20061117,16
20061118,8
20061119,1
20061120,26
20061121,25
20061122,17
20061123,10
20061124,20
20061125,10
20061126,1
20061127,15
20061128,21
20061129,23
20061130,16
20061201,14
20061202,7
20061203,1
20061204,17
20061205,18
20061206,23
20061207,17
20061208,24
20061209,6
20061211,18
20061212,17
20061213,24
20061214,17
20061215,12
20061216,14
20061218,22
20061219,16
20061220,22
20061221,18
20061222,17
20061223,12
20061224,2
20061226,9
20061227,14
20061228,16
20061229,21
20061230,14
20061231,3
20070101,1
20070102,38
20070103,18
20070104,19
20070105,20
20070106,7
20070107,3
20070108,10
20070109,20
20070110,26
20070111,17
20070112,19
20070113,13
20070115,4
20070116,23
20070117,20
20070118,19
20070119,13
20070120,13
20070121,1
20070122,19
20070123,32
20070124,27
20070125,29
20070126,23
20070127,5
20070129,17
20070130,22
20070131,22
20070201,20
20070202,22
20070203,9
20070205,16
20070206,16
20070207,19
20070208,18
20070209,26
20070210,8
20070211,2
20070212,18
20070213,20
20070214,17
20070215,21
20070216,19
20070217,8
20070218,2
20070219,2
20070220,19
20070221,19
20070222,15
20070223,16
20070224,7
20070225,2
20070226,19
20070227,15
20070228,24
20070301,25
20070302,23
20070303,15
20070304,4
20070305,15
20070306,19
20070307,29
20070308,18
20070309,13
20070310,6
20070311,2
20070312,20
20070313,18
20070314,22
20070315,22
20070316,14
20070317,13
20070318,1
20070319,23
20070320,16
20070321,24
20070322,21
20070323,21
20070324,4
20070326,17
20070327,24
20070328,26
20070329,16
20070330,20
20070331,12
20070401,2
20070402,28
20070403,26
20070404,25
20070405,20
20070406,11
20070407,8
20070408,2
20070409,20
20070410,9
20070411,21
20070412,21
20070413,13
20070414,12
20070415,2
20070416,21
20070417,20
20070418,19
20070419,23
20070420,19
20070421,11
20070422,2
20070423,20
20070424,27
20070425,23
20070426,17
20070427,21
20070428,22
20070430,21
20070501,16
20070502,22
20070503,19
20070504,15
20070505,13
20070506,1
20070507,30
20070508,22
20070509,20
20070510,19
20070511,22
20070512,11
20070513,2
20070514,22
20070515,25
20070516,29
20070517,20
20070518,24
20070519,7
20070520,1
20070521,21
20070522,23
20070523,21
20070524,20
20070525,24
20070526,9
20070527,2
20070528,5
20070529,21
20070530,23
20070531,25
20070601,27
20070602,15
20070604,18
20070605,19
20070606,22
20070607,10
20070608,24
20070609,11
20070610,3
20070611,16
20070612,23
20070613,31
20070614,17
20070615,17
20070616,12
20070617,1
20070618,30
20070619,21
20070620,21
20070621,18
20070622,25
20070623,7
20070624,1
20070625,19
20070626,22
20070627,21
20070628,17
20070629,26
20070630,9
20070701,2
20070702,26
20070703,30
20070704,4
20070705,23
20070706,23
20070707,7
20070708,6
20070709,22
20070710,24
20070711,16
20070712,30
20070713,23
20070714,8
20070715,2
20070716,21
20070717,25
20070718,28
20070719,26
20070720,23
20070721,8
20070722,6
20070723,28
20070724,19
20070725,21
20070726,26
20070727,23
20070728,5
20070729,4
20070730,38
20070731,26
20070801,22
20070802,26
20070803,24
20070804,6
20070805,2
20070806,27
20070807,22
20070808,31
20070809,24
20070810,24
20070811,11
20070812,3
20070813,15
20070814,16
20070815,18
20070816,19
20070817,12
20070818,10
20070819,3
20070820,22
20070821,18
20070822,11
20070823,21
20070824,20
20070825,8
20070826,3
20070827,20
20070828,18
20070829,21
20070830,21
20070831,25
20070901,8
20070902,2
20070903,5
20070904,19
20070905,21
20070906,21
20070907,26
20070908,5
20070909,4
20070910,20
20070911,30
20070912,17
20070913,25
20070914,18
20070915,9
20070916,3
20070917,28
20070918,20
20070919,22
20070920,24
20070921,20
20070922,10
20070923,2
20070924,24
20070925,14
20070926,17
20070927,26
20070928,22
20070929,11
20070930,3
20071001,31
20071002,24
20071003,19
20071004,16
20071005,23
20071006,11
20071007,1
20071008,25
20071009,15
20071010,25
20071011,17
20071012,22
20071013,5
20071014,2
20071015,15
20071016,17
20071017,19
20071018,18
20071019,25
20071020,5
20071021,3
20071022,17
20071023,27
20071024,16
20071025,27
20071026,29
20071027,7
20071029,15
20071030,17
20071031,22
20071101,13
20071102,19
20071103,9
20071105,25
20071106,24
20071107,27
20071108,16
20071109,29
20071110,5
20071111,3
20071112,17
20071113,20
20071114,23
20071115,26
20071116,21
20071117,11
20071118,2
20071119,29
20071120,12
20071121,18
20071122,1
20071123,20
20071124,7
20071125,1
20071126,17
20071127,20
20071128,25
20071129,23
20071130,15
20071201,13
20071203,21
20071204,17
20071205,20
20071206,13
20071207,24
20071208,9
20071209,3
20071210,29
20071211,25
20071212,19
20071213,19
20071214,18
20071215,6
20071216,2
20071217,23
20071218,15
20071219,19
20071220,19
20071221,25
20071222,6
20071223,1
20071224,17
20071226,15
20071227,15
20071228,25
20071229,9
20071230,3
20071231,17
20080102,31
20080103,23
20080104,29
20080105,10
20080106,3
20080107,23
20080108,13
20080109,12
20080110,24
20080111,21
20080112,8
20080113,5
20080114,30
20080115,29
20080116,20
20080117,34
20080118,29
20080119,14
20080120,2
20080121,7
20080122,60
20080123,19
20080124,20
20080125,24
20080126,12
20080128,34
20080129,20
20080130,21
20080131,18
20080201,30
20080202,6
20080203,3
20080204,19
20080205,38
20080206,27
20080207,18
20080208,15
20080209,7
20080210,1
20080211,18
20080212,32
20080213,23
20080214,22
20080215,25
20080216,6
20080217,2
20080218,5
20080219,19
20080220,19
20080221,19
20080222,25
20080223,11
20080224,1
20080225,28
20080226,26
20080227,27
20080228,26
20080229,25
20080301,6
20080303,24
20080304,13
20080305,26
20080306,27
20080307,22
20080308,10
20080309,4
20080310,34
20080311,24
20080312,21
20080313,24
20080314,19
20080315,6
20080316,1
20080317,22
20080318,29
20080319,27
20080320,14
20080321,22
20080322,8
20080323,5
20080324,21
20080325,25
20080326,28
20080327,27
20080328,28
20080329,8
20080331,27
20080401,25
20080402,32
20080403,26
20080404,26
20080405,9
20080406,1
20080407,30
20080408,20
20080409,29
20080410,25
20080411,26
20080412,10
20080413,4
20080414,33
20080415,34
20080416,27
20080417,30
20080418,43
20080419,6
20080421,26
20080422,23
20080423,22
20080424,18
20080425,18
20080426,6
20080427,1
20080428,25
20080429,24
20080430,27
20080501,24
20080502,21
20080503,8
20080504,2
20080505,24
20080506,17
20080507,13
20080508,21
20080509,17
20080510,11
20080511,2
20080512,27
20080513,21
20080514,15
20080515,30
20080516,23
20080517,7
20080518,1
20080519,29
20080520,22
20080521,21
20080522,23
20080523,27
20080524,5
20080526,6
20080527,19
20080528,24
20080529,23
20080530,20
20080531,8
20080602,17
20080603,18
20080604,26
20080605,16
20080606,17
20080607,6
20080608,1
20080609,21
20080610,18
20080611,22
20080612,31
20080613,26
20080614,8
20080616,25
20080617,21
20080618,22
20080619,16
20080620,27
20080621,7
20080622,2
20080623,17
20080624,24
20080625,23
20080626,28
20080627,27
20080628,8
20080630,17
20080701,22
20080702,21
20080703,24
20080704,1
20080705,4
20080706,1
20080707,28
20080708,17
20080709,20
20080710,22
20080711,18
20080712,5
20080714,26
20080715,16
20080716,16
20080717,28
20080718,17
20080719,8
20080720,3
20080721,14
20080722,18
20080723,16
20080724,13
20080725,22
20080726,6
20080727,1
20080728,14
20080729,16
20080730,19
20080731,18
20080801,17
20080802,9
20080803,1
20080804,15
20080805,24
20080806,27
20080807,14
20080808,20
20080809,8
20080810,2
20080811,21
20080812,20
20080813,20
20080814,26
20080815,19
20080816,11
20080817,1
20080818,20
20080819,19
20080820,17
20080821,13
20080822,12
20080823,5
20080824,1
20080825,11
20080826,24
20080827,20
20080828,19
20080829,24
20080830,9
20080831,2
20080901,6
20080902,20
20080903,16
20080904,16
20080905,16
20080906,7
20080908,23
20080909,18
20080910,25
20080911,22
20080912,23
20080913,9
20080914,5
20080915,19
20080916,24
20080917,25
20080918,22
20080919,19
20080920,8
20080921,1
20080922,23
20080923,21
20080924,21
20080925,18
20080926,28
20080927,7
20080929,22
20080930,29
20081001,43
20081002,35
20081003,26
20081004,4
20081005,3
20081006,16
20081007,26
20081008,23
20081009,18
20081010,20
20081011,19
20081012,1
20081013,17
20081014,25
20081015,26
20081016,20
20081017,17
20081018,10
20081019,1
20081020,22
20081021,21
20081022,30
20081023,24
20081024,20
20081025,11
20081026,1
20081027,9
20081028,26
20081029,33
20081030,28
20081031,22
20081101,12
20081102,2
20081103,14
20081104,13
20081105,25
20081106,23
20081107,28
20081108,13
20081110,24
20081111,15
20081112,17
20081113,23
20081114,14
20081115,10
20081117,21
20081118,14
20081119,20
20081120,24
20081121,25
20081122,7
20081123,1
20081124,17
20081125,15
20081126,15
20081127,8
20081128,19
20081129,7
20081130,1
20081201,17
20081202,18
20081203,25
20081204,20
20081205,22
20081206,6
20081207,1
20081208,22
20081209,21
20081210,22
20081211,19
20081212,19
20081213,9
20081214,3
20081215,24
20081216,11
20081217,35
20081218,23
20081219,21
20081220,10
20081221,2
20081222,13
20081223,22
20081224,18
20081225,3
20081226,10
20081227,7
20081229,17
20081230,20
20081231,21
20090102,19
20090103,5
20090104,2
20090105,19
20090106,21
20090107,23
20090108,33
20090109,33
20090110,8
20090111,1
20090112,20
20090113,28
20090114,36
20090115,23
20090116,20
20090117,10
20090118,2
20090119,4
20090120,23
20090121,16
20090122,23
20090123,23
20090124,7
20090125,4
20090126,15
20090127,30
20090128,26
20090129,22
20090130,26
20090131,7
20090201,1
20090202,24
20090203,21
20090204,31
20090205,30
20090206,33
20090207,11
20090208,3
20090209,21
20090210,24
20090211,23
20090212,26
20090213,33
20090214,9
20090215,4
20090216,6
20090217,32
20090218,27
20090219,29
20090220,27
20090221,6
20090222,2
20090223,27
20090224,20
20090225,29
20090226,23
20090227,35
20090228,11
20090301,1
20090302,27
20090303,23
20090304,22
20090305,25
20090306,31
20090307,7
20090308,3
20090309,31
20090310,22
20090311,17
20090312,21
20090313,19
20090314,8
20090315,3
20090316,15
20090317,16
20090318,31
20090319,27
20090320,20
20090321,9
20090322,2
20090323,23
20090324,18
20090325,15
20090326,29
20090327,23
20090328,4
20090329,1
20090330,25
20090331,19
20090401,33
20090402,27
20090403,34
20090404,5
20090405,3
20090406,25
20090407,31
20090408,33
20090409,21
20090410,12
20090411,4
20090412,2
20090413,17
20090414,28
20090415,22
20090416,20
20090417,21
20090418,4
20090419,1
20090420,23
20090421,25
20090422,22
20090423,27
20090424,24
20090425,11
20090426,2
20090427,14
20090428,17
20090429,22
20090430,21
20090501,19
20090502,9
20090503,4
20090504,22
20090505,24
20090506,32
20090507,26
20090508,28
20090509,7
20090510,1
20090511,30
20090512,28
20090513,24
20090514,31
20090515,24
20090516,7
20090518,19
20090519,18
20090520,24
20090521,21
20090522,14
20090523,8
20090524,2
20090525,5
20090526,20
20090527,19
20090528,20
20090529,22
20090530,11
20090531,2
20090601,15
20090602,17
20090603,28
20090604,21
20090605,13
20090606,9
20090607,1
20090608,9
20090609,22
20090610,25
20090611,23
20090612,16
20090613,7
20090615,20
20090616,13
20090617,23
20090618,18
20090619,24
20090620,9
20090622,17
20090623,13
20090624,20
20090625,14
20090626,12
20090627,5
20090628,1
20090629,11
20090630,20
20090701,25
20090702,26
20090703,12
20090704,2
20090705,2
20090706,24
20090707,20
20090708,9
20090709,17
20090710,19
20090711,4
20090712,4
20090713,16
20090714,18
20090715,27
20090716,26
20090717,28
20090718,8
20090719,2
20090720,21
20090721,20
20090722,11
20090723,19
20090724,20
20090725,4
20090726,2
20090727,21
20090728,27
20090729,15
20090730,16
20090731,21
20090801,5
20090802,3
20090803,18
20090804,14
20090805,18
20090806,20
20090807,19
20090808,5
20090809,3
20090810,13
20090811,16
20090812,19
20090813,14
20090814,13
20090815,7
20090816,2
20090817,23
20090818,17
20090819,14
20090820,12
20090821,11
20090822,9
20090823,2
20090824,15
20090825,11
20090826,12
20090827,19
20090828,18
20090829,4
20090830,2
20090831,21
20090901,17
20090902,20
20090903,20
20090904,16
20090905,3
20090907,8
20090908,16
20090909,24
20090910,13
20090911,27
20090912,8
20090913,3
20090914,14
20090915,13
20090916,20
20090917,25
20090918,16
20090919,5
20090921,15
20090922,15
20090923,12
20090924,17
20090925,26
20090926,4
20090927,3
20090928,17
20090929,22
20090930,23
20091001,22
20091002,13
20091003,3
20091004,1
20091005,18
20091006,19
20091007,12
20091008,26
20091009,15
20091010,6
20091011,4
20091012,12
20091013,24
20091014,26
20091015,24
20091016,19
20091017,5
20091018,4
20091019,24
20091020,18
20091021,32
20091022,29
20091023,27
20091024,7
20091025,3
20091026,30
20091027,20
20091028,22
20091029,21
20091030,33
20091031,7
20091101,4
20091102,13
20091103,26
20091104,27
20091105,23
20091106,21
20091107,5
20091108,2
20091109,15
20091110,13
20091111,29
20091112,13
20091113,11
20091114,4
20091115,1
20091116,24
20091117,27
20091118,19
20091119,32
20091120,19
20091121,3
20091122,7
20091123,19
20091124,20
20091125,22
20091126,23
20091127,32
20091128,3
20091129,6
20091130,28
20091201,20
20091202,27
20091203,28
20091204,18
20091205,9
20091206,7
20091207,14
20091208,24
20091209,20
20091210,27
20091211,14
20091212,4
20091213,7
20091214,29
20091215,30
20091216,28
20091217,17
20091218,14
20091219,9
20091220,2
20091221,17
20091222,16
20091223,20
20091224,23
20091225,2
20091226,6
20091227,1
20091228,17
20091229,16
20091230,11
20091231,16
20100101,2
20100102,5
20100103,8
20100104,21
20100105,18
20100106,20
20100107,13
20100108,13
20100109,2
20100110,2
20100111,18
20100112,25
20100113,29
20100114,28
20100115,17
20100116,4
20100117,2
20100118,15
20100119,29
20100120,19
20100121,33
20100122,23
20100123,10
20100124,7
20100125,44
20100126,27
20100127,35
20100128,24
20100129,20
20100130,7
20100131,7
20100201,29
20100202,28
20100203,25
20100204,32
20100205,25
20100206,6
20100207,5
20100208,27
20100209,14
20100210,20
20100211,19
20100212,18
20100213,5
20100214,2
20100215,12
20100216,22
20100217,29
20100218,20
20100219,24
20100220,6
20100221,4
20100222,27
20100223,33
20100224,30
20100225,22
20100226,27
20100227,14
20100228,6
20100301,27
20100302,26
20100303,21
20100304,30
20100305,20
20100306,7
20100307,5
20100308,19
20100309,21
20100310,24
20100311,31
20100312,15
20100313,7
20100314,5
20100315,31
20100316,23
20100317,18
20100318,26
20100319,19
20100320,9
20100321,4
20100322,21
20100323,19
20100324,27
20100325,23
20100326,13
20100327,10
20100328,7
20100329,16
20100330,21
20100331,23
20100401,29
20100402,11
20100403,7
20100404,3
20100405,16
20100406,16
20100407,13
20100408,17
20100409,14
20100410,9
20100411,7
20100412,29
20100413,17
20100414,21
20100415,21
20100416,14
20100417,11
20100418,2
20100419,19
20100420,14
20100421,26
20100422,18
20100423,27
20100424,13
20100425,6
20100426,20
20100427,22
20100428,22
20100429,29
20100430,17
20100501,15
20100502,7
20100503,18
20100504,22
20100505,31
20100506,22
20100507,14
20100508,9
20100509,6
20100510,19
20100511,13
20100512,20
20100513,23
20100514,17
20100515,9
20100516,9
20100517,35
20100518,17
20100519,16
20100520,10
20100521,14
20100522,11
20100523,3
20100524,20
20100525,21
20100526,16
20100527,17
20100528,17
20100529,5
20100530,2
20100531,4
20100601,17
20100602,18
20100603,16
20100604,9
20100605,6
20100606,5
20100607,16
20100608,23
20100609,27
20100610,33
20100611,24
20100612,6
20100613,4
20100614,27
20100615,18
20100616,29
20100617,19
20100618,36
20100619,7
20100620,6
20100621,38
20100622,23
20100623,35
20100624,35
20100625,31
20100626,14
20100627,3
20100628,28
20100629,28
20100630,25
20100701,29
20100702,24
20100703,8
20100704,3
20100705,17
20100706,27
20100707,18
20100708,28
20100709,16
20100710,9
20100711,5
20100712,30
20100713,33
20100714,28
20100715,26
20100716,22
20100717,9
20100718,6
20100719,19
20100720,18
20100721,24
20100722,22
20100723,21
20100724,8
20100725,6
20100726,28
20100727,22
20100728,30
20100729,30
20100730,32
20100731,14
20100801,10
20100802,38
20100803,25
20100804,31
20100805,28
20100806,32
20100807,15
20100808,6
20100809,35
20100810,24
20100811,27
20100812,27
20100813,25
20100814,9
20100815,4
20100816,23
20100817,28
20100818,20
20100819,23
20100820,29
20100821,11
20100822,6
20100823,27
20100824,22
20100825,15
20100826,34
20100827,30
20100828,9
20100829,5
20100830,22
20100831,17
20100901,23
20100902,24
20100903,14
20100904,9
20100905,3
20100906,11
20100907,27
20100908,33
20100909,36
20100910,30
20100911,14
20100912,5
20100913,33
20100914,32
20100915,35
20100916,28
20100917,25
20100918,11
20100919,4
20100920,30
20100921,23
20100922,34
20100923,24
20100924,30
20100925,14
20100926,5
20100927,21
20100928,28
20100929,22
20100930,40
20101001,31
20101002,14
20101003,11
20101004,28
20101005,31
20101006,26
20101007,22
20101008,26
20101009,10
20101010,6
20101011,26
20101012,21
20101013,37
20101014,36
20101015,20
20101016,8
20101017,6
20101018,31
20101019,31
20101020,22
20101021,24
20101022,25
20101023,10
20101024,7
20101025,25
20101026,26
20101027,31
20101028,37
20101029,30
20101030,10
20101031,9
20101101,36
20101102,26
20101103,32
20101104,36
20101105,25
20101106,17
20101107,6
20101108,24
20101109,25
20101110,25
20101111,30
20101112,20
20101113,11
20101114,6
20101115,31
20101116,35
20101117,33
20101118,24
20101119,30
20101120,7
20101121,5
20101122,40
20101123,22
20101124,26
20101125,19
20101126,24
20101127,10
20101128,5
20101129,22
20101130,28
20101201,45
20101202,33
20101203,26
20101204,7
20101205,5
20101206,23
20101207,28
20101208,31
20101209,35
20101210,30
20101211,8
20101212,4
20101213,19
20101214,30
20101215,32
20101216,34
20101217,24
20101218,16
20101219,6
20101220,26
20101221,25
20101222,22
20101223,25
20101224,11
20101226,2
20101227,18
20101228,12
20101229,25
20101230,19
20101231,12
20110101,1
20110102,4
20110103,37
20110104,25
20110105,21
20110106,32
20110107,30
20110108,10
20110109,5
20110110,34
20110111,25
20110112,31
20110113,25
20110114,18
20110115,11
20110116,3
20110117,8
20110118,37
20110119,40
20110120,44
20110121,34
20110122,12
20110123,6
20110124,29
20110125,35
20110126,37
20110127,42
20110128,27
20110129,7
20110130,5
20110131,31
20110201,28
20110202,28
20110203,25
20110204,24
20110205,12
20110206,6
20110207,46
20110208,44
20110209,27
20110210,39
20110211,36
20110212,11
20110213,4
20110214,36
20110215,42
20110216,29
20110217,38
20110218,25
20110219,9
20110220,4
20110221,9
20110222,16
20110223,34
20110224,35
20110225,32
20110226,7
20110227,3
20110228,33
20110301,34
20110302,21
20110303,38
20110304,24
20110305,11
20110306,5
20110307,29
20110308,22
20110309,22
20110310,24
20110311,27
20110312,11
20110313,2
20110314,42
20110315,26
20110316,33
20110317,31
20110318,25
20110319,9
20110320,2
20110321,30
20110322,31
20110323,43
20110324,26
20110325,33
20110326,11
20110327,5
20110328,34
20110329,34
20110330,30
20110331,33
20110401,33
20110402,12
20110403,6
20110404,24
20110405,47
20110406,23
20110407,31
20110408,42
20110409,9
20110410,6
20110411,36
20110412,27
20110413,35
20110414,25
20110415,17
20110416,11
20110417,3
20110418,33
20110419,39
20110420,35
20110421,35
20110422,15
20110423,9
20110424,2
20110425,29
20110426,24
20110427,35
20110428,33
20110429,27
20110430,13
20110501,8
20110502,27
20110503,28
20110504,32
20110505,36
20110506,28
20110507,9
20110508,1
20110509,31
20110510,25
20110511,26
20110512,40
20110513,27
20110514,12
20110515,3
20110516,38
20110517,38
20110518,42
20110519,25
20110520,32
20110521,16
20110522,2
20110523,30
20110524,29
20110525,35
20110526,42
20110527,36
20110528,5
20110529,3
20110530,7
20110531,32
20110601,38
20110602,40
20110603,33
20110604,13
20110605,8
20110606,34
20110607,45
20110608,26
20110609,26
20110610,36
20110611,14
20110612,1
20110613,36
20110614,36
20110615,45
20110616,39
20110617,45
20110618,11
20110619,3
20110620,27
20110621,33
20110622,36
20110623,32
20110624,37
20110625,11
20110626,3
20110627,40
20110628,40
20110629,36
20110630,37
20110701,43
20110702,9
20110703,5
20110704,8
20110705,43
20110706,39
20110707,37
20110708,31
20110709,9
20110710,1
20110711,44
20110712,39
20110713,29
20110714,27
20110715,28
20110716,10
20110717,4
20110718,29
20110719,37
20110720,25
20110721,47
20110722,33
20110723,10
20110724,4
20110725,30
20110726,27
20110727,38
20110728,32
20110729,42
20110730,13
20110731,1
20110801,40
20110802,40
20110803,35
20110804,53
20110805,50
20110806,20
20110807,8
20110808,51
20110809,41
20110810,40
20110811,39
20110812,34
20110813,6
20110814,5
20110815,34
20110816,31
20110817,38
20110818,45
20110819,40
20110820,16
20110822,26
20110823,33
20110824,31
20110825,35
20110826,16
20110827,15
20110828,3
20110829,27
20110830,24
20110831,36
20110901,34
20110902,41
20110903,13
20110904,2
20110905,9
20110906,43
20110907,48
20110908,39
20110909,37
20110910,9
20110911,3
20110912,35
20110913,35
20110914,22
20110915,33
20110916,25
20110917,13
20110918,4
20110919,36
20110920,27
20110921,43
20110922,40
20110923,28
20110924,7
20110925,2
20110926,39
20110927,25
20110928,28
20110929,24
20110930,32
20111001,10
20111002,1
20111003,38
20111004,34
20111005,34
20111006,44
20111007,39
20111008,11
20111009,6
20111010,38
20111011,39
20111012,43
20111013,35
20111014,37
20111015,13
20111016,8
20111017,52
20111018,36
20111019,37
20111020,36
20111021,41
20111022,7
20111023,1
20111024,37
20111025,22
20111026,42
20111027,40
20111028,49
20111029,8
20111030,8
20111031,31
20111101,36
20111102,27
20111103,36
20111104,32
20111105,11
20111106,5
20111107,27
20111108,36
20111109,34
20111110,39
20111111,35
20111112,8
20111113,1
20111114,34
20111115,36
20111116,32
20111117,34
20111118,29
20111119,6
20111120,2
20111121,39
20111122,37
20111123,43
20111124,15
20111125,19
20111126,6
20111127,1
20111128,27
20111129,32
20111130,41
20111201,26
20111202,29
20111203,8
20111204,3
20111205,26
20111206,30
20111207,43
20111208,32
20111209,36
20111210,7
20111211,2
20111212,41
20111213,31
20111214,40
20111215,30
20111216,35
20111217,5
20111218,3
20111219,29
20111220,19
20111221,26
20111222,24
20111223,15
20111224,9
20111226,1
20111227,25
20111228,27
20111229,39
20111230,18
20111231,4
20120102,2
20120103,48
20120104,38
20120105,35
20120106,26
20120107,12
20120108,6
20120109,40
20120110,37
20120111,24
20120112,47
20120113,43
20120114,12
20120115,3
20120116,10
20120117,45
20120118,44
20120119,39
20120120,35
20120121,11
20120122,6
20120123,21
20120124,31
20120125,37
20120126,32
20120127,47
20120128,8
20120129,2
20120130,37
20120131,35
20120201,43
20120202,49
20120203,39
20120204,16
20120205,3
20120206,42
20120207,37
20120208,40
20120209,34
20120210,31
20120211,13
20120212,1
20120213,48
20120214,33
20120215,36
20120216,37
20120217,36
20120218,8
20120219,2
20120220,8
20120221,47
20120222,43
20120223,39
20120224,32
20120225,6
20120226,5
20120227,52
20120228,43
20120229,52
20120301,24
20120302,24
20120303,7
20120304,6
20120305,35
20120306,35
20120307,35
20120308,48
20120309,35
20120310,8
20120311,7
20120312,37
20120313,33
20120314,40
20120315,30
20120316,35
20120317,5
20120318,4
20120319,45
20120320,35
20120321,52
20120322,52
20120323,39
20120324,1
20120325,12
20120326,38
20120327,46
20120328,37
20120329,48
20120330,38
20120331,7
20120401,10
20120402,53
20120403,46
20120404,34
20120405,30
20120406,22
20120407,5
20120408,10
20120409,30
20120410,47
20120411,45
20120412,35
20120413,37
20120414,3
20120415,10
20120416,35
20120417,36
20120418,51
20120419,43
20120420,43
20120421,3
20120422,10
20120423,44
20120424,37
20120425,36
20120426,42
20120427,46
20120428,2
20120429,11
20120430,38
20120501,43
20120502,32
20120503,48
20120504,43
20120505,2
20120506,13
20120507,41
20120508,41
20120509,36
20120510,54
20120511,49
20120512,1
20120513,14
20120514,52
20120515,56
20120516,36
20120517,37
20120518,46
20120520,12
20120521,47
20120522,34
20120523,40
20120524,43
20120525,29
20120526,1
20120527,4
20120528,12
20120529,41
20120530,40
20120531,42
20120601,33
20120603,6
20120604,21
20120605,27
20120606,40
20120607,31
20120608,40
20120609,2
20120610,10
20120611,25
20120612,32
20120613,40
20120614,32
20120615,48
20120616,1
20120617,13
20120618,37
20120619,28
20120620,35
20120621,38
20120622,11
20120623,1
20120624,6
20120625,41
20120626,37
20120627,28
20120628,33
20120629,41
20120630,3
20120701,16
20120702,31
20120703,29
20120704,9
20120705,23
20120706,14
20120708,15
20120709,47
20120710,49
20120711,41
20120712,49
20120713,38
20120714,2
20120715,5
20120716,38
20120717,40
20120718,38
20120719,41
20120720,34
20120721,4
20120722,10
20120723,28
20120724,27
20120725,44
20120726,41
20120727,37
20120728,5
20120729,11
20120730,42
20120731,50
20120801,48
20120802,35
20120803,40
20120804,3
20120805,7
20120806,27
20120807,26
20120808,27
20120809,38
20120810,33
20120811,1
20120812,8
20120813,33
20120814,23
20120815,28
20120816,31
20120817,28
20120819,5
20120820,33
20120821,37
20120822,19
20120823,38
20120824,27
20120825,2
20120826,6
20120827,31
20120828,34
20120829,39
20120830,30
20120831,34
20120901,4
20120902,6
20120903,11
20120904,28
20120905,38
20120906,32
20120907,33
20120908,3
20120909,10
20120910,30
20120911,38
20120912,34
20120913,26
20120914,34
20120915,4
20120916,10
20120917,43
20120918,38
20120919,27
20120920,47
20120921,24
20120922,2
20120923,4
20120924,32
20120925,38
20120926,29
20120927,36
20120928,48
20120929,3
20120930,16
20121001,35
20121002,43
20121003,51
20121004,48
20121005,49
20121006,1
20121007,14
20121008,39
20121009,52
20121010,48
20121011,52
20121012,46
20121013,1
20121014,7
20121015,44
20121016,53
20121017,40
20121018,47
20121019,37
20121020,2
20121021,10
20121022,95
20121023,54
20121024,48
20121025,59
20121026,48
20121027,1
20121028,10
20121029,42
20121030,31
20121031,22
20121101,41
20121102,35
20121103,2
20121104,8
20121105,36
20121106,37
20121107,40
20121108,41
20121109,29
20121110,2
20121111,12
20121112,49
20121113,44
20121114,46
20121115,43
20121116,32
20121118,9
20121119,41
20121120,42
20121121,46
20121122,18
20121123,23
20121125,10
20121126,36
20121127,45
20121128,46
20121129,38
20121130,30
20121201,1
20121202,9
20121203,26
20121204,44
20121205,47
20121206,48
20121207,41
20121208,5
20121209,13
20121210,29
20121211,54
20121212,54
20121213,47
20121214,39
20121215,1
20121216,15
20121217,41
20121218,38
20121219,38
20121220,43
20121221,34
20121223,7
20121224,12
20121225,5
20121226,20
20121227,29
20121228,23
20121229,3
20121230,14
20121231,18
20130101,24
20130102,36
20130103,42
20130104,33
20130105,1
20130106,16
20130107,37
20130108,51
20130109,46
20130110,33
20130111,53
20130112,2
20130113,12
20130114,45
20130115,39
20130116,36
20130117,41
20130118,44
20130119,2
20130120,5
20130121,21
20130122,39
20130123,54
20130124,42
20130125,48
20130126,3
20130127,12
20130128,47
20130129,52
20130130,45
20130131,44
20130201,44
20130203,15
20130204,39
20130205,61
20130206,44
20130207,55
20130208,47
20130209,1
20130210,16
20130211,33
20130212,54
20130213,48
20130214,47
20130215,32
20130217,3
20130218,12
20130219,33
20130220,54
20130221,41
20130222,41
20130223,1
20130224,17
20130225,45
20130226,45
20130227,46
20130228,47
20130301,38
20130303,12
20130304,32
20130305,53
20130306,44
20130307,57
20130308,40
20130309,1
20130310,12
20130311,48
20130312,45
20130313,40
20130314,41
20130315,35
20130316,4
20130317,9
20130318,36
20130319,41
20130320,43
20130321,48
20130322,44
20130323,5
20130324,10
20130325,36
20130326,44
20130327,43
20130328,37
20130329,29
20130330,1
20130331,15
20130401,22
20130402,47
20130403,47
20130404,44
20130405,21
20130406,1
20130407,11
20130408,43
20130409,47
20130410,60
20130411,65
20130412,48
20130414,11
20130415,37
20130416,52
20130417,40
20130418,57
20130419,42
20130420,1
20130421,10
20130422,38
20130423,62
20130424,50
20130425,41
20130426,44
20130428,10
20130429,51
20130430,47
20130501,44
20130502,49
20130503,48
20130504,4
20130505,14
20130506,50
20130507,57
20130508,42
20130509,39
20130510,44
20130511,2
20130512,15
20130513,47
20130514,65
20130515,56
20130516,66
20130517,44
20130518,4
20130519,11
20130520,50
20130521,60
20130522,43
20130523,64
20130524,50
20130526,3
20130527,13
20130528,49
20130529,55
20130530,48
20130531,36
20130601,3
20130602,10
20130603,38
20130604,49
20130605,41
20130606,47
20130607,48
20130608,3
20130609,10
20130610,45
20130611,45
20130612,38
20130613,42
20130614,45
20130616,13
20130617,57
20130618,14
20130619,95
20130620,87
20130621,78
20130622,7
20130623,27
20130624,76
20130625,92
20130626,81
20130627,86
20130628,67
20130629,5
20130630,25
20130701,62
20130702,89
20130703,51
20130704,32
20130705,46
20130706,6
20130707,29
20130708,67
20130709,106
20130710,75
20130711,99
20130712,72
20130713,2
20130714,16
20130715,79
20130716,96
20130717,88
20130718,109
20130719,102
20130720,6
20130721,41
20130722,88
20130723,80
20130724,86
20130725,113
20130726,69
20130727,5
20130728,25
20130729,86
20130730,90
20130731,100
20130801,74
20130802,66
20130803,4
20130804,29
20130805,69
20130806,71
20130807,84
20130808,85
20130809,63
20130810,3
20130811,28
20130812,76
20130813,103
20130814,72
20130815,71
20130816,70
20130817,4
20130818,22
20130819,80
20130820,93
20130821,60
20130822,78
20130823,61
20130824,6
20130825,20
20130826,72
20130827,75
20130828,77
20130829,67
20130830,74
20130831,4
20130901,6
20130902,52
20130903,78
20130904,88
20130905,79
20130906,66
20130907,4
20130908,31
20130909,79
20130910,93
20130911,73
20130912,101
20130913,68
20130914,4
20130915,26
20130916,92
20130917,83
20130918,103
20130919,86
20130920,74
20130921,3
20130922,18
20130923,82
20130924,77
20130925,76
20130926,90
20130927,83
20130928,2
20130929,22
20130930,113
20131001,99
20131002,80
20131003,69
20131004,65
20131005,6
20131006,30
20131007,68
20131008,89
20131009,88
20131010,93
20131011,58
20131012,3
20131013,19
20131014,64
20131015,96
20131016,82
20131017,90
20131018,64
20131019,4
20131020,25
20131021,74
20131022,97
20131023,86
20131024,97
20131025,86
20131026,6
20131027,19
20131028,69
20131029,91
20131030,95
20131031,90
20131101,86
20131102,1
20131103,33
20131104,81
20131105,104
20131106,107
20131107,101
20131108,61
20131109,4
20131110,28
20131111,64
20131112,92
20131113,99
20131114,104
20131115,60
20131116,12
20131117,31
20131118,81
20131119,115
20131120,94
20131121,86
20131122,64
20131123,5
20131124,25
20131125,77
20131126,80
20131127,101
20131128,46
20131129,46
20131130,4
20131201,20
20131202,83
20131203,101
20131204,102
20131205,125
20131206,82
20131207,3
20131208,22
20131209,88
20131210,112
20131211,95
20131212,107
20131213,82
20131215,28
20131216,109
20131217,113
20131218,106
20131219,112
20131220,83
20131221,6
20131222,20
20131223,69
20131224,40
20131225,18
20131226,55
20131227,42
20131228,3
20131229,22
20131230,69
20131231,34
20140101,29
20140102,66
20140103,62
20140104,3
20140105,23
20140106,84
20140107,101
20140108,104
20140109,105
20140110,105
20140111,8
20140112,32
20140113,129
20140114,103
20140115,115
20140116,113
20140117,86
20140118,5
20140119,8
20140120,61
20140121,110
20140122,106
20140123,111
20140124,93
20140125,5
20140126,31
20140127,88
20140128,109
20140129,107
20140130,114
20140131,85
20140201,3
20140202,20
20140203,108
20140204,123
20140205,95
20140206,104
20140207,90
20140208,2
20140209,25
20140210,111
20140211,110
20140212,111
20140213,108
20140214,77
20140215,8
20140216,16
20140217,49
20140218,94
20140219,102
20140220,120
20140221,80
20140222,2
20140223,19
20140224,80
20140225,107
20140226,121
20140227,109
20140228,86
20140301,5
20140302,19
20140303,91
20140304,120
20140305,114
20140306,85
20140307,92
20140308,11
20140309,21
20140310,100
20140311,101
20140312,112
20140313,109
20140314,99
20140315,6
20140316,27
20140317,99
20140318,108
20140319,95
20140320,102
20140321,87
20140322,3
20140323,18
20140324,101
20140325,114
20140326,139
20140327,101
20140328,92
20140329,8
20140330,26
20140331,113
20140401,105
20140402,117
20140403,102
20140404,100
20140405,3
20140406,29
20140407,88
20140408,88
20140409,86
20140410,91
20140411,71
20140412,5
20140413,20
20140414,102
20140415,87
20140416,110
20140417,95
20140418,55
20140419,9
20140420,29
20140421,79
20140422,110
20140423,108
20140424,124
20140425,92
20140426,5
20140427,27
20140428,127
20140429,129
20140430,144
20140501,97
20140502,97
20140503,6
20140504,39
20140505,84
20140506,89
20140507,121
20140508,112
20140509,90
20140510,2
20140511,22
20140512,88
20140513,112
20140514,104
20140515,78
20140516,91
20140517,3
20140518,25
20140519,97
20140520,105
20140521,100
20140522,96
20140523,78
20140524,6
20140525,4
20140526,34
20140527,84
20140528,94
20140529,101
20140530,78
20140531,4
20140601,24
20140602,106
20140603,106
20140604,102
20140605,103
20140606,70
20140607,5
20140608,19
20140609,100
20140610,110
20140611,107
20140612,96
20140613,88
20140614,6
20140615,26
20140616,100
20140617,110
20140618,90
20140619,89
20140620,92
20140621,5
20140622,23
20140623,103
20140624,110
20140625,114
20140626,107
20140627,103
20140628,7
20140629,22
20140630,121
20140701,123
20140702,116
20140703,88
20140704,30
20140705,3
20140706,24
20140707,96
20140708,110
20140709,95
20140710,108
20140711,80
20140712,7
20140713,40
20140714,124
20140715,123
20140716,149
20140717,113
20140718,60
20140719,5
20140720,23
20140721,96
20140722,109
20140723,109
20140724,110
20140725,79
20140726,7
20140727,27
20140728,90
20140729,117
20140730,122
20140731,115
20140801,81
20140802,3
20140803,31
20140804,86
20140805,103
20140806,98
20140807,92
20140808,88
20140809,4
20140810,27
20140811,80
20140812,91
20140813,133
20140814,85
20140815,83
20140816,6
20140817,17
20140818,66
20140819,74
20140820,86
20140821,81
20140822,80
20140823,4
20140824,24
20140825,93
20140826,112
20140827,98
20140828,99
20140829,93
20140830,7
20140831,6
20140901,45
20140902,113
20140903,124
20140904,123
20140905,73
20140906,4
20140907,32
20140908,108
20140909,80
20140910,84
20140911,105
20140912,76
20140913,9
20140914,27
20140915,102
20140916,120
20140917,97
20140918,104
20140919,110
20140920,3
20140921,27
20140922,99
20140923,111
20140924,103
20140925,93
20140926,81
20140927,7
20140928,27
20140929,100
20140930,109
20141001,110
20141002,94
20141003,71
20141004,4
20141005,36
20141006,103
20141007,106
20141008,85
20141009,98
20141010,86
20141011,5
20141012,27
20141013,77
20141014,100
20141015,100
20141016,107
20141017,94
20141018,3
20141019,39
20141020,92
20141021,123
20141022,103
20141023,117
20141024,76
20141025,3
20141026,29
20141027,86
20141028,138
20141029,118
20141030,123
20141031,95
20141101,3
20141102,32
20141103,124
20141104,128
20141105,116
20141106,143
20141107,88
20141108,8
20141109,20
20141110,82
20141111,79
20141112,96
20141113,117
20141114,84
20141115,13
20141116,24
20141117,88
20141118,99
20141119,103
20141120,97
20141121,72
20141122,3
20141123,26
20141124,79
20141125,86
20141126,67
20141127,45
20141128,55
20141129,6
20141130,34
20141201,86
20141202,101
20141203,111
20141204,100
20141205,71
20141206,7
20141207,36
20141208,104
20141209,123
20141210,115
20141211,119
20141212,83
20141213,2
20141214,33
20141215,128
20141216,109
20141217,96
20141218,100
20141219,91
20141220,7
20141221,23
20141222,89
20141223,70
20141224,42
20141225,17
20141226,26
20141227,4
20141228,22
20141229,58
20141230,48
20141231,32
20150101,30
20150102,53
20150103,5
20150104,20
20150105,86
20150106,75
20150107,78
20150108,87
20150109,54
20150110,4
20150111,36
20150112,103
20150113,92
20150114,98
20150115,96
20150116,73
20150117,3
20150118,14
20150119,45
20150120,110
20150121,94
20150122,107
20150123,90
20150124,5
20150125,29
20150126,109
20150127,84
20150128,90
20150129,120
20150130,72
20150131,10
20150201,29
20150202,113
20150203,113
20150204,92
20150205,115
20150206,75
20150207,4
20150208,25
20150209,78
20150210,100
20150211,95
20150212,90
20150213,76
20150214,6
20150215,14
20150216,41
20150217,81
20150218,80
20150219,84
20150220,75
20150221,3
20150222,30
20150223,79
20150224,76
20150225,111
20150226,105
20150227,82
20150228,12
20150301,28
20150302,96
20150303,99
20150304,112
20150305,81
20150306,60
20150307,4
20150308,26
20150309,86
20150310,94
20150311,97
20150312,106
20150313,73
20150314,3
20150315,20
20150316,110
20150317,88
20150318,109
20150319,103
20150320,71
20150321,9
20150322,21
20150323,94
20150324,99
20150325,79
20150326,89
20150327,87
20150328,4
20150329,30
20150330,109
20150331,93
20150401,90
20150402,69
20150403,44
20150404,4
20150405,21
20150406,73
20150407,75
20150408,82
20150409,98
20150410,79
20150411,5
20150412,30
20150413,97
20150414,96
20150415,99
20150416,109
20150417,69
20150418,6
20150419,35
20150420,104
20150421,101
20150422,99
20150423,93
20150424,72
20150425,6
20150426,32
20150427,80
20150428,116
20150429,98
20150430,93
