20050103,4
20050104,3
20050105,1
20050106,4
20050107,4
20050110,5
20050111,3
20050112,2
20050113,5
20050114,4
20050117,2
20050118,4
20050119,5
20050120,4
20050121,2
20050124,2
20050125,4
20050126,1
20050127,5
20050128,7
20050201,3
20050202,1
20050203,4
20050204,3
20050206,1
20050207,2
20050208,1
20050209,1
20050210,2
20050211,1
20050214,1
20050216,1
20050217,3
20050218,1
20050221,2
20050222,2
20050223,6
20050224,1
20050225,2
20050228,2
20050301,1
20050302,3
20050303,1
20050304,1
20050307,2
20050308,2
20050309,3
20050310,1
20050311,4
20050314,2
20050315,2
20050316,1
20050317,2
20050318,3
20050321,3
20050322,3
20050323,3
20050324,1
20050325,5
20050328,4
20050329,4
20050330,2
20050331,3
20050401,2
20050404,3
20050405,3
20050406,1
20050408,1
20050411,3
20050412,1
20050413,1
20050414,3
20050415,4
20050418,4
20050420,2
20050421,3
20050422,5
20050424,2
20050425,4
20050426,5
20050427,4
20050428,1
20050429,3
20050502,1
20050503,1
20050504,3
20050505,2
20050506,3
20050509,4
20050510,5
20050511,4
20050512,3
20050513,1
20050516,1
20050517,4
20050518,5
20050519,4
20050520,4
20050523,4
20050524,2
20050525,4
20050526,6
20050527,3
20050530,1
20050531,1
20050601,2
20050602,5
20050603,2
20050606,3
20050607,5
20050608,6
20050609,3
20050610,1
20050613,5
20050615,6
20050616,5
20050617,9
20050620,2
20050621,2
20050622,3
20050624,3
20050627,7
20050628,1
20050629,7
20050630,4
20050701,5
20050704,1
20050705,4
20050707,2
20050708,1
20050711,3
20050713,2
20050714,5
20050715,1
20050718,5
20050719,1
20050720,2
20050721,1
20050722,1
20050725,4
20050726,3
20050727,1
20050728,5
20050729,3
20050801,1
20050802,4
20050803,3
20050804,2
20050805,3
20050808,5
20050809,5
20050810,2
20050812,7
20050815,2
20050816,1
20050818,3
20050819,2
20050822,1
20050823,2
20050824,1
20050825,3
20050826,2
20050829,2
20050831,3
20050901,1
20050902,2
20050904,1
20050907,4
20050908,5
20050909,4
20050912,5
20050913,3
20050914,3
20050915,2
20050916,2
20050917,1
20050920,2
20050921,2
20050922,5
20050923,4
20050924,1
20050926,6
20050927,1
20050928,5
20050929,6
20050930,3
20051001,1
20051003,2
20051004,3
20051005,2
20051006,4
20051007,1
20051008,1
20051010,2
20051011,2
20051012,4
20051013,3
20051014,3
20051015,2
20051017,2
20051018,1
20051020,5
20051021,7
20051022,3
20051024,3
20051025,4
20051026,1
20051027,3
20051028,5
20051029,2
20051030,1
20051031,1
20051101,1
20051102,2
20051103,1
20051104,3
20051107,2
20051109,4
20051110,2
20051111,3
20051112,1
20051114,1
20051115,2
20051116,4
20051117,3
20051118,3
20051121,4
20051122,1
20051123,3
20051125,3
20051126,1
20051128,2
20051129,7
20051130,4
20051201,5
20051202,8
20051203,2
20051206,6
20051207,3
20051208,2
20051209,4
20051212,1
20051213,2
20051214,2
20051215,2
20051216,4
20051217,1
20051218,1
20051219,4
20051220,1
20051221,1
20051222,1
20051223,2
20051227,2
20051228,3
20051229,2
20051230,3
20051231,2
20060103,3
20060104,2
20060105,8
20060106,1
20060107,2
20060109,3
20060110,2
20060111,4
20060112,1
20060113,1
20060114,1
20060116,5
20060117,2
20060118,3
20060119,4
20060120,9
20060121,2
20060123,4
20060124,6
20060125,6
20060126,7
20060127,8
20060128,1
20060130,2
20060131,6
20060201,3
20060202,5
20060203,1
20060204,2
20060206,4
20060207,4
20060208,2
20060209,2
20060210,4
20060211,3
20060213,2
20060214,1
20060215,4
20060216,2
20060217,2
20060220,1
20060221,6
20060222,3
20060223,1
20060224,2
20060225,2
20060228,2
20060301,3
20060302,3
20060304,2
20060306,2
20060307,4
20060308,1
20060309,2
20060310,6
20060311,2
20060313,6
20060314,2
20060315,4
20060316,2
20060317,2
20060318,3
20060320,3
20060321,3
20060322,1
20060323,3
20060324,4
20060325,1
20060327,3
20060328,4
20060329,10
20060330,4
20060331,4
20060401,3
20060403,4
20060404,4
20060405,2
20060406,2
20060407,5
20060408,1
20060410,4
20060411,2
20060412,4
20060413,4
20060414,1
20060415,2
20060417,1
20060418,4
20060419,6
20060421,6
20060422,1
20060424,5
20060425,1
20060426,1
20060427,5
20060428,7
20060429,1
20060501,1
20060502,3
20060503,1
20060504,2
20060505,5
20060506,4
20060508,1
20060509,6
20060510,1
20060511,4
20060512,4
20060513,1
20060515,3
20060516,6
20060517,5
20060518,3
20060519,5
20060520,1
20060522,5
20060523,4
20060524,4
20060525,2
20060526,6
20060527,2
20060530,2
20060602,8
20060603,2
20060604,1
20060605,1
20060606,2
20060607,4
20060609,4
20060610,2
20060612,4
20060613,3
20060614,2
20060615,5
20060616,7
20060618,1
20060619,6
20060620,3
20060621,2
20060622,1
20060623,3
20060624,2
20060626,5
20060627,2
20060628,2
20060629,5
20060630,4
20060701,4
20060703,2
20060704,2
20060705,2
20060706,2
20060707,2
20060708,1
20060710,3
20060711,1
20060712,2
20060713,3
20060714,2
20060717,3
20060718,2
20060719,1
20060721,1
20060724,2
20060725,4
20060726,1
20060727,2
20060728,1
20060731,2
20060801,1
20060802,4
20060803,1
20060804,3
20060807,2
20060808,2
20060809,2
20060811,2
20060814,1
20060816,1
20060817,3
20060818,3
20060819,1
20060821,3
20060822,2
20060823,1
20060824,2
20060825,2
20060828,1
20060829,6
20060830,1
20060831,1
20060901,2
20060902,1
20060904,2
20060905,1
20060906,2
20060907,3
20060908,3
20060909,2
20060913,1
20060914,2
20060915,6
20060916,1
20060918,3
20060919,5
20060920,3
20060921,4
20060922,4
20060923,3
20060925,6
20060926,9
20060927,9
20060928,1
20060929,10
20060930,1
20061002,5
20061003,4
20061004,4
20061005,4
20061006,3
20061007,2
20061009,7
20061010,1
20061011,4
20061012,2
20061013,3
20061014,2
20061016,2
20061017,5
20061018,1
20061019,4
20061020,3
20061021,2
20061022,1
20061023,4
20061024,2
20061025,2
20061026,2
20061027,5
20061028,4
20061030,3
20061031,1
20061101,4
20061102,4
20061103,9
20061104,1
20061106,5
20061107,6
20061108,11
20061109,7
20061110,11
20061111,2
20061113,4
20061114,3
20061115,6
20061116,2
20061117,3
20061118,1
20061120,5
20061121,2
20061122,5
20061124,5
20061125,1
20061127,4
20061128,4
20061129,3
20061130,3
20061201,5
20061202,1
20061204,1
20061205,1
20061206,6
20061207,2
20061208,9
20061210,1
20061211,8
20061212,3
20061213,4
20061214,3
20061215,9
20061218,5
20061219,4
20061220,2
20061221,4
20061222,3
20061223,2
20061226,3
20061227,4
20061228,1
20061229,1
20070102,3
20070103,2
20070104,2
20070105,5
20070108,1
20070109,2
20070110,1
20070111,3
20070112,4
20070113,1
20070116,2
20070117,6
20070118,1
20070119,2
20070122,8
20070123,6
20070124,2
20070125,2
20070126,3
20070127,3
20070129,2
20070130,3
20070131,2
20070201,1
20070202,1
20070203,2
20070205,2
20070206,4
20070207,2
20070208,5
20070209,5
20070212,2
20070213,2
20070214,2
20070215,5
20070216,5
20070220,3
20070221,3
20070222,1
20070223,3
20070224,3
20070226,1
20070227,2
20070228,3
20070301,4
20070302,2
20070305,2
20070306,4
20070307,5
20070308,3
20070309,4
20070310,1
20070312,1
20070313,3
20070314,6
20070315,6
20070316,1
20070317,1
20070319,1
20070320,4
20070321,5
20070322,2
20070323,3
20070324,1
20070326,7
20070327,4
20070328,4
20070329,5
20070330,5
20070331,1
20070402,1
20070403,2
20070404,3
20070405,1
20070407,2
20070409,1
20070410,3
20070412,6
20070413,4
20070414,4
20070416,5
20070417,4
20070418,4
20070419,7
20070420,8
20070421,2
20070423,8
20070424,5
20070425,12
20070426,5
20070427,8
20070428,1
20070430,1
20070501,7
20070502,1
20070503,1
20070504,8
20070505,1
20070506,1
20070507,2
20070508,2
20070509,5
20070510,3
20070511,2
20070512,1
20070514,9
20070515,6
20070516,4
20070517,4
20070518,6
20070519,1
20070521,4
20070522,5
20070523,6
20070524,1
20070525,6
20070526,3
20070529,4
20070530,8
20070531,5
20070601,7
20070602,4
20070604,5
20070605,6
20070606,2
20070607,3
20070608,4
20070611,6
20070612,3
20070613,5
20070614,4
20070615,5
20070618,2
20070619,3
20070620,4
20070621,4
20070622,8
20070623,1
20070625,2
20070626,9
20070627,5
20070628,1
20070629,7
20070630,2
20070702,5
20070703,2
20070705,4
20070706,3
20070709,4
20070711,6
20070712,2
20070713,3
20070714,2
20070716,3
20070717,3
20070718,2
20070719,4
20070720,4
20070721,1
20070723,2
20070724,4
20070725,5
20070726,3
20070730,6
20070731,7
20070801,3
20070803,1
20070804,1
20070806,6
20070807,2
20070808,2
20070809,2
20070810,2
20070811,2
20070813,3
20070814,3
20070815,5
20070816,7
20070817,2
20070820,1
20070821,4
20070822,2
20070823,2
20070824,2
20070825,3
20070827,5
20070828,3
20070829,4
20070830,3
20070831,8
20070901,5
20070904,5
20070905,2
20070906,2
20070907,6
20070908,1
20070910,7
20070911,6
20070912,4
20070913,5
20070914,5
20070915,1
20070917,3
20070918,1
20070919,1
20070920,1
20070921,3
20070922,1
20070924,1
20070925,2
20070927,4
20070928,1
20070929,2
20071001,1
20071002,6
20071003,4
20071004,2
20071005,6
20071006,1
20071008,7
20071009,3
20071010,4
20071011,2
20071012,3
20071013,1
20071016,5
20071017,4
20071018,9
20071019,7
20071020,1
20071022,7
20071023,4
20071024,3
20071025,3
20071026,4
20071027,2
20071028,1
20071030,2
20071031,5
20071101,2
20071102,2
20071103,1
20071104,1
20071105,1
20071106,1
20071107,7
20071108,5
20071109,8
20071110,2
20071112,2
20071113,5
20071114,4
20071115,4
20071116,4
20071117,2
20071119,2
20071121,3
20071122,2
20071123,4
20071124,1
20071126,1
20071127,3
20071128,5
20071129,5
20071130,4
20071201,2
20071203,6
20071204,2
20071205,2
20071206,2
20071208,3
20071209,1
20071211,2
20071212,2
20071213,4
20071214,4
20071215,2
20071216,1
20071217,2
20071218,2
20071219,7
20071220,5
20071221,4
20071222,3
20071224,6
20071226,1
20071227,4
20071228,14
20071229,4
20071230,1
20071231,2
20080102,6
20080103,6
20080104,6
20080105,2
20080107,2
20080108,2
20080109,5
20080110,1
20080111,4
20080112,2
20080113,2
20080114,4
20080115,1
20080116,1
20080117,3
20080118,7
20080119,3
20080121,3
20080122,7
20080123,5
20080124,7
20080125,3
20080126,3
20080127,1
20080128,10
20080129,4
20080130,5
20080131,7
20080201,3
20080206,2
20080207,4
20080210,1
20080211,3
20080212,2
20080213,3
20080214,2
20080215,6
20080219,5
20080220,3
20080221,6
20080222,8
20080223,4
20080225,6
20080226,3
20080227,2
20080228,8
20080229,4
20080301,2
20080303,4
20080304,3
20080305,8
20080306,9
20080307,3
20080308,3
20080310,6
20080311,8
20080312,6
20080313,1
20080314,6
20080315,5
20080317,3
20080318,1
20080320,5
20080321,3
20080322,3
20080324,2
20080326,1
20080327,5
20080328,3
20080329,3
20080331,2
20080401,2
20080402,2
20080403,5
20080404,4
20080405,1
20080407,3
20080408,4
20080409,1
20080410,4
20080411,6
20080412,3
20080414,3
20080415,3
20080416,1
20080417,3
20080418,2
20080419,1
20080421,2
20080422,2
20080423,3
20080424,4
20080426,2
20080428,3
20080429,2
20080430,2
20080501,6
20080502,3
20080503,2
20080505,2
20080506,8
20080507,4
20080508,5
20080509,7
20080510,2
20080512,2
20080513,5
20080514,3
20080515,5
20080516,4
20080517,2
20080518,1
20080519,3
20080520,5
20080521,6
20080522,3
20080523,4
20080524,1
20080526,1
20080527,3
20080528,5
20080529,1
20080530,5
20080531,3
20080602,3
20080603,2
20080604,3
20080605,7
20080606,2
20080607,3
20080609,3
20080610,5
20080611,4
20080612,2
20080613,5
20080614,2
20080616,1
20080617,1
20080618,6
20080619,3
20080620,4
20080621,1
20080623,4
20080624,1
20080625,1
20080626,6
20080627,3
20080628,2
20080630,4
20080701,1
20080703,5
20080704,2
20080705,5
20080707,3
20080708,2
20080709,3
20080710,1
20080711,2
20080712,1
20080714,1
20080715,3
20080716,10
20080717,2
20080718,6
20080719,3
20080721,1
20080722,3
20080723,6
20080724,4
20080725,7
20080726,2
20080728,5
20080729,8
20080730,12
20080731,7
20080801,7
20080802,2
20080804,3
20080805,2
20080806,4
20080807,4
20080808,2
20080811,9
20080812,7
20080813,4
20080814,2
20080815,3
20080816,1
20080818,4
20080819,3
20080820,7
20080821,5
20080822,10
20080823,5
20080824,1
20080825,1
20080826,5
20080827,2
20080828,3
20080829,8
20080830,5
20080901,2
20080902,8
20080903,3
20080904,7
20080905,12
20080907,1
20080908,3
20080909,3
20080910,6
20080911,6
20080912,8
20080913,1
20080915,4
20080916,4
20080917,4
20080918,7
20080919,5
20080920,1
20080922,9
20080923,3
20080924,4
20080925,3
20080926,5
20080927,1
20080930,6
20081001,2
20081002,9
20081003,6
20081004,2
20081006,3
20081007,6
20081008,2
20081009,4
20081010,6
20081011,1
20081013,2
20081014,3
20081015,1
20081016,3
20081017,1
20081018,1
20081019,1
20081020,2
20081021,4
20081022,3
20081023,3
20081024,3
20081025,1
20081027,6
20081028,6
20081029,2
20081030,2
20081031,3
20081101,2
20081103,5
20081104,6
20081105,6
20081106,2
20081107,3
20081108,1
20081109,1
20081110,3
20081112,2
20081113,3
20081114,3
20081115,3
20081117,1
20081118,3
20081119,4
20081120,4
20081121,3
20081122,4
20081124,2
20081125,3
20081126,3
20081127,2
20081128,1
20081201,4
20081202,5
20081203,1
20081204,3
20081205,3
20081206,4
20081208,5
20081209,8
20081210,11
20081211,8
20081212,15
20081213,4
20081214,1
20081215,12
20081216,12
20081217,7
20081218,3
20081219,6
20081220,3
20081221,1
20081222,3
20081223,4
20081224,6
20081226,3
20081227,4
20081229,6
20081230,6
20081231,5
20090101,1
20090102,6
20090103,3
20090105,3
20090106,1
20090107,6
20090108,5
20090109,9
20090110,2
20090111,1
20090112,5
20090113,4
20090114,3
20090115,4
20090116,2
20090117,2
20090120,2
20090121,5
20090122,4
20090123,3
20090125,1
20090127,4
20090128,3
20090129,6
20090130,5
20090131,3
20090202,2
20090203,2
20090204,3
20090205,1
20090206,6
20090207,2
20090208,1
20090209,1
20090210,2
20090211,1
20090212,4
20090213,6
20090214,2
20090216,1
20090217,5
20090218,1
20090219,3
20090220,4
20090221,1
20090223,5
20090224,3
20090225,1
20090226,1
20090227,1
20090302,2
20090303,4
20090304,4
20090305,1
20090306,4
20090307,2
20090309,2
20090310,1
20090312,4
20090313,3
20090314,3
20090316,3
20090317,4
20090318,3
20090319,3
20090320,6
20090321,3
20090323,2
20090324,4
20090325,1
20090326,1
20090327,2
20090328,3
20090331,1
20090401,2
20090402,3
20090403,6
20090406,4
20090407,6
20090408,5
20090409,8
20090410,6
20090411,2
20090412,2
20090413,6
20090414,3
20090415,5
20090416,4
20090417,7
20090418,1
20090420,4
20090421,6
20090422,4
20090423,8
20090424,1
20090425,3
20090426,2
20090427,4
20090428,1
20090429,1
20090501,1
20090502,4
20090504,5
20090505,4
20090506,4
20090507,3
20090508,2
20090509,2
20090511,4
20090512,1
20090513,5
20090514,8
20090515,5
20090516,5
20090518,5
20090519,3
20090520,3
20090521,2
20090523,2
20090524,1
20090525,2
20090526,4
20090527,3
20090528,3
20090529,6
20090530,2
20090601,3
20090602,2
20090603,4
20090604,4
20090605,6
20090606,2
20090608,3
20090609,5
20090610,2
20090611,2
20090612,2
20090613,5
20090615,4
20090616,4
20090617,3
20090618,6
20090619,3
20090620,1
20090622,4
20090623,2
20090624,3
20090625,4
20090626,3
20090627,1
20090629,1
20090630,2
20090701,3
20090702,4
20090703,5
20090706,3
20090707,4
20090708,4
20090709,2
20090710,3
20090711,2
20090712,2
20090713,6
20090714,2
20090715,5
20090716,9
20090717,5
20090718,1
20090719,1
20090720,2
20090721,5
20090722,4
20090723,8
20090724,7
20090725,5
20090726,4
20090727,7
20090728,6
20090729,2
20090730,1
20090731,3
20090801,1
20090802,3
20090803,4
20090804,1
20090805,1
20090806,6
20090807,5
20090808,1
20090810,5
20090812,7
20090813,6
20090814,4
20090815,1
20090817,4
20090818,5
20090819,3
20090820,3
20090821,2
20090822,3
20090824,5
20090825,2
20090826,3
20090827,3
20090828,4
20090829,2
20090831,2
20090901,7
20090902,4
20090903,3
20090904,1
20090907,3
20090908,2
20090909,1
20090910,2
20090911,2
20090912,2
20090913,2
20090914,5
20090915,3
20090916,2
20090917,1
20090918,2
20090919,5
20090920,1
20090921,2
20090922,4
20090923,3
20090924,6
20090925,4
20090927,1
20090928,3
20090929,3
20090930,4
20091001,3
20091002,6
20091003,2
20091005,4
20091006,3
20091007,2
20091008,9
20091009,4
20091010,2
20091011,1
20091012,1
20091013,2
20091014,2
20091015,1
20091016,7
20091017,1
20091018,1
20091019,3
20091020,5
20091021,3
20091022,6
20091023,3
20091024,2
20091025,1
20091026,1
20091027,5
20091028,3
20091029,1
20091030,4
20091031,2
20091102,4
20091103,5
20091104,4
20091105,6
20091106,6
20091107,2
20091108,1
20091109,9
20091110,1
20091111,1
20091112,3
20091113,6
20091114,2
20091115,1
20091116,2
20091117,4
20091118,8
20091119,6
20091120,3
20091121,1
20091122,3
20091123,4
20091124,1
20091125,3
20091126,3
20091127,3
20091128,2
20091130,5
20091201,8
20091202,5
20091203,8
20091204,7
20091206,1
20091207,2
20091208,7
20091209,3
20091210,2
20091211,6
20091212,3
20091213,1
20091214,2
20091215,4
20091216,2
20091217,4
20091218,2
20091219,4
20091220,4
20091221,11
20091222,5
20091223,2
20091224,5
20091227,1
20091228,5
20091229,7
20091230,6
20091231,2
20100104,4
20100105,1
20100106,2
20100107,3
20100108,2
20100109,1
20100110,3
20100111,6
20100112,2
20100113,8
20100114,3
20100115,3
20100116,4
20100117,3
20100118,2
20100119,7
20100120,1
20100121,6
20100122,11
20100124,2
20100125,6
20100126,5
20100127,9
20100128,5
20100129,4
20100130,1
20100201,4
20100202,1
20100203,6
20100204,7
20100205,4
20100206,2
20100207,6
20100208,4
20100209,3
20100210,4
20100211,6
20100212,5
20100213,3
20100214,3
20100215,5
20100216,6
20100217,3
20100218,2
20100219,2
20100220,1
20100221,2
20100222,3
20100223,2
20100224,4
20100225,4
20100226,5
20100227,2
20100301,4
20100302,3
20100303,7
20100304,6
20100305,1
20100306,1
20100307,5
20100308,2
20100309,4
20100310,7
20100311,6
20100312,2
20100313,3
20100314,1
20100315,2
20100316,9
20100317,4
20100318,5
20100319,4
20100321,2
20100322,1
20100323,4
20100324,4
20100325,5
20100327,4
20100328,3
20100329,8
20100330,7
20100331,5
20100401,5
20100402,3
20100403,2
20100404,2
20100405,5
20100406,2
20100407,2
20100408,4
20100409,5
20100410,4
20100411,5
20100412,5
20100413,4
20100414,6
20100415,5
20100416,2
20100418,2
20100419,1
20100420,2
20100421,5
20100422,2
20100423,4
20100424,2
20100425,1
20100426,4
20100427,4
20100428,4
20100429,1
20100430,2
20100501,3
20100502,1
20100503,4
20100504,4
20100505,5
20100506,9
20100507,4
20100508,2
20100509,2
20100510,4
20100511,3
20100512,7
20100513,8
20100514,6
20100515,4
20100516,2
20100517,4
20100518,4
20100519,6
20100520,4
20100521,4
20100522,3
20100524,8
20100525,3
20100526,3
20100527,6
20100528,1
20100529,2
20100530,1
20100531,1
20100601,2
20100602,6
20100603,4
20100605,2
20100607,1
20100608,5
20100609,5
20100610,4
20100611,7
20100612,1
20100613,1
20100614,6
20100615,8
20100616,9
20100617,3
20100618,3
20100619,2
20100620,1
20100621,5
20100622,7
20100623,6
20100624,5
20100625,8
20100626,3
20100628,4
20100629,3
20100630,7
20100701,12
20100702,2
20100703,5
20100705,1
20100706,6
20100707,4
20100708,4
20100709,6
20100710,5
20100711,1
20100712,5
20100713,6
20100714,4
20100715,4
20100716,3
20100717,2
20100718,3
20100719,4
20100720,6
20100721,6
20100722,8
20100723,5
20100724,2
20100725,2
20100726,10
20100727,6
20100728,7
20100729,6
20100730,3
20100731,3
20100801,3
20100802,6
20100803,8
20100804,8
20100805,4
20100806,11
20100808,1
20100809,11
20100810,6
20100811,15
20100812,5
20100813,5
20100814,4
20100815,1
20100816,3
20100817,8
20100818,5
20100819,6
20100820,2
20100821,5
20100822,3
20100823,2
20100824,7
20100825,3
20100826,8
20100827,2
20100828,4
20100829,4
20100831,7
20100901,4
20100902,3
20100903,6
20100904,2
20100906,6
20100907,6
20100908,4
20100909,7
20100910,11
20100911,4
20100912,1
20100913,12
20100914,13
20100915,16
20100916,11
20100917,8
20100918,4
20100919,1
20100920,8
20100921,11
20100922,10
20100923,9
20100924,11
20100925,4
20100926,1
20100927,11
20100928,12
20100929,13
20100930,15
20101001,6
20101002,5
20101003,2
20101004,8
20101005,8
20101006,7
20101007,12
20101008,10
20101011,6
20101012,10
20101013,8
20101014,15
20101015,13
20101016,3
20101018,12
20101019,11
20101020,12
20101021,5
20101022,10
20101023,3
20101024,1
20101025,12
20101026,12
20101027,12
20101028,9
20101029,7
20101030,5
20101031,3
20101101,12
20101102,14
20101103,8
20101104,9
20101105,9
20101106,1
20101107,3
20101108,9
20101109,9
20101110,10
20101111,9
20101112,10
20101113,4
20101115,8
20101116,17
20101117,13
20101118,12
20101119,8
20101120,5
20101121,4
20101122,16
20101123,9
20101124,14
20101125,5
20101126,8
20101127,1
20101128,4
20101129,12
20101130,12
20101201,9
20101202,19
20101203,15
20101204,2
20101205,1
20101206,11
20101207,8
20101208,13
20101209,17
20101210,8
20101211,5
20101212,2
20101213,12
20101214,15
20101215,11
20101216,17
20101217,12
20101218,4
20101219,2
20101220,14
20101221,13
20101222,10
20101223,11
20101224,5
20101225,1
20101227,6
20101228,7
20101229,7
20101230,12
20101231,4
20110102,1
20110103,11
20110104,9
20110105,6
20110106,10
20110107,7
20110108,3
20110110,9
20110111,7
20110112,10
20110113,9
20110114,14
20110115,5
20110116,2
20110117,6
20110118,13
20110119,16
20110120,15
20110121,13
20110122,6
20110124,9
20110125,15
20110126,14
20110127,9
20110128,16
20110129,3
20110130,4
20110131,15
20110201,17
20110202,4
20110203,17
20110204,12
20110205,5
20110206,2
20110207,15
20110208,11
20110209,10
20110210,13
20110211,18
20110212,7
20110213,1
20110214,16
20110215,14
20110216,21
20110217,15
20110218,14
20110219,6
20110220,4
20110221,3
20110222,15
20110223,12
20110224,12
20110225,18
20110226,6
20110227,2
20110228,7
20110301,12
20110302,17
20110303,13
20110304,14
20110305,4
20110306,1
20110307,13
20110308,11
20110309,8
20110310,10
20110311,14
20110312,5
20110313,1
20110314,14
20110315,12
20110316,13
20110317,12
20110318,16
20110319,4
20110321,7
20110322,12
20110323,11
20110324,13
20110325,10
20110326,3
20110328,14
20110329,10
20110330,20
20110331,10
20110401,14
20110402,4
20110404,12
20110405,15
20110406,15
20110407,15
20110408,19
20110409,3
20110410,3
20110411,15
20110412,11
20110413,13
20110414,9
20110415,18
20110416,4
20110417,1
20110418,15
20110419,10
20110420,12
20110421,15
20110422,9
20110423,1
20110424,4
20110425,13
20110426,14
20110427,10
20110428,17
20110429,11
20110430,3
20110501,1
20110502,7
20110503,11
20110504,9
20110505,17
20110506,10
20110507,2
20110508,1
20110509,10
20110510,15
20110511,10
20110512,15
20110513,13
20110514,7
20110515,3
20110516,17
20110517,16
20110518,10
20110519,11
20110520,12
20110521,1
20110523,14
20110524,9
20110525,14
20110526,5
20110527,16
20110528,4
20110529,2
20110530,1
20110531,17
20110601,12
20110602,21
20110603,19
20110604,6
20110605,4
20110606,15
20110607,15
20110608,16
20110609,12
20110610,16
20110611,6
20110612,2
20110613,15
20110614,12
20110615,6
20110616,19
20110617,13
20110618,2
20110620,19
20110621,14
20110622,11
20110623,11
20110624,13
20110625,4
20110626,1
20110627,18
20110628,15
20110629,14
20110630,17
20110701,16
20110702,5
20110703,4
20110704,4
20110705,10
20110706,15
20110707,13
20110708,9
20110709,5
20110710,3
20110711,11
20110712,10
20110713,14
20110714,12
20110715,11
20110716,3
20110718,8
20110719,13
20110720,14
20110721,14
20110722,7
20110723,3
20110724,2
20110725,13
20110726,12
20110727,15
20110728,18
20110729,12
20110730,3
20110731,3
20110801,14
20110802,12
20110803,10
20110804,17
20110805,14
20110806,3
20110807,1
20110808,6
20110809,7
20110810,16
20110811,6
20110812,14
20110813,3
20110815,8
20110816,17
20110817,13
20110818,27
20110819,15
20110820,7
20110821,1
20110822,16
20110823,19
20110824,18
20110825,18
20110826,18
20110827,2
20110828,3
20110829,15
20110830,6
20110831,12
20110901,10
20110902,10
20110903,4
20110905,4
20110906,14
20110907,10
20110908,9
20110909,11
20110910,4
20110912,9
20110913,12
20110914,9
20110915,11
20110916,12
20110917,5
20110919,10
20110920,9
20110921,15
20110922,17
20110923,13
20110924,6
20110925,2
20110926,15
20110927,13
20110928,13
20110929,11
20110930,13
20111001,3
20111002,1
20111003,8
20111004,13
20111005,14
20111006,5
20111007,13
20111008,6
20111009,1
20111010,16
20111011,16
20111012,14
20111013,11
20111014,17
20111015,4
20111016,1
20111017,12
20111018,15
20111019,14
20111020,12
20111021,8
20111022,4
20111023,1
20111024,16
20111025,15
20111026,11
20111027,8
20111028,7
20111029,5
20111030,4
20111031,9
20111101,15
20111102,19
20111103,11
20111104,9
20111105,2
20111106,3
20111107,6
20111108,13
20111109,9
20111110,16
20111111,16
20111112,8
20111113,3
20111114,8
20111115,10
20111116,14
20111117,16
20111118,6
20111119,5
20111120,2
20111121,18
20111122,13
20111123,9
20111124,4
20111125,13
20111126,4
20111128,14
20111129,20
20111130,17
20111201,18
20111202,11
20111203,2
20111204,1
20111205,16
20111206,9
20111207,15
20111208,20
20111209,15
20111210,4
20111211,1
20111212,20
20111213,18
20111214,18
20111215,20
20111216,5
20111217,3
20111219,17
20111220,11
20111221,13
20111222,10
20111223,12
20111224,4
20111225,1
20111226,5
20111227,17
20111228,17
20111229,22
20111230,10
20111231,2
20120101,1
20120102,5
20120103,16
20120104,10
20120105,12
20120106,17
20120107,4
20120108,1
20120109,15
20120110,13
20120111,6
20120112,18
20120113,15
20120114,4
20120115,1
20120116,5
20120117,21
20120118,12
20120119,15
20120120,13
20120121,8
20120123,10
20120124,8
20120125,5
20120126,9
20120127,13
20120128,7
20120129,1
20120130,18
20120131,17
20120201,10
20120202,18
20120203,13
20120204,7
20120205,1
20120206,14
20120207,15
20120208,15
20120209,18
20120210,13
20120211,5
20120213,14
20120214,11
20120215,9
20120216,14
20120217,12
20120218,3
20120220,2
20120221,17
20120222,14
20120223,13
20120224,16
20120225,3
20120226,1
20120227,12
20120228,16
20120229,20
20120301,26
20120302,14
20120303,1
20120304,3
20120305,18
20120306,13
20120307,13
20120308,17
20120309,17
20120311,1
20120312,13
20120313,11
20120314,10
20120315,19
20120316,9
20120317,2
20120318,2
20120319,11
20120320,13
20120321,6
20120322,9
20120323,11
20120325,4
20120326,13
20120327,16
20120328,10
20120329,17
20120330,20
20120331,3
20120401,4
20120402,22
20120403,19
20120404,15
20120405,10
20120406,6
20120408,4
20120409,7
20120410,10
20120411,16
20120412,16
20120413,10
20120415,1
20120416,10
20120417,13
20120418,10
20120419,12
20120420,11
20120421,2
20120422,4
20120423,17
20120424,22
20120425,15
20120426,16
20120427,9
20120428,1
20120429,2
20120430,10
20120501,6
20120502,19
20120503,7
20120504,17
20120506,7
20120507,9
20120508,12
20120509,8
20120510,13
20120511,13
20120512,2
20120513,5
20120514,9
20120515,17
20120516,14
20120517,19
20120518,11
20120519,1
20120520,5
20120521,12
20120522,15
20120523,15
20120524,14
20120525,13
20120527,1
20120528,7
20120529,13
20120530,17
20120531,13
20120601,15
20120602,2
20120603,4
20120604,9
20120605,11
20120606,12
20120607,15
20120608,8
20120610,6
20120611,9
20120612,16
20120613,12
20120614,14
20120615,12
20120617,3
20120618,11
20120619,14
20120620,13
20120621,12
20120622,7
20120625,13
20120626,9
20120627,10
20120628,10
20120629,10
20120630,1
20120701,1
20120702,13
20120703,11
20120704,5
20120705,13
20120706,6
20120707,2
20120708,4
20120709,11
20120710,15
20120711,19
20120712,18
20120713,11
20120715,5
20120716,6
20120717,13
20120718,16
20120719,9
20120720,6
20120722,4
20120723,10
20120724,13
20120725,11
20120726,16
20120727,9
20120728,1
20120729,3
20120730,14
20120731,15
20120801,18
20120802,14
20120803,15
20120804,1
20120805,3
20120806,11
20120807,13
20120808,15
20120809,14
20120810,11
20120811,1
20120812,5
20120813,14
20120814,9
20120815,12
20120816,17
20120817,11
20120818,1
20120819,2
20120820,12
20120821,12
20120822,6
20120823,7
20120824,8
20120825,1
20120826,5
20120827,8
20120828,14
20120829,8
20120830,12
20120831,12
20120901,2
20120902,1
20120903,4
20120904,5
20120905,10
20120906,17
20120907,12
20120909,1
20120910,12
20120911,10
20120912,8
20120913,12
20120914,19
20120915,2
20120916,3
20120917,7
20120918,8
20120919,10
20120920,11
20120921,12
20120922,1
20120923,2
20120924,10
20120925,12
20120926,11
20120927,14
20120928,15
20120929,2
20120930,2
20121001,12
20121002,17
20121003,10
20121004,14
20121005,12
20121006,1
20121007,1
20121008,11
20121009,14
20121010,12
20121011,11
20121012,14
20121014,4
20121015,10
20121016,8
20121017,14
20121018,11
20121019,5
20121021,2
20121022,15
20121023,12
20121024,7
20121025,16
20121026,8
20121027,1
20121028,6
20121029,8
20121030,4
20121031,6
20121101,7
20121102,15
20121104,2
20121105,10
20121106,15
20121107,7
20121108,19
20121109,13
20121110,1
20121111,4
20121112,18
20121113,16
20121114,18
20121115,19
20121116,14
20121118,2
20121119,16
20121120,15
20121121,5
20121122,10
20121123,8
20121124,3
20121125,3
20121126,10
20121127,10
20121128,14
20121129,14
20121130,9
20121202,2
20121203,7
20121204,16
20121205,18
20121206,23
20121207,15
20121208,1
20121209,4
20121210,13
20121211,18
20121212,12
20121213,14
20121214,13
20121215,1
20121216,1
20121217,6
20121218,14
20121219,6
20121220,11
20121221,14
20121222,3
20121223,1
20121224,4
20121225,3
20121226,12
20121227,6
20121228,6
20121229,3
20121230,2
20121231,7
20130101,4
20130102,6
20130103,10
20130104,11
20130106,3
20130107,7
20130108,16
20130109,14
20130110,17
20130111,9
20130112,1
20130113,7
20130114,17
20130115,18
20130116,12
20130117,14
20130118,16
20130120,6
20130121,4
20130122,18
20130123,14
20130124,23
20130125,17
20130126,2
20130127,3
20130128,11
20130129,9
20130130,18
20130131,26
20130201,24
20130202,3
20130203,2
20130204,20
20130205,21
20130206,20
20130207,20
20130208,14
20130211,6
20130212,24
20130213,23
20130214,18
20130215,14
20130216,2
20130217,3
20130218,6
20130219,22
20130220,16
20130221,17
20130222,15
20130223,3
20130224,3
20130225,16
20130226,20
20130227,21
20130228,17
20130301,11
20130303,6
20130304,11
20130305,21
20130306,15
20130307,14
20130308,13
20130309,1
20130310,4
20130311,11
20130312,9
20130313,15
20130314,24
20130315,18
20130316,2
20130317,7
20130318,20
20130319,25
20130320,15
20130321,20
20130322,11
20130324,2
20130325,8
20130326,7
20130327,14
20130328,16
20130329,7
20130331,4
20130401,6
20130402,12
20130403,15
20130404,17
20130405,9
20130406,1
20130407,5
20130408,7
20130409,4
20130410,16
20130411,7
20130412,10
20130414,3
20130415,18
20130416,16
20130417,11
20130418,7
20130419,8
20130420,2
20130421,2
20130422,11
20130423,13
20130424,8
20130425,10
20130426,4
20130427,1
20130429,8
20130430,14
20130501,7
20130502,10
20130503,11
20130504,1
20130505,5
20130506,15
20130507,7
20130508,16
20130509,15
20130510,11
20130511,1
20130512,6
20130513,9
20130514,3
20130515,7
20130516,5
20130517,8
20130519,1
20130520,11
20130521,9
20130522,7
20130523,12
20130524,7
20130525,2
20130526,1
20130527,5
20130528,5
20130529,7
20130530,9
20130531,6
20130601,1
20130602,3
20130603,11
20130604,5
20130605,6
20130606,6
20130607,7
20130609,3
20130610,10
20130611,8
20130612,12
20130613,8
20130614,10
20130616,2
20130617,13
20130618,1
20130619,14
20130620,4
20130621,20
20130622,1
20130623,6
20130624,8
20130625,6
20130626,9
20130627,10
20130628,18
20130629,1
20130630,2
20130701,12
20130702,9
20130703,11
20130704,7
20130705,6
20130706,2
20130707,3
20130708,14
20130709,9
20130710,15
20130711,11
20130712,5
20130714,3
20130715,4
20130716,16
20130717,16
20130718,20
20130719,17
20130720,2
20130721,5
20130722,12
20130723,14
20130724,12
20130725,29
20130726,12
20130727,4
20130728,3
20130729,12
20130730,10
20130731,8
20130801,7
20130802,13
20130804,1
20130805,7
20130806,16
20130807,15
20130808,13
20130809,7
20130811,1
20130812,16
20130813,9
20130814,13
20130815,9
20130816,11
20130818,3
20130819,14
20130820,9
20130821,9
20130822,23
20130823,15
20130824,3
20130825,7
20130826,13
20130827,12
20130828,12
20130829,5
20130830,7
20130831,1
20130901,3
20130902,8
20130903,13
20130904,8
20130905,13
20130906,9
20130907,2
20130908,2
20130909,10
20130910,5
20130911,7
20130912,15
20130913,11
20130914,1
20130915,6
20130916,9
20130917,17
20130918,17
20130919,16
20130920,9
20130921,2
20130922,8
20130923,11
20130924,6
20130925,6
20130926,12
20130927,16
20130929,8
20130930,11
20131001,7
20131002,11
20131003,9
20131004,10
20131005,1
20131006,3
20131007,6
20131008,16
20131009,9
20131010,16
20131011,7
20131012,2
20131013,6
20131014,11
20131015,5
20131016,12
20131017,11
20131018,7
20131019,1
20131020,3
20131021,5
20131022,8
20131023,11
20131024,9
20131025,12
20131026,1
20131027,6
20131028,6
20131029,4
20131030,10
20131031,12
20131101,9
20131103,4
20131104,11
20131105,13
20131106,11
20131107,10
20131108,7
20131109,1
20131110,7
20131111,5
20131112,10
20131113,7
20131114,6
20131115,8
20131117,2
20131118,5
20131119,8
20131120,9
20131121,3
20131122,4
20131123,4
20131124,3
20131125,14
20131126,10
20131127,13
20131128,6
20131129,14
20131130,1
20131201,5
20131202,13
20131203,14
20131204,13
20131205,11
20131206,12
20131208,11
20131209,18
20131210,11
20131211,14
20131212,10
20131213,12
20131215,5
20131216,10
20131217,17
20131218,14
20131219,12
20131220,10
20131221,2
20131222,1
20131223,21
20131224,5
20131225,5
20131226,14
20131227,19
20131228,2
20131229,6
20131230,5
20131231,8
20140101,5
20140102,12
20140103,11
20140105,6
20140106,9
20140107,13
20140108,13
20140109,15
20140110,13
20140111,1
20140112,4
20140113,15
20140114,14
20140115,18
20140116,22
20140117,17
20140118,8
20140119,3
20140120,18
20140121,18
20140122,20
20140123,15
20140124,16
20140125,1
20140126,8
20140127,19
20140128,18
20140129,14
20140130,11
20140131,11
20140201,3
20140202,6
20140203,18
20140204,12
20140205,11
20140206,11
20140207,12
20140208,3
20140209,3
20140210,15
20140211,10
20140212,7
20140213,15
20140214,7
20140215,2
20140216,3
20140217,7
20140218,15
20140219,16
20140220,19
20140221,16
20140222,2
20140223,8
20140224,15
20140225,18
20140226,14
20140227,9
20140228,20
20140301,1
20140302,3
20140303,6
20140304,9
20140305,8
20140306,12
20140307,14
20140308,2
20140309,2
20140310,17
20140311,8
20140312,12
20140313,7
20140314,7
20140315,1
20140316,7
20140317,9
20140318,10
20140319,18
20140320,9
20140321,20
20140323,8
20140324,11
20140325,13
20140326,22
20140327,19
20140328,23
20140329,4
20140330,5
20140331,26
20140401,12
20140402,21
20140403,14
20140404,12
20140406,6
20140407,18
20140408,16
20140409,18
20140410,20
20140411,10
20140412,1
20140413,1
20140414,12
20140415,14
20140416,13
20140417,19
20140418,7
20140419,4
20140420,4
20140421,12
20140422,28
20140423,9
20140424,13
20140425,15
20140426,1
20140427,3
20140428,11
20140429,12
20140430,17
20140501,11
20140502,3
20140504,1
20140505,6
20140506,12
20140507,12
20140508,17
20140509,17
20140510,2
20140511,6
20140512,10
20140513,12
20140514,16
20140515,22
20140516,14
20140517,1
20140518,5
20140519,17
20140520,14
20140521,11
20140522,11
20140523,16
20140524,7
20140525,3
20140526,5
20140527,9
20140528,14
20140529,18
20140530,7
20140531,3
20140601,5
20140602,13
20140603,13
20140604,13
20140605,13
20140606,8
20140607,2
20140608,6
20140609,11
20140610,8
20140611,14
20140612,12
20140613,11
20140614,2
20140615,4
20140616,10
20140617,16
20140618,8
20140619,8
20140620,10
20140621,3
20140622,3
20140623,8
20140624,10
20140625,13
20140626,9
20140627,15
20140628,1
20140629,5
20140630,8
20140701,13
20140702,12
20140703,11
20140704,3
20140705,1
20140706,1
20140707,7
20140708,6
20140709,16
20140710,12
20140711,3
20140712,1
20140713,8
20140714,14
20140715,11
20140716,11
20140717,13
20140718,8
20140719,1
20140720,1
20140721,7
20140722,7
20140723,9
20140724,12
20140725,10
20140727,3
20140728,13
20140729,16
20140730,10
20140731,13
20140801,11
20140802,1
20140803,3
20140804,12
20140805,9
20140806,9
20140807,10
20140808,10
20140809,1
20140810,2
20140811,8
20140812,10
20140813,14
20140814,12
20140815,15
20140816,3
20140817,8
20140818,14
20140819,6
20140820,18
20140821,16
20140822,13
20140824,1
20140825,8
20140826,14
20140827,21
20140828,13
20140829,13
20140831,2
20140901,7
20140902,13
20140903,13
20140904,19
20140905,11
20140907,2
20140908,12
20140909,15
20140910,12
20140911,13
20140912,8
20140914,3
20140915,8
20140916,9
20140917,9
20140918,9
20140919,9
20140921,11
20140922,8
20140923,10
20140924,13
20140925,12
20140926,10
20140927,2
20140928,16
20140929,13
20140930,9
20141001,11
20141002,8
20141003,5
20141004,5
20141005,5
20141006,10
20141007,5
20141008,12
20141009,7
20141010,11
20141011,1
20141012,5
20141013,11
20141014,7
20141015,7
20141016,7
20141017,9
20141018,2
20141019,4
20141020,9
20141021,16
20141022,11
20141023,7
20141024,7
20141025,2
20141026,9
20141027,15
20141028,15
20141029,11
20141030,8
20141031,9
20141102,2
20141103,8
20141104,14
20141105,15
20141106,6
20141107,13
20141108,1
20141109,3
20141110,6
20141111,5
20141112,8
20141113,8
20141114,15
20141115,1
20141116,7
20141117,20
20141118,16
20141119,10
20141120,7
20141121,7
20141122,1
20141123,2
20141124,10
20141125,13
20141126,9
20141127,15
20141128,4
20141129,1
20141130,7
20141201,16
20141202,16
20141203,16
20141204,11
20141205,12
20141206,2
20141207,5
20141208,14
20141209,11
20141210,10
20141211,15
20141212,13
20141213,1
20141214,4
20141215,9
20141216,11
20141217,16
20141218,16
20141219,10
20141220,2
20141221,2
20141222,12
20141223,16
20141224,6
20141225,4
20141226,6
20141228,2
20141229,4
20141230,20
20141231,6
20150101,3
20150102,10
20150103,1
20150104,3
20150105,11
20150106,13
20150107,4
20150108,6
20150109,12
20150110,1
20150111,4
20150112,10
20150113,15
20150114,12
20150115,11
20150116,15
20150118,2
20150119,8
20150120,9
20150121,8
20150122,19
20150123,22
20150124,2
20150125,8
20150126,14
20150127,15
20150128,14
20150129,13
20150130,9
20150131,3
20150201,8
20150202,17
20150203,25
20150204,17
20150205,14
20150206,11
20150207,2
20150208,7
20150209,19
20150210,25
20150211,11
20150212,17
20150213,11
20150214,2
20150215,1
20150216,5
20150217,11
20150218,11
20150219,13
20150220,9
20150221,1
20150222,4
20150223,10
20150224,17
20150225,17
20150226,13
20150227,13
20150228,2
20150301,4
20150302,11
20150303,14
20150304,7
20150305,24
20150306,14
20150307,2
20150308,5
20150309,8
20150310,6
20150311,13
20150312,11
20150313,14
20150314,2
20150315,10
20150316,14
20150317,13
20150318,11
20150319,12
20150320,10
20150321,1
20150322,3
20150323,11
20150324,12
20150325,7
20150326,18
20150327,20
20150328,4
20150329,3
20150330,11
20150331,16
20150401,15
20150402,10
20150403,10
20150404,1
20150405,4
20150406,9
20150407,8
20150408,10
20150409,8
20150410,10
20150411,2
20150412,8
20150413,9
20150414,14
20150415,15
20150416,14
20150417,11
20150418,1
20150419,2
20150420,15
20150421,13
20150422,13
20150423,20
20150424,7
20150425,1
20150426,5
20150427,11
20150428,14
20150429,5
20150430,5
