20050106,1
20050107,1
20050112,1
20050114,2
20050119,1
20050120,1
20050131,2
20050203,1
20050204,1
20050207,1
20050215,2
20050218,1
20050222,3
20050227,1
20050302,3
20050303,2
20050304,1
20050317,1
20050329,1
20050330,1
20050331,1
20050407,1
20050420,1
20050422,3
20050504,2
20050512,1
20050517,1
20050518,1
20050525,1
20050526,3
20050527,1
20050601,2
20050602,1
20050603,2
20050613,1
20050623,1
20050624,1
20050630,2
20050707,1
20050708,1
20050720,2
20050726,1
20050727,1
20050729,1
20050731,1
20050804,3
20050805,2
20050816,1
20050817,1
20050819,1
20050821,1
20050823,1
20050831,1
20050906,1
20050917,1
20050927,1
20051006,2
20051007,2
20051021,1
20051026,1
20051101,1
20051103,3
20051109,2
20051111,1
20051112,1
20051115,1
20051118,1
20051121,2
20051201,2
20051202,1
20051203,1
20051206,2
20051208,2
20051209,1
20051217,1
20051224,1
20051229,1
20051230,1
20060106,3
20060117,1
20060124,1
20060125,1
20060128,1
20060131,1
20060202,1
20060203,1
20060207,1
20060216,2
20060223,1
20060226,2
20060301,1
20060302,3
20060303,1
20060304,1
20060312,1
20060317,1
20060322,2
20060329,1
20060406,1
20060407,1
20060413,1
20060426,1
20060427,1
20060428,1
20060502,1
20060504,1
20060505,1
20060509,1
20060511,1
20060516,1
20060520,1
20060522,1
20060526,1
20060531,1
20060601,1
20060602,1
20060603,1
20060608,1
20060610,1
20060614,1
20060615,1
20060616,1
20060620,1
20060621,2
20060622,1
20060630,1
20060706,1
20060707,2
20060708,1
20060712,1
20060713,2
20060720,1
20060727,1
20060731,2
20060816,1
20060821,1
20060824,1
20060825,1
20060830,5
20060831,3
20060901,1
20060905,1
20060911,1
20060914,1
20060918,1
20060919,2
20060921,1
20060922,1
20061005,1
20061006,3
20061008,1
20061009,1
20061012,1
20061013,3
20061016,1
20061019,2
20061022,2
20061024,2
20061025,1
20061030,2
20061102,4
20061103,2
20061109,1
20061113,1
20061114,1
20061117,1
20061122,2
20061130,1
20061201,3
20061204,1
20061205,2
20061206,1
20061209,1
20061214,2
20061215,3
20061216,1
20061218,2
20061220,2
20061222,1
20061227,3
20070104,2
20070106,1
20070112,1
20070113,1
20070122,1
20070129,1
20070130,1
20070206,1
20070208,1
20070209,3
20070213,1
20070214,1
20070218,1
20070223,1
20070227,1
20070303,1
20070304,1
20070307,1
20070308,3
20070313,1
20070314,1
20070322,2
20070324,1
20070327,1
20070328,1
20070403,1
20070404,2
20070409,1
20070411,1
20070412,2
20070414,1
20070420,1
20070423,1
20070426,1
20070503,1
20070510,3
20070511,1
20070515,1
20070520,1
20070522,1
20070525,2
20070526,1
20070530,1
20070531,5
20070606,1
20070608,1
20070614,1
20070618,1
20070619,2
20070620,1
20070627,3
20070705,1
20070709,1
20070711,1
20070712,3
20070713,1
20070716,1
20070718,1
20070801,1
20070802,1
20070806,1
20070810,2
20070817,1
20070820,1
20070822,1
20070823,1
20070827,1
20070828,1
20070829,1
20070830,1
20070906,2
20070907,1
20070908,1
20070915,1
20070926,1
20070927,1
20071003,1
20071004,1
20071005,2
20071009,1
20071010,5
20071011,2
20071012,1
20071013,1
20071025,1
20071102,1
20071108,1
20071114,1
20071117,1
20071119,1
20071120,5
20071126,2
20071201,1
20071203,1
20071207,2
20071208,2
20071209,1
20071211,1
20071213,2
20071214,1
20071221,1
20071225,1
20071226,2
20080103,2
20080108,1
20080111,3
20080116,1
20080118,1
20080122,1
20080123,1
20080128,1
20080129,1
20080130,1
20080207,1
20080208,2
20080210,1
20080214,1
20080216,1
20080226,1
20080228,1
20080305,5
20080306,4
20080312,1
20080317,1
20080320,1
20080321,1
20080402,1
20080403,1
20080407,1
20080410,1
20080411,1
20080412,1
20080414,1
20080415,1
20080421,1
20080423,1
20080424,1
20080425,1
20080428,1
20080430,1
20080501,1
20080505,1
20080507,1
20080514,1
20080515,1
20080519,1
20080524,1
20080529,3
20080530,3
20080602,1
20080605,3
20080606,4
20080609,2
20080613,1
20080619,1
20080709,1
20080710,1
20080711,1
20080712,2
20080718,1
20080721,1
20080722,3
20080723,6
20080724,6
20080725,2
20080729,1
20080805,1
20080807,2
20080808,1
20080811,1
20080812,1
20080813,3
20080815,1
20080821,1
20080830,1
20080904,2
20080905,1
20080922,1
20080925,1
20080929,1
20081002,3
20081003,1
20081005,1
20081006,1
20081007,1
20081008,2
20081009,2
20081010,1
20081011,1
20081012,1
20081013,1
20081017,1
20081025,1
20081030,1
20081103,2
20081106,1
20081107,3
20081112,1
20081113,1
20081114,1
20081115,2
20081123,1
20081204,3
20081205,3
20081207,1
20081211,3
20081212,3
20081216,1
20081218,1
20081224,1
20081228,1
20090105,1
20090106,1
20090107,2
20090108,1
20090109,2
20090114,1
20090117,1
20090120,1
20090125,1
20090204,2
20090205,4
20090206,1
20090210,1
20090211,1
20090213,1
20090214,2
20090218,1
20090221,1
20090225,1
20090226,2
20090302,2
20090305,2
20090306,1
20090310,1
20090314,1
20090321,1
20090323,1
20090325,2
20090327,1
20090328,1
20090402,2
20090403,1
20090410,3
20090411,1
20090413,2
20090415,1
20090420,1
20090422,1
20090424,1
20090427,2
20090429,1
20090430,1
20090504,1
20090508,1
20090514,1
20090526,5
20090528,1
20090602,1
20090605,1
20090609,1
20090621,1
20090622,2
20090623,1
20090624,1
20090625,1
20090626,1
20090629,1
20090701,1
20090703,1
20090710,2
20090713,1
20090716,2
20090729,1
20090731,1
20090803,1
20090804,1
20090805,1
20090807,1
20090820,2
20090824,1
20090904,3
20090910,1
20090911,1
20090926,2
20090930,1
20091002,1
20091005,1
20091007,1
20091008,2
20091009,1
20091010,1
20091013,3
20091017,2
20091019,1
20091027,1
20091028,3
20091030,1
20091106,1
20091116,1
20091119,3
20091127,1
20091129,1
20091201,2
20091203,3
20091204,3
20091206,1
20091208,1
20091209,3
20091210,2
20091214,1
20091215,1
20091218,1
20091223,1
20091226,1
20091228,1
20091231,1
20100107,1
20100108,1
20100125,2
20100130,1
20100201,1
20100202,2
20100205,1
20100219,1
20100224,1
20100226,1
20100302,1
20100303,2
20100304,2
20100313,1
20100317,1
20100323,1
20100330,1
20100401,1
20100406,1
20100409,1
20100415,1
20100420,2
20100505,1
20100506,1
20100507,1
20100508,1
20100518,1
20100519,1
20100523,1
20100524,2
20100527,2
20100528,2
20100618,1
20100702,2
20100706,2
20100708,2
20100709,1
20100712,1
20100717,1
20100720,2
20100721,1
20100728,1
20100729,1
20100730,1
20100731,1
20100805,1
20100806,1
20100810,1
20100816,1
20100818,2
20100819,1
20100825,3
20100826,1
20100831,1
20100901,2
20100902,3
20100903,2
20100908,1
20100914,1
20100924,2
20100927,1
20100930,1
20101003,1
20101004,1
20101005,1
20101006,3
20101007,1
20101018,1
20101020,1
20101022,1
20101024,1
20101025,3
20101027,1
20101028,1
20101101,1
20101103,1
20101111,2
20101120,1
20101123,2
20101202,3
20101205,1
20101206,1
20101207,1
20101208,3
20101209,1
20101213,1
20101214,2
20101219,1
20101221,1
20110103,1
20110107,1
20110111,1
20110114,1
20110126,1
20110203,3
20110204,1
20110208,2
20110212,1
20110215,2
20110217,1
20110222,1
20110223,1
20110228,1
20110301,1
20110302,4
20110304,2
20110309,1
20110311,2
20110316,1
20110317,1
20110321,1
20110324,1
20110325,1
20110329,1
20110330,1
20110404,1
20110407,3
20110408,2
20110411,1
20110412,1
20110413,1
20110416,1
20110420,1
20110423,1
20110425,1
20110430,1
20110504,2
20110505,2
20110506,2
20110509,1
20110512,1
20110517,1
20110518,1
20110520,2
20110523,2
20110524,1
20110525,6
20110526,1
20110529,1
20110602,2
20110603,1
20110607,1
20110611,2
20110617,1
20110620,1
20110621,5
20110623,1
20110627,1
20110628,1
20110629,2
20110630,2
20110706,1
20110707,3
20110708,1
20110713,1
20110716,1
20110721,2
20110724,1
20110729,1
20110731,1
20110801,2
20110802,1
20110804,3
20110805,2
20110806,1
20110808,1
20110816,1
20110817,2
20110822,1
20110824,1
20110829,2
20110901,3
20110902,2
20110908,2
20110910,1
20110912,1
20110913,2
20110914,1
20110915,1
20110916,1
20110921,1
20110922,1
20110923,1
20111002,1
20111003,1
20111004,2
20111005,5
20111006,3
20111007,2
20111015,2
20111019,1
20111020,1
20111026,2
20111027,1
20111031,1
20111102,1
20111109,1
20111111,2
20111117,1
20111118,1
20111119,1
20111122,1
20111127,1
20111201,2
20111202,1
20111204,1
20111205,2
20111207,1
20111208,3
20111209,1
20111211,1
20111214,1
20111221,1
20111223,1
20111224,1
20111229,1
20120103,1
20120105,1
20120109,1
20120113,2
20120121,2
20120125,1
20120126,2
20120130,1
20120131,1
20120202,2
20120203,1
20120204,1
20120207,1
20120212,1
20120216,1
20120217,2
20120221,1
20120225,1
20120226,1
20120228,1
20120229,7
20120301,1
20120302,1
20120308,1
20120312,1
20120320,1
20120328,1
20120329,2
20120330,1
20120403,1
20120405,6
20120410,1
20120412,1
20120413,1
20120420,1
20120425,1
20120426,1
20120501,1
20120503,2
20120504,1
20120508,1
20120510,2
20120517,1
20120518,1
20120521,1
20120523,1
20120524,3
20120528,1
20120530,1
20120601,1
20120603,1
20120604,1
20120605,1
20120608,1
20120611,1
20120612,2
20120614,2
20120617,1
20120627,1
20120628,2
20120705,2
20120706,1
20120711,1
20120712,2
20120713,3
20120716,2
20120720,1
20120726,3
20120727,1
20120730,1
20120801,1
20120802,2
20120816,3
20120822,3
20120827,1
20120829,1
20120830,3
20120903,1
20120904,1
20120905,2
20120906,1
20120914,1
20120917,1
20120919,1
20120928,1
20121004,1
20121005,1
20121009,2
20121010,4
20121012,2
20121013,1
20121015,1
20121016,1
20121018,1
20121024,1
20121025,1
20121028,1
20121029,2
20121031,2
20121101,2
20121102,1
20121104,1
20121106,1
20121109,1
20121112,1
20121119,1
20121121,3
20121127,4
20121128,7
20121129,7
20121130,5
20121202,2
20121204,5
20121205,1
20121207,2
20121210,1
20121211,2
20121212,3
20121216,1
20121218,1
20121219,1
20121221,1
20121223,2
20121224,1
20121226,1
20130102,1
20130103,6
20130106,1
20130108,3
20130114,2
20130117,1
20130118,1
20130123,1
20130125,1
20130131,3
20130201,2
20130207,1
20130213,4
20130214,3
20130215,1
20130218,1
20130219,1
20130220,2
20130221,1
20130226,3
20130227,1
20130305,1
20130307,2
20130308,1
20130311,3
20130312,3
20130313,2
20130319,1
20130320,4
20130322,1
20130327,3
20130329,2
20130403,1
20130404,2
20130411,5
20130415,1
20130417,1
20130430,1
20130501,1
20130508,1
20130509,1
20130510,2
20130515,1
20130521,1
20130523,1
20130526,1
20130528,1
20130529,3
20130530,3
20130603,4
20130606,3
20130607,5
20130608,1
20130611,2
20130612,1
20130623,1
20130627,1
20130702,1
20130703,1
20130710,2
20130711,1
20130717,1
20130723,1
20130724,2
20130729,1
20130807,2
20130809,2
20130810,1
20130811,1
20130812,3
20130813,1
20130814,1
20130819,1
20130820,2
20130823,1
20130827,2
20130829,1
20130902,1
20130903,1
20130905,2
20130913,1
20130916,3
20130917,2
20130918,6
20130921,2
20130923,1
20130924,1
20131004,1
20131007,1
20131009,4
20131010,5
20131014,1
20131015,1
20131029,1
20131031,2
20131101,2
20131107,1
20131113,1
20131114,1
20131117,1
20131118,1
20131120,1
20131123,1
20131124,1
20131125,2
20131126,1
20131129,1
20131201,1
20131205,3
20131210,3
20131211,8
20131212,2
20131219,1
20131224,1
20131229,1
20140109,1
20140110,1
20140113,1
20140118,1
20140121,1
20140123,1
20140124,1
20140126,1
20140128,1
20140129,3
20140131,1
20140203,1
20140204,1
20140206,2
20140212,1
20140214,1
20140226,3
20140303,1
20140306,7
20140307,1
20140310,1
20140313,1
20140321,1
20140323,1
20140325,1
20140326,1
20140328,2
20140401,1
20140408,2
20140410,1
20140416,1
20140418,1
20140422,1
20140424,2
20140427,1
20140505,1
20140506,2
20140508,2
20140509,2
20140512,1
20140519,1
20140520,2
20140521,1
20140522,1
20140525,1
20140528,1
20140529,5
20140530,1
20140605,1
20140606,1
20140611,1
20140615,1
20140616,2
20140617,1
20140622,1
20140624,2
20140627,1
20140703,2
20140704,2
20140707,3
20140708,1
20140710,3
20140711,1
20140714,1
20140717,1
20140723,2
20140724,1
20140730,1
20140731,2
20140805,2
20140807,4
20140813,1
20140819,1
20140822,1
20140825,2
20140826,1
20140828,1
20140902,1
20140903,2
20140904,3
20140905,1
20140908,1
20140909,2
20140919,1
20140921,1
20140922,1
20140924,1
20140929,1
20141002,1
20141007,1
20141008,7
20141009,1
20141014,6
20141015,1
20141016,1
20141017,1
20141020,1
20141022,1
20141023,3
20141026,1
20141027,1
20141028,1
20141105,1
20141106,1
20141107,1
20141111,1
20141112,1
20141125,2
20141128,1
20141130,1
20141204,2
20141205,1
20141207,1
20141208,2
20141209,2
20141210,6
20141211,1
20141212,1
20141213,1
20141214,1
20141218,1
20141222,1
20150102,1
20150105,1
20150106,2
20150107,1
20150108,4
20150113,1
20150116,1
20150120,1
20150123,1
20150126,1
20150129,1
20150130,3
20150201,1
20150202,1
20150203,1
20150206,1
20150211,1
20150212,11
20150213,13
20150219,7
20150220,1
20150225,1
20150302,9
20150303,2
20150304,1
20150305,11
20150308,1
20150309,2
20150316,1
20150317,2
20150318,5
20150324,1
20150325,2
20150326,1
20150327,1
20150329,1
20150330,1
20150331,2
20150401,1
20150406,1
20150408,1
20150409,2
20150412,1
20150416,1
20150417,1
20150420,1
20150421,1
20150422,1
20150424,1
20150426,1
20150427,1
20150428,2
20150430,2
