20050103,4
20050104,1
20050105,3
20050106,3
20050107,1
20050110,2
20050111,8
20050113,1
20050114,3
20050117,1
20050118,2
20050120,1
20050121,2
20050124,1
20050125,1
20050126,3
20050127,3
20050128,3
20050131,3
20050202,2
20050203,1
20050208,1
20050209,2
20050210,1
20050211,1
20050213,1
20050214,1
20050215,2
20050216,2
20050217,2
20050218,5
20050220,1
20050222,1
20050224,2
20050225,1
20050228,2
20050301,2
20050302,2
20050303,1
20050304,2
20050307,6
20050308,2
20050310,1
20050313,1
20050314,2
20050317,4
20050318,2
20050321,1
20050322,1
20050323,3
20050324,2
20050325,1
20050328,1
20050329,2
20050331,2
20050404,2
20050405,2
20050406,1
20050407,1
20050408,1
20050411,1
20050412,1
20050413,2
20050415,1
20050418,1
20050420,3
20050421,2
20050422,4
20050425,3
20050426,2
20050427,1
20050428,2
20050429,2
20050502,1
20050503,2
20050504,1
20050505,4
20050506,3
20050509,3
20050512,3
20050513,1
20050515,1
20050518,4
20050519,4
20050520,1
20050523,1
20050525,2
20050526,1
20050527,3
20050601,4
20050602,4
20050605,1
20050606,1
20050607,1
20050608,1
20050609,3
20050610,1
20050612,2
20050613,4
20050614,1
20050615,3
20050616,2
20050617,2
20050619,2
20050620,2
20050621,1
20050622,2
20050623,2
20050627,3
20050628,1
20050629,1
20050630,4
20050701,5
20050703,2
20050705,4
20050706,2
20050707,1
20050708,2
20050711,5
20050712,2
20050714,4
20050715,1
20050717,1
20050718,1
20050719,2
20050720,6
20050721,3
20050722,3
20050725,2
20050726,3
20050728,2
20050729,2
20050801,1
20050802,6
20050803,6
20050804,1
20050805,2
20050809,2
20050810,1
20050811,4
20050812,3
20050815,3
20050816,4
20050817,5
20050819,6
20050822,1
20050823,3
20050824,3
20050826,1
20050829,2
20050831,3
20050901,4
20050906,1
20050907,6
20050908,2
20050909,2
20050913,2
20050914,2
20050915,1
20050916,1
20050917,3
20050919,1
20050920,2
20050921,3
20050922,3
20050923,3
20050926,1
20050927,2
20050928,2
20050929,3
20050930,1
20051004,1
20051005,3
20051006,2
20051007,2
20051008,2
20051009,1
20051010,2
20051011,2
20051012,1
20051014,1
20051015,1
20051017,2
20051018,2
20051020,3
20051021,2
20051024,4
20051025,3
20051026,6
20051028,1
20051030,1
20051031,3
20051102,1
20051104,3
20051105,2
20051107,2
20051108,1
20051109,3
20051110,1
20051111,3
20051112,1
20051114,2
20051115,1
20051117,3
20051118,4
20051119,1
20051121,6
20051122,3
20051123,3
20051124,1
20051126,3
20051128,2
20051202,1
20051204,1
20051205,2
20051206,2
20051207,3
20051208,3
20051209,2
20051210,4
20051211,2
20051212,1
20051213,2
20051214,1
20051216,2
20051217,1
20051219,1
20051220,3
20051225,1
20051227,3
20051228,2
20051230,2
20051231,2
20060103,4
20060105,2
20060106,4
20060109,4
20060110,3
20060111,1
20060112,3
20060113,4
20060116,1
20060117,2
20060120,2
20060121,1
20060122,1
20060123,1
20060124,3
20060125,3
20060126,1
20060127,2
20060128,4
20060130,2
20060131,6
20060201,3
20060202,1
20060203,5
20060204,1
20060205,1
20060207,1
20060209,1
20060210,1
20060211,2
20060213,1
20060214,3
20060215,2
20060216,3
20060218,2
20060220,1
20060221,2
20060223,2
20060225,1
20060227,2
20060228,1
20060301,4
20060302,6
20060303,1
20060304,1
20060306,4
20060307,5
20060308,6
20060309,1
20060310,1
20060311,1
20060314,4
20060315,1
20060316,1
20060318,2
20060323,2
20060324,2
20060325,1
20060326,1
20060330,1
20060331,2
20060401,2
20060403,4
20060404,3
20060405,2
20060406,1
20060408,2
20060411,1
20060412,2
20060413,1
20060417,3
20060418,2
20060419,2
20060420,1
20060421,2
20060422,1
20060424,2
20060425,2
20060426,1
20060427,4
20060428,2
20060430,1
20060502,2
20060503,2
20060505,1
20060506,1
20060508,3
20060509,1
20060510,1
20060511,1
20060512,1
20060513,2
20060516,2
20060517,1
20060518,2
20060519,3
20060520,2
20060522,3
20060523,3
20060525,3
20060526,2
20060527,1
20060529,1
20060530,5
20060531,2
20060602,3
20060603,2
20060605,1
20060606,4
20060607,3
20060608,4
20060609,1
20060610,2
20060611,1
20060612,1
20060613,4
20060614,1
20060615,1
20060616,1
20060617,2
20060620,2
20060621,2
20060622,1
20060623,3
20060624,1
20060627,2
20060628,1
20060630,1
20060701,1
20060703,1
20060706,1
20060707,2
20060708,2
20060710,4
20060711,2
20060712,1
20060713,1
20060714,2
20060716,1
20060718,2
20060719,1
20060720,2
20060721,1
20060722,2
20060724,1
20060725,1
20060726,1
20060727,3
20060728,1
20060729,3
20060730,1
20060731,1
20060801,1
20060802,1
20060804,1
20060805,3
20060807,3
20060808,1
20060809,2
20060811,3
20060812,2
20060813,1
20060814,4
20060815,1
20060817,2
20060818,3
20060819,4
20060821,2
20060822,1
20060823,1
20060824,1
20060825,1
20060828,2
20060830,2
20060831,1
20060905,2
20060906,2
20060907,2
20060908,1
20060909,3
20060910,1
20060911,4
20060912,2
20060913,2
20060914,3
20060915,2
20060916,1
20060918,3
20060919,1
20060920,1
20060921,1
20060922,6
20060923,4
20060925,3
20060927,1
20060928,1
20060929,2
20060930,3
20061001,1
20061002,1
20061004,2
20061005,2
20061006,1
20061007,1
20061008,1
20061009,2
20061011,3
20061012,10
20061013,3
20061016,3
20061017,2
20061018,3
20061019,3
20061020,3
20061021,2
20061022,1
20061024,1
20061025,2
20061026,1
20061027,1
20061028,1
20061030,1
20061031,1
20061101,1
20061102,4
20061103,1
20061104,2
20061105,1
20061107,2
20061108,3
20061110,5
20061115,2
20061116,1
20061117,2
20061119,1
20061120,1
20061121,5
20061122,2
20061124,2
20061125,1
20061126,1
20061127,3
20061128,3
20061130,1
20061201,4
20061205,3
20061206,2
20061208,2
20061209,1
20061211,1
20061212,3
20061213,1
20061214,4
20061215,4
20061219,1
20061220,1
20061222,3
20061224,1
20061226,2
20061227,1
20061228,2
20061229,1
20061230,4
20061231,1
20070101,1
20070102,4
20070103,4
20070104,2
20070105,1
20070106,2
20070107,1
20070108,2
20070109,3
20070110,1
20070111,1
20070112,2
20070113,1
20070117,1
20070118,1
20070119,2
20070120,1
20070122,4
20070123,2
20070124,2
20070125,1
20070126,1
20070129,6
20070130,1
20070201,1
20070202,1
20070205,1
20070207,2
20070208,1
20070210,2
20070212,2
20070213,3
20070214,5
20070215,1
20070216,2
20070217,2
20070220,1
20070221,2
20070222,4
20070223,4
20070227,1
20070228,2
20070301,2
20070302,1
20070304,1
20070305,2
20070306,3
20070307,4
20070308,5
20070309,2
20070310,2
20070312,1
20070313,1
20070314,1
20070316,4
20070317,2
20070319,1
20070321,3
20070322,2
20070323,3
20070324,1
20070326,2
20070327,4
20070328,2
20070330,1
20070331,1
20070402,1
20070404,2
20070405,1
20070406,1
20070408,1
20070409,1
20070410,1
20070411,1
20070412,1
20070413,3
20070415,1
20070416,1
20070417,2
20070418,3
20070419,1
20070420,1
20070423,1
20070424,4
20070425,1
20070426,5
20070427,6
20070428,1
20070430,5
20070501,3
20070502,6
20070503,1
20070504,2
20070505,2
20070507,2
20070508,1
20070510,2
20070511,1
20070512,3
20070514,3
20070515,1
20070516,4
20070517,3
20070518,4
20070519,1
20070520,1
20070522,2
20070523,3
20070525,2
20070526,1
20070527,1
20070529,4
20070531,5
20070601,3
20070604,2
20070605,1
20070606,7
20070607,1
20070608,2
20070609,1
20070612,1
20070613,1
20070615,3
20070616,1
20070618,2
20070619,2
20070620,1
20070621,1
20070622,2
20070624,1
20070625,4
20070626,4
20070627,4
20070628,3
20070629,1
20070630,1
20070702,1
20070703,3
20070705,3
20070707,1
20070710,2
20070711,1
20070712,1
20070713,2
20070714,1
20070716,4
20070717,4
20070718,5
20070719,7
20070720,1
20070721,1
20070723,2
20070724,1
20070725,1
20070726,1
20070727,3
20070728,2
20070730,3
20070731,1
20070801,3
20070802,2
20070803,2
20070804,2
20070806,2
20070808,4
20070809,2
20070810,3
20070811,1
20070814,3
20070815,4
20070816,2
20070817,3
20070818,1
20070820,2
20070822,3
20070823,1
20070824,3
20070825,3
20070827,1
20070828,2
20070829,3
20070830,4
20070831,2
20070901,1
20070905,6
20070906,1
20070907,2
20070908,1
20070910,5
20070911,1
20070913,4
20070914,5
20070915,1
20070916,1
20070917,7
20070918,2
20070919,3
20070920,1
20070921,1
20070922,2
20070924,3
20070926,3
20070927,1
20070928,3
20071001,4
20071002,2
20071003,4
20071005,1
20071006,1
20071008,5
20071009,2
20071010,1
20071011,2
20071012,5
20071013,1
20071014,1
20071015,11
20071016,3
20071017,1
20071019,10
20071020,3
20071021,2
20071022,5
20071023,5
20071024,1
20071027,1
20071029,2
20071030,1
20071031,4
20071101,2
20071102,2
20071103,1
20071105,2
20071106,3
20071107,2
20071108,4
20071109,1
20071110,2
20071112,2
20071113,2
20071114,3
20071115,4
20071116,1
20071117,1
20071121,2
20071123,3
20071126,1
20071128,2
20071129,4
20071130,5
20071201,2
20071203,4
20071204,2
20071205,2
20071206,1
20071207,4
20071210,4
20071211,2
20071212,3
20071213,3
20071214,1
20071215,1
20071217,4
20071219,2
20071220,2
20071221,5
20071222,2
20071223,1
20071224,1
20071226,4
20071227,2
20071228,3
20080102,1
20080103,2
20080104,1
20080105,1
20080108,1
20080109,2
20080110,2
20080111,1
20080112,1
20080115,6
20080116,1
20080117,1
20080118,3
20080119,1
20080121,1
20080122,5
20080123,4
20080124,4
20080125,3
20080128,1
20080129,5
20080130,3
20080131,5
20080201,3
20080202,2
20080203,1
20080204,2
20080205,1
20080206,3
20080208,2
20080209,1
20080212,7
20080213,2
20080214,1
20080215,3
20080216,1
20080220,5
20080221,1
20080222,4
20080225,1
20080226,2
20080227,2
20080228,2
20080303,1
20080305,3
20080306,3
20080307,1
20080308,1
20080310,1
20080311,1
20080312,2
20080313,3
20080314,5
20080315,3
20080317,5
20080318,2
20080319,2
20080320,3
20080322,1
20080324,2
20080325,1
20080326,6
20080327,2
20080328,2
20080329,4
20080331,2
20080401,3
20080402,2
20080403,3
20080404,4
20080405,3
20080406,1
20080407,2
20080408,3
20080409,2
20080410,2
20080411,3
20080412,1
20080414,2
20080415,3
20080416,3
20080417,4
20080418,1
20080419,2
20080421,5
20080423,3
20080424,1
20080425,6
20080426,2
20080428,3
20080429,3
20080430,1
20080501,1
20080502,1
20080503,1
20080505,2
20080506,6
20080507,3
20080508,1
20080509,2
20080512,1
20080513,2
20080514,3
20080515,3
20080516,2
20080517,2
20080519,3
20080520,1
20080521,2
20080522,2
20080523,1
20080524,4
20080527,2
20080529,2
20080530,6
20080531,1
20080602,3
20080603,4
20080604,3
20080605,1
20080606,1
20080607,2
20080609,1
20080610,2
20080611,3
20080612,4
20080613,3
20080614,1
20080616,2
20080617,2
20080618,2
20080619,2
20080621,1
20080623,2
20080624,3
20080626,5
20080627,1
20080628,1
20080630,7
20080701,2
20080702,1
20080703,4
20080705,2
20080706,1
20080707,1
20080708,4
20080709,5
20080710,4
20080711,3
20080712,1
20080714,1
20080717,2
20080718,2
20080719,2
20080721,4
20080722,2
20080723,3
20080724,1
20080725,4
20080726,1
20080728,3
20080729,1
20080730,3
20080731,3
20080801,2
20080802,1
20080803,1
20080805,3
20080806,4
20080807,1
20080808,5
20080809,1
20080811,2
20080812,1
20080813,2
20080814,3
20080816,1
20080819,1
20080820,4
20080821,4
20080822,6
20080823,1
20080824,1
20080825,5
20080826,1
20080827,1
20080828,2
20080829,6
20080830,4
20080901,2
20080902,3
20080903,4
20080904,5
20080905,4
20080906,2
20080907,1
20080908,2
20080909,4
20080910,2
20080911,4
20080912,7
20080913,1
20080914,2
20080915,12
20080916,7
20080917,3
20080918,9
20080919,6
20080920,4
20080921,1
20080922,3
20080923,2
20080924,5
20080926,3
20080927,3
20080928,1
20080929,4
20080930,12
20081001,5
20081002,10
20081003,8
20081004,1
20081006,6
20081007,4
20081008,6
20081009,10
20081010,11
20081011,6
20081013,10
20081014,8
20081015,7
20081016,7
20081017,7
20081018,4
20081019,1
20081020,1
20081021,4
20081022,5
20081023,6
20081024,5
20081025,4
20081026,1
20081027,3
20081028,8
20081029,2
20081030,5
20081031,5
20081101,1
20081102,1
20081103,4
20081104,6
20081105,6
20081106,5
20081107,9
20081108,2
20081110,2
20081111,1
20081112,1
20081113,1
20081114,4
20081115,2
20081116,1
20081118,3
20081119,1
20081120,5
20081121,4
20081122,2
20081124,1
20081125,3
20081126,1
20081127,1
20081128,3
20081129,1
20081204,1
20081209,3
20081216,1
20081217,1
20081219,2
20081222,2
20081223,2
20081224,1
20081227,1
20081231,1
20090101,1
20090102,4
20090103,1
20090105,2
20090106,3
20090107,2
20090108,3
20090109,3
20090110,1
20090111,1
20090112,4
20090113,4
20090114,1
20090115,16
20090116,13
20090117,6
20090118,1
20090119,2
20090120,3
20090121,3
20090122,3
20090123,1
20090124,2
20090125,2
20090126,6
20090127,5
20090128,4
20090129,1
20090130,2
20090201,1
20090202,1
20090203,5
20090204,2
20090205,6
20090206,5
20090207,2
20090209,5
20090210,1
20090211,3
20090212,2
20090213,13
20090214,2
20090215,3
20090216,2
20090217,7
20090218,5
20090219,1
20090220,6
20090221,2
20090222,1
20090223,4
20090224,2
20090225,2
20090226,7
20090227,8
20090228,3
20090302,3
20090303,1
20090304,5
20090305,1
20090306,2
20090307,3
20090309,5
20090310,4
20090311,4
20090312,3
20090313,4
20090314,2
20090316,2
20090317,2
20090318,1
20090319,4
20090320,4
20090321,2
20090323,8
20090324,5
20090325,3
20090326,6
20090327,5
20090328,2
20090330,4
20090331,4
20090401,3
20090402,4
20090403,2
20090406,5
20090407,4
20090408,3
20090409,2
20090410,1
20090411,3
20090412,1
20090413,3
20090414,5
20090415,6
20090416,1
20090417,6
20090418,1
20090421,1
20090422,5
20090423,2
20090424,3
20090425,1
20090427,2
20090428,1
20090429,3
20090430,4
20090501,4
20090504,3
20090505,6
20090507,3
20090508,4
20090509,1
20090510,2
20090511,5
20090512,7
20090513,7
20090514,6
20090515,3
20090516,2
20090517,2
20090518,2
20090519,4
20090520,7
20090521,4
20090522,5
20090523,1
20090525,1
20090526,3
20090527,1
20090528,1
20090529,5
20090530,2
20090601,5
20090602,4
20090603,7
20090604,9
20090605,2
20090606,5
20090607,2
20090608,6
20090609,7
20090610,9
20090611,4
20090612,2
20090613,3
20090614,1
20090615,4
20090616,6
20090617,2
20090618,1
20090619,7
20090620,3
20090622,6
20090623,7
20090624,6
20090625,5
20090626,5
20090627,3
20090629,3
20090630,5
20090701,3
20090702,3
20090703,2
20090704,1
20090706,2
20090707,3
20090708,1
20090709,3
20090710,7
20090711,2
20090713,3
20090714,3
20090715,4
20090716,5
20090717,6
20090718,2
20090719,3
20090720,3
20090721,2
20090722,1
20090723,4
20090724,3
20090725,1
20090726,2
20090727,2
20090728,3
20090729,5
20090730,5
20090731,2
20090801,2
20090802,1
20090803,3
20090804,2
20090805,3
20090806,1
20090807,1
20090808,1
20090809,1
20090810,3
20090811,7
20090812,4
20090813,5
20090814,4
20090815,4
20090816,1
20090817,1
20090818,1
20090819,3
20090820,5
20090821,3
20090824,5
20090825,6
20090826,6
20090827,5
20090828,5
20090829,2
20090830,2
20090831,3
20090901,2
20090902,3
20090903,2
20090904,2
20090905,1
20090907,1
20090908,3
20090909,2
20090910,4
20090911,9
20090913,1
20090914,1
20090915,5
20090916,5
20090917,3
20090918,2
20090919,2
20090920,3
20090921,7
20090922,3
20090923,3
20090924,4
20090925,4
20090926,1
20090927,1
20090928,4
20090929,3
20090930,1
20091001,4
20091002,2
20091003,1
20091004,1
20091006,4
20091007,4
20091008,2
20091009,5
20091010,1
20091011,1
20091012,3
20091013,4
20091014,3
20091015,6
20091016,7
20091017,2
20091018,1
20091019,1
20091020,4
20091021,5
20091022,3
20091023,3
20091024,2
20091026,4
20091027,1
20091029,5
20091030,4
20091031,3
20091102,1
20091103,4
20091104,1
20091105,4
20091106,4
20091109,3
20091110,2
20091111,4
20091112,1
20091113,1
20091114,2
20091115,2
20091116,1
20091117,5
20091118,8
20091119,1
20091120,5
20091121,1
20091122,1
20091123,2
20091124,4
20091125,2
20091126,3
20091127,5
20091128,8
20091129,4
20091130,9
20091201,7
20091202,4
20091203,5
20091204,1
20091205,4
20091207,2
20091208,5
20091209,2
20091210,1
20091211,4
20091214,3
20091215,5
20091216,2
20091217,3
20091218,3
20091220,4
20091221,5
20091222,5
20091223,6
20091224,4
20091228,4
20091229,2
20091230,5
20091231,3
20100101,2
20100102,1
20100104,3
20100105,5
20100106,4
20100107,7
20100108,3
20100109,1
20100111,3
20100112,2
20100113,4
20100114,4
20100115,3
20100116,1
20100118,1
20100119,4
20100120,7
20100121,1
20100122,4
20100123,1
20100124,4
20100125,7
20100126,2
20100127,3
20100128,3
20100129,6
20100130,2
20100131,2
20100201,5
20100202,2
20100203,11
20100204,2
20100205,5
20100206,2
20100207,1
20100208,5
20100209,6
20100211,5
20100212,6
20100213,6
20100214,6
20100215,5
20100216,5
20100217,8
20100218,10
20100219,12
20100220,5
20100221,2
20100222,4
20100223,5
20100224,9
20100225,12
20100226,3
20100227,3
20100301,4
20100302,1
20100303,3
20100304,5
20100305,3
20100306,2
20100307,1
20100309,2
20100310,6
20100311,7
20100312,4
20100313,1
20100315,3
20100316,5
20100317,1
20100318,2
20100319,3
20100320,3
20100321,3
20100322,1
20100323,4
20100324,2
20100326,1
20100327,2
20100329,1
20100331,1
20100401,4
20100402,3
20100403,1
20100404,1
20100405,3
20100407,1
20100408,3
20100409,8
20100410,8
20100411,8
20100412,8
20100413,5
20100414,2
20100415,4
20100416,4
20100417,6
20100418,4
20100419,6
20100420,5
20100421,4
20100422,3
20100423,5
20100424,1
20100425,3
20100426,2
20100427,5
20100428,7
20100429,9
20100430,2
20100501,2
20100502,1
20100503,3
20100504,4
20100505,5
20100506,1
20100507,6
20100508,5
20100509,1
20100510,7
20100511,6
20100512,6
20100513,9
20100514,5
20100515,5
20100516,1
20100517,8
20100518,9
20100519,7
20100520,10
20100521,12
20100522,9
20100523,9
20100524,10
20100525,7
20100526,6
20100527,12
20100528,8
20100529,6
20100530,3
20100601,12
20100602,3
20100603,8
20100604,11
20100605,5
20100606,2
20100607,3
20100608,2
20100609,6
20100610,9
20100611,13
20100612,4
20100613,4
20100614,4
20100615,8
20100616,10
20100617,8
20100618,6
20100619,5
20100620,6
20100621,9
20100622,8
20100623,8
20100624,8
20100625,5
20100626,3
20100627,1
20100628,1
20100629,7
20100630,9
20100701,5
20100702,4
20100703,6
20100704,2
20100705,4
20100706,5
20100707,6
20100708,7
20100709,3
20100710,5
20100712,7
20100713,13
20100714,7
20100715,4
20100716,3
20100717,4
20100719,7
20100720,4
20100721,8
20100722,4
20100723,6
20100724,4
20100726,7
20100727,5
20100728,8
20100729,9
20100730,6
20100731,2
20100802,7
20100803,5
20100804,4
20100805,9
20100806,7
20100807,4
20100808,2
20100809,4
20100810,14
20100811,13
20100812,8
20100813,10
20100814,4
20100815,2
20100816,6
20100817,10
20100818,9
20100819,7
20100820,3
20100821,2
20100822,1
20100823,5
20100824,14
20100825,18
20100826,7
20100827,4
20100828,2
20100829,3
20100830,7
20100831,3
20100901,7
20100902,8
20100903,4
20100904,3
20100905,6
20100906,6
20100907,7
20100908,13
20100909,12
20100910,10
20100911,5
20100912,5
20100913,14
20100914,9
20100915,7
20100916,8
20100917,3
20100918,3
20100919,4
20100920,11
20100921,9
20100922,11
20100923,5
20100924,9
20100925,7
20100927,12
20100928,6
20100929,9
20100930,2
20101001,19
20101002,6
20101003,2
20101004,10
20101005,12
20101006,6
20101007,10
20101008,11
20101009,9
20101010,3
20101011,10
20101012,7
20101013,4
20101014,9
20101015,7
20101016,4
20101017,1
20101018,5
20101019,6
20101020,5
20101021,6
20101022,5
20101023,4
20101024,1
20101025,6
20101026,9
20101027,6
20101028,5
20101029,7
20101030,3
20101031,1
20101101,9
20101102,6
20101103,8
20101104,6
20101105,11
20101106,3
20101108,8
20101109,5
20101110,4
20101111,6
20101112,4
20101113,1
20101115,2
20101116,5
20101117,6
20101118,7
20101119,5
20101120,4
20101122,4
20101123,7
20101124,4
20101125,2
20101126,9
20101127,3
20101128,4
20101129,3
20101130,5
20101201,4
20101202,6
20101203,5
20101204,5
20101205,1
20101206,9
20101207,8
20101208,10
20101209,4
20101210,5
20101211,5
20101212,1
20101213,2
20101214,8
20101215,9
20101216,6
20101217,10
20101218,1
20101219,1
20101220,4
20101221,1
20101222,4
20101223,6
20101224,2
20101227,3
20101228,7
20101229,5
20101230,7
20101231,4
20110101,1
20110102,3
20110103,7
20110104,3
20110105,3
20110106,6
20110107,3
20110108,5
20110109,1
20110110,5
20110111,3
20110112,8
20110113,7
20110114,6
20110115,3
20110116,1
20110117,1
20110118,7
20110119,3
20110120,4
20110121,13
20110122,4
20110123,1
20110124,3
20110125,4
20110126,5
20110127,6
20110128,4
20110129,6
20110130,1
20110131,7
20110201,3
20110202,3
20110203,3
20110204,7
20110205,5
20110206,1
20110207,15
20110208,5
20110209,5
20110210,6
20110211,10
20110212,2
20110213,2
20110214,7
20110215,5
20110216,2
20110217,6
20110218,6
20110219,5
20110221,1
20110222,12
20110223,7
20110224,4
20110225,6
20110226,5
20110227,1
20110228,6
20110301,5
20110302,3
20110303,5
20110304,8
20110305,1
20110306,2
20110307,7
20110308,1
20110309,9
20110310,8
20110311,5
20110312,4
20110313,1
20110314,12
20110315,8
20110316,8
20110317,2
20110318,8
20110319,1
20110321,6
20110322,7
20110323,9
20110324,6
20110325,5
20110326,5
20110327,1
20110328,3
20110329,4
20110330,2
20110331,8
20110401,3
20110402,1
20110403,3
20110404,11
20110405,9
20110406,5
20110407,5
20110408,4
20110409,5
20110410,1
20110411,6
20110412,2
20110413,4
20110415,5
20110416,6
20110417,1
20110418,4
20110419,7
20110420,2
20110421,5
20110422,3
20110423,5
20110425,7
20110426,7
20110427,7
20110428,9
20110429,6
20110430,2
20110502,5
20110503,12
20110504,7
20110505,6
20110506,18
20110507,3
20110508,3
20110509,11
20110510,6
20110511,3
20110512,10
20110513,11
20110514,4
20110515,1
20110516,8
20110517,5
20110518,3
20110519,6
20110520,11
20110521,1
20110522,2
20110523,4
20110524,5
20110525,4
20110526,6
20110527,15
20110528,4
20110529,2
20110530,1
20110531,8
20110601,7
20110602,6
20110603,6
20110604,1
20110605,4
20110606,2
20110607,8
20110608,7
20110609,5
20110610,12
20110611,5
20110612,1
20110613,3
20110614,7
20110615,5
20110616,4
20110617,8
20110618,4
20110619,1
20110620,8
20110621,9
20110622,9
20110623,4
20110624,6
20110625,5
20110627,3
20110628,5
20110629,4
20110630,8
20110701,6
20110702,3
20110703,1
20110705,7
20110706,3
20110707,3
20110708,7
20110709,5
20110710,2
20110711,10
20110712,9
20110713,5
20110714,3
20110715,3
20110716,1
20110718,3
20110719,9
20110720,9
20110721,5
20110722,1
20110723,4
20110724,3
20110725,10
20110726,10
20110727,14
20110728,14
20110729,10
20110730,8
20110731,1
20110801,12
20110802,12
20110803,8
20110804,13
20110805,16
20110806,6
20110807,2
20110808,24
20110809,15
20110810,7
20110811,13
20110812,16
20110813,4
20110815,7
20110816,10
20110817,6
20110818,19
20110819,11
20110820,4
20110821,3
20110822,6
20110823,6
20110824,10
20110825,4
20110826,7
20110828,1
20110829,2
20110830,4
20110831,6
20110901,8
20110902,12
20110903,3
20110904,3
20110906,4
20110907,14
20110908,17
20110909,16
20110910,5
20110911,6
20110912,5
20110913,9
20110914,11
20110915,7
20110916,8
20110917,6
20110918,2
20110919,6
20110920,4
20110921,10
20110922,10
20110923,4
20110924,4
20110925,3
20110926,5
20110927,11
20110928,11
20110929,10
20110930,9
20111001,6
20111003,4
20111004,4
20111005,10
20111006,2
20111007,9
20111008,4
20111010,10
20111011,3
20111012,8
20111013,4
20111014,6
20111015,3
20111016,2
20111017,12
20111018,12
20111019,7
20111020,11
20111021,6
20111022,6
20111023,3
20111024,7
20111025,2
20111026,8
20111027,4
20111028,8
20111029,3
20111031,11
20111101,6
20111102,6
20111103,5
20111104,2
20111105,4
20111106,3
20111107,6
20111108,5
20111109,14
20111110,3
20111111,10
20111112,4
20111113,1
20111114,8
20111115,6
20111116,8
20111117,3
20111118,2
20111119,9
20111120,1
20111121,6
20111122,4
20111123,2
20111124,1
20111125,7
20111126,5
20111127,1
20111128,12
20111129,10
20111130,6
20111201,1
20111202,5
20111203,2
20111204,1
20111205,14
20111206,4
20111207,5
20111208,6
20111209,2
20111210,5
20111211,1
20111212,10
20111213,5
20111214,8
20111215,6
20111216,8
20111217,4
20111218,2
20111219,4
20111220,7
20111221,10
20111222,10
20111223,7
20111224,6
20111225,2
20111227,7
20111228,3
20111229,9
20111230,6
20111231,5
20120102,1
20120103,8
20120104,8
20120105,9
20120106,8
20120107,4
20120108,3
20120109,3
20120110,7
20120111,5
20120112,5
20120113,3
20120114,4
20120115,2
20120116,4
20120117,5
20120118,3
20120119,3
20120120,4
20120121,5
20120122,1
20120123,3
20120124,5
20120125,8
20120126,5
20120127,9
20120128,2
20120129,2
20120130,7
20120131,7
20120201,4
20120202,4
20120203,10
20120204,4
20120205,1
20120206,10
20120207,4
20120208,10
20120209,9
20120210,10
20120211,4
20120212,1
20120213,7
20120214,1
20120215,7
20120216,5
20120217,5
20120218,4
20120219,1
20120220,1
20120221,3
20120222,12
20120223,4
20120224,6
20120225,3
20120226,4
20120227,12
20120228,8
20120229,9
20120301,7
20120302,10
20120303,4
20120304,5
20120305,4
20120306,7
20120307,7
20120308,4
20120309,7
20120310,3
20120311,3
20120312,8
20120313,13
20120314,7
20120315,12
20120316,9
20120317,3
20120318,1
20120319,4
20120320,8
20120321,6
20120322,3
20120323,18
20120324,2
20120325,6
20120326,5
20120327,5
20120328,6
20120329,5
20120330,6
20120401,1
20120402,12
20120403,7
20120404,8
20120405,4
20120406,6
20120407,2
20120408,4
20120409,2
20120410,3
20120411,7
20120412,6
20120413,13
20120414,2
20120415,1
20120416,9
20120417,6
20120418,4
20120419,4
20120420,10
20120421,1
20120422,4
20120423,8
20120424,3
20120425,3
20120426,8
20120427,6
20120429,4
20120430,3
20120501,4
20120502,7
20120503,5
20120504,8
20120505,1
20120506,4
20120507,6
20120508,7
20120509,10
20120510,16
20120511,10
20120512,3
20120513,3
20120514,5
20120515,6
20120516,2
20120517,5
20120518,7
20120520,2
20120522,10
20120523,4
20120524,12
20120525,11
20120526,2
20120527,3
20120528,4
20120529,11
20120530,3
20120531,8
20120601,8
20120603,4
20120604,8
20120605,6
20120606,5
20120607,8
20120608,4
20120609,2
20120610,3
20120611,20
20120612,3
20120613,2
20120614,10
20120615,4
20120617,3
20120618,3
20120619,10
20120620,8
20120621,10
20120622,1
20120624,2
20120625,4
20120626,4
20120627,5
20120628,6
20120629,7
20120701,3
20120702,5
20120703,8
20120704,1
20120705,7
20120706,2
20120708,2
20120709,6
20120710,3
20120711,11
20120712,4
20120713,10
20120714,1
20120715,4
20120716,7
20120717,8
20120718,3
20120719,10
20120720,5
20120722,5
20120723,5
20120724,10
20120725,7
20120726,6
20120727,5
20120728,1
20120729,2
20120730,2
20120731,3
20120801,9
20120802,11
20120803,10
20120805,2
20120806,11
20120807,5
20120808,2
20120809,11
20120810,13
20120811,2
20120812,1
20120813,5
20120814,6
20120815,12
20120816,4
20120817,9
20120819,1
20120820,8
20120821,9
20120822,8
20120824,1
20120826,2
20120827,2
20120828,7
20120829,4
20120830,3
20120831,6
20120901,2
20120902,2
20120903,2
20120904,7
20120905,9
20120906,6
20120907,6
20120909,2
20120910,5
20120911,8
20120912,6
20120913,3
20120914,4
20120916,1
20120917,2
20120918,4
20120919,10
20120920,4
20120921,10
20120922,1
20120924,7
20120925,3
20120926,13
20120927,4
20120928,3
20120929,1
20120930,2
20121001,9
20121002,13
20121003,7
20121004,8
20121005,11
20121007,3
20121008,6
20121009,3
20121010,5
20121011,3
20121012,9
20121014,2
20121015,8
20121016,3
20121017,6
20121018,6
20121019,30
20121021,5
20121022,10
20121023,7
20121024,7
20121025,3
20121026,5
20121028,1
20121029,5
20121030,5
20121031,2
20121101,5
20121102,8
20121104,2
20121105,1
20121106,6
20121107,1
20121108,2
20121109,13
20121110,1
20121111,2
20121112,6
20121114,5
20121115,5
20121116,10
20121118,1
20121119,3
20121120,8
20121121,4
20121122,3
20121123,4
20121124,1
20121125,1
20121126,3
20121127,6
20121128,9
20121129,2
20121130,5
20121201,2
20121202,4
20121203,6
20121204,4
20121205,5
20121206,6
20121207,4
20121209,2
20121210,13
20121211,4
20121212,3
20121213,4
20121214,10
20121216,7
20121217,6
20121218,5
20121219,1
20121220,13
20121221,5
20121222,1
20121223,1
20121224,1
20121225,3
20121226,11
20121227,9
20121228,5
20121229,2
20121230,2
20121231,4
20130101,3
20130102,1
20130103,6
20130104,5
20130105,1
20130106,1
20130107,1
20130108,7
20130109,10
20130110,8
20130111,12
20130114,5
20130115,2
20130116,11
20130117,7
20130118,10
20130119,2
20130120,3
20130121,3
20130122,5
20130123,4
20130124,5
20130125,12
20130126,2
20130127,2
20130128,1
20130129,2
20130130,4
20130131,8
20130201,9
20130203,3
20130204,5
20130205,9
20130206,6
20130207,3
20130208,3
20130209,2
20130211,4
20130212,7
20130213,3
20130214,6
20130215,11
20130216,1
20130217,3
20130218,5
20130219,7
20130220,4
20130221,6
20130222,6
20130223,3
20130224,4
20130225,3
20130226,9
20130227,10
20130228,10
20130301,6
20130302,1
20130303,9
20130304,6
20130305,14
20130306,6
20130307,15
20130308,10
20130310,3
20130311,5
20130312,5
20130313,4
20130314,7
20130315,5
20130316,1
20130317,2
20130318,11
20130319,9
20130320,12
20130321,9
20130322,12
20130323,1
20130325,5
20130326,6
20130327,3
20130328,2
20130329,7
20130331,3
20130401,4
20130402,6
20130403,4
20130405,6
20130406,1
20130407,5
20130408,7
20130409,3
20130410,5
20130411,4
20130412,7
20130413,2
20130414,6
20130415,10
20130416,9
20130417,8
20130418,3
20130419,6
20130420,1
20130421,4
20130422,8
20130423,10
20130424,14
20130425,18
20130426,11
20130428,2
20130429,9
20130430,6
20130501,6
20130502,8
20130503,5
20130505,6
20130506,8
20130507,5
20130508,11
20130509,2
20130510,1
20130512,2
20130513,3
20130514,7
20130515,10
20130516,8
20130517,7
20130518,3
20130519,5
20130520,7
20130521,6
20130522,7
20130523,8
20130524,15
20130526,1
20130527,3
20130528,5
20130529,5
20130530,8
20130531,12
20130602,1
20130603,8
20130604,4
20130605,3
20130606,5
20130607,3
20130609,5
20130610,3
20130611,2
20130612,3
20130613,8
20130614,5
20130615,1
20130617,8
20130618,3
20130619,13
20130620,6
20130621,2
20130622,2
20130623,2
20130624,4
20130625,5
20130626,6
20130627,7
20130628,1
20130629,1
20130630,2
20130701,3
20130702,5
20130703,5
20130704,1
20130705,5
20130706,2
20130707,18
20130708,32
20130709,26
20130710,24
20130711,14
20130712,8
20130713,1
20130714,7
20130715,8
20130716,13
20130717,8
20130718,10
20130719,6
20130721,1
20130722,6
20130723,6
20130724,9
20130725,10
20130726,8
20130727,2
20130728,6
20130729,7
20130730,9
20130731,7
20130801,10
20130802,10
20130803,1
20130804,4
20130805,7
20130806,6
20130807,5
20130808,5
20130809,10
20130810,1
20130811,5
20130812,9
20130813,9
20130814,9
20130815,7
20130816,9
20130817,4
20130818,1
20130819,3
20130820,9
20130821,8
20130822,10
20130823,10
20130824,2
20130825,5
20130826,9
20130827,11
20130828,8
20130829,5
20130830,9
20130831,2
20130902,2
20130903,4
20130904,3
20130905,9
20130906,8
20130908,3
20130909,8
20130910,6
20130911,7
20130912,6
20130913,5
20130914,1
20130915,1
20130916,5
20130917,7
20130918,3
20130919,9
20130920,6
20130921,1
20130923,5
20130924,4
20130925,10
20130926,7
20130927,8
20130929,2
20130930,3
20131001,4
20131002,7
20131003,10
20131004,8
20131006,4
20131007,9
20131008,9
20131009,7
20131010,9
20131011,10
20131013,2
20131014,5
20131015,6
20131016,3
20131017,11
20131018,7
20131019,3
20131020,5
20131021,5
20131022,1
20131023,4
20131024,7
20131025,7
20131026,1
20131027,1
20131028,4
20131029,11
20131030,10
20131031,9
20131101,7
20131102,1
20131103,1
20131104,6
20131105,5
20131106,6
20131107,9
20131108,6
20131109,2
20131110,4
20131111,6
20131112,5
20131113,4
20131114,14
20131115,6
20131117,4
20131118,6
20131119,9
20131120,5
20131121,3
20131122,4
20131123,2
20131124,2
20131125,2
20131126,4
20131127,4
20131128,5
20131129,2
20131130,6
20131201,5
20131202,20
20131203,13
20131204,13
20131205,7
20131206,9
20131207,2
20131208,6
20131209,10
20131210,3
20131211,9
20131212,10
20131213,12
20131214,1
20131215,3
20131216,2
20131217,4
20131218,5
20131219,12
20131220,7
20131221,2
20131222,3
20131223,5
20131224,2
20131226,2
20131227,5
20131229,2
20131230,9
20131231,2
20140101,3
20140102,9
20140103,6
20140105,6
20140106,6
20140107,5
20140108,8
20140109,7
20140110,8
20140111,2
20140112,3
20140113,6
20140114,7
20140115,4
20140116,9
20140117,10
20140118,1
20140119,2
20140120,3
20140121,6
20140122,9
20140123,11
20140124,3
20140125,2
20140126,1
20140127,1
20140128,6
20140129,6
20140130,6
20140131,7
20140201,1
20140202,3
20140203,6
20140204,6
20140205,6
20140206,5
20140207,12
20140208,1
20140209,5
20140210,11
20140211,9
20140212,12
20140213,9
20140214,9
20140215,2
20140216,2
20140217,3
20140218,9
20140219,6
20140220,14
20140221,12
20140224,1
20140225,8
20140226,5
20140227,1
20140228,6
20140302,2
20140303,2
20140304,2
20140305,6
20140306,8
20140307,10
20140308,11
20140309,10
20140310,21
20140311,15
20140312,8
20140313,17
20140314,16
20140315,3
20140316,1
20140317,5
20140318,6
20140319,16
20140320,13
20140321,5
20140322,1
20140323,3
20140324,12
20140325,18
20140326,13
20140327,7
20140328,10
20140329,3
20140330,1
20140331,14
20140401,11
20140402,6
20140403,8
20140404,5
20140405,1
20140406,3
20140407,6
20140408,8
20140409,6
20140410,7
20140411,8
20140412,2
20140413,2
20140414,7
20140415,7
20140416,4
20140417,4
20140418,6
20140419,1
20140420,6
20140421,4
20140422,4
20140423,5
20140424,3
20140425,5
20140426,1
20140427,2
20140428,7
20140429,3
20140430,5
20140501,7
20140502,8
20140503,1
20140504,2
20140505,7
20140506,8
20140507,4
20140508,9
20140510,2
20140511,5
20140512,6
20140513,11
20140514,10
20140515,9
20140516,8
20140517,2
20140518,5
20140519,5
20140520,5
20140521,4
20140522,7
20140523,4
20140525,1
20140526,5
20140527,5
20140528,5
20140529,3
20140530,3
20140531,1
20140601,5
20140602,8
20140603,2
20140604,6
20140605,12
20140606,8
20140607,1
20140608,6
20140609,6
20140610,4
20140611,8
20140612,9
20140613,14
20140614,1
20140615,2
20140616,8
20140617,11
20140618,2
20140619,11
20140620,8
20140621,1
20140622,1
20140623,3
20140624,9
20140625,10
20140626,10
20140627,9
20140629,4
20140630,6
20140701,5
20140702,3
20140703,3
20140704,5
20140705,1
20140706,3
20140707,9
20140708,11
20140709,5
20140710,5
20140711,5
20140712,2
20140713,5
20140714,3
20140715,7
20140716,7
20140717,44
20140718,57
20140719,21
20140720,25
20140721,34
20140722,34
20140723,34
20140724,34
20140725,18
20140726,4
20140727,8
20140728,14
20140729,8
20140730,15
20140731,8
20140801,12
20140802,2
20140803,6
20140804,6
20140805,10
20140806,9
20140807,12
20140808,6
20140809,2
20140810,2
20140811,10
20140812,7
20140813,92
20140814,11
20140815,4
20140816,2
20140817,2
20140818,7
20140819,8
20140820,10
20140821,6
20140822,2
20140823,2
20140824,2
20140825,5
20140826,11
20140827,16
20140828,7
20140829,12
20140901,4
20140902,3
20140903,4
20140904,12
20140905,6
20140906,1
20140907,11
20140908,6
20140909,15
20140910,4
20140911,2
20140912,6
20140913,1
20140914,3
20140915,8
20140916,6
20140917,3
20140918,3
20140919,5
20140920,1
20140921,4
20140922,4
20140923,5
20140924,11
20140925,2
20140926,8
20140927,2
20140928,2
20140929,8
20140930,4
20141001,5
20141002,13
20141003,5
20141004,4
20141005,7
20141006,6
20141007,9
20141008,7
20141009,8
20141010,9
20141012,5
20141013,8
20141014,7
20141015,5
20141016,3
20141017,9
20141018,1
20141019,3
20141020,10
20141021,21
20141022,12
20141023,6
20141024,6
20141025,2
20141026,2
20141027,13
20141028,10
20141029,8
20141030,9
20141031,9
20141101,3
20141102,5
20141103,11
20141104,8
20141105,5
20141106,9
20141107,3
20141108,1
20141109,3
20141110,9
20141111,4
20141112,9
20141113,10
20141114,10
20141115,2
20141116,8
20141117,7
20141118,5
20141119,4
20141120,5
20141121,7
20141122,1
20141123,5
20141124,4
20141125,7
20141126,7
20141127,1
20141128,4
20141129,1
20141130,3
20141201,4
20141202,9
20141203,18
20141204,5
20141205,5
20141207,1
20141208,5
20141209,4
20141210,7
20141211,9
20141212,3
20141213,1
20141215,8
20141216,9
20141217,1
20141218,4
20141219,10
20141220,1
20141221,4
20141222,7
20141223,11
20141224,5
20141225,3
20141226,7
20141228,8
20141229,9
20141230,16
20141231,16
20150101,5
20150102,11
20150103,8
20150104,9
20150105,12
20150106,8
20150107,14
20150108,11
20150109,11
20150110,1
20150111,5
20150112,17
20150113,15
20150114,9
20150115,5
20150116,11
20150117,1
20150118,1
20150119,2
20150120,8
20150121,6
20150122,5
20150123,2
20150124,1
20150125,4
20150126,14
20150127,12
20150128,13
20150129,9
20150130,7
20150131,1
20150201,3
20150202,6
20150203,14
20150204,32
20150205,15
20150206,16
20150207,4
20150208,3
20150209,4
20150210,4
20150211,4
20150212,11
20150213,7
20150214,1
20150215,4
20150216,1
20150217,4
20150218,3
20150219,7
20150220,5
20150222,3
20150223,6
20150224,8
20150225,8
20150226,4
20150227,6
20150228,1
20150301,3
20150302,6
20150303,15
20150304,9
20150305,14
20150306,11
20150307,3
20150308,8
20150309,6
20150310,16
20150311,10
20150312,7
20150313,10
20150314,1
20150315,2
20150316,9
20150317,8
20150318,11
20150319,3
20150320,15
20150321,2
20150322,3
20150323,8
20150324,31
20150325,29
20150326,35
20150327,29
20150328,3
20150329,6
20150330,26
20150331,20
20150401,10
20150402,13
20150403,5
20150404,2
20150405,4
20150406,5
20150407,10
20150408,10
20150409,8
20150410,8
20150411,3
20150412,7
20150413,8
20150414,2
20150415,14
20150416,9
20150417,7
20150418,3
20150419,2
20150420,5
20150421,9
20150422,16
20150423,13
20150424,13
20150425,1
20150426,3
20150427,15
20150428,7
20150429,8
20150430,13
