20060922,1
20060926,1
20061007,1
20061101,9
20061102,4
20061104,2
20061106,2
20061107,1
20061108,2
20061120,1
20061121,2
20061122,1
20061218,4
20061219,3
20061222,1
20070101,1
20070103,1
20070108,3
20070109,2
20070111,2
20070117,2
20070118,2
20070125,3
20070130,1
20070201,1
20070202,1
20070209,2
20070213,4
20070214,5
20070217,1
20070222,1
20070226,1
20070308,2
20070309,3
20070311,1
20070312,2
20070313,1
20070315,2
20070316,4
20070317,1
20070318,1
20070326,1
20070328,1
20070423,1
20070425,1
20070428,1
20070506,1
20070507,1
20070508,3
20070509,3
20070510,1
20070515,1
20070516,2
20070523,1
20070526,1
20070529,1
20070530,1
20070607,1
20070608,1
20070613,1
20070614,1
20070625,1
20070628,1
20070703,2
20070712,1
20070714,1
20070718,2
20070802,2
20070803,1
20070809,2
20070829,1
20070912,1
20070928,2
20071001,1
20071002,1
20071003,2
20071005,1
20071021,1
20071101,1
20071113,1
20071115,1
20071119,1
20071124,1
20071128,1
20071130,2
20071203,1
20071205,1
20071217,1
20080104,3
20080108,1
20080109,1
20080110,1
20080114,1
20080124,2
20080125,1
20080131,1
20080201,1
20080204,2
20080208,2
20080211,1
20080215,1
20080220,1
20080225,1
20080306,1
20080313,1
20080319,2
20080324,1
20080410,1
20080414,1
20080415,1
20080420,1
20080429,1
20080501,1
20080506,2
20080507,2
20080515,1
20080519,2
20080522,1
20080528,1
20080605,1
20080623,1
20080627,1
20080701,1
20080707,1
20080709,2
20080722,2
20080729,2
20080730,2
20080812,1
20080813,3
20080814,5
20080815,1
20080816,1
20080904,1
20080905,1
20080911,1
20080912,1
20080914,1
20080915,1
20080916,1
20080918,1
20080921,1
20080924,1
20080925,1
20080926,2
20080930,1
20081002,2
20081006,1
20081008,2
20081009,2
20081010,1
20081011,1
20081012,1
20081017,1
20081018,1
20081027,1
20081031,1
20081103,1
20081112,1
20081114,1
20081118,1
20081208,1
20081211,1
20081216,1
20081219,1
20081222,1
20081223,1
20090107,1
20090108,1
20090110,2
20090113,1
20090114,2
20090115,1
20090126,1
20090202,1
20090205,1
20090206,1
20090209,1
20090210,1
20090213,1
20090218,1
20090219,1
20090220,2
20090303,1
20090306,1
20090310,2
20090311,1
20090326,1
20090401,1
20090403,1
20090413,2
20090414,1
20090503,1
20090504,2
20090506,1
20090511,1
20090513,2
20090516,1
20090526,1
20090602,1
20090615,1
20090625,2
20090701,1
20090706,1
20090707,1
20090712,1
20090727,1
20090805,1
20090819,1
20090821,1
20090830,1
20090901,1
20090906,1
20090909,1
20090910,1
20090911,1
20090925,1
20090930,1
20091017,1
20091029,1
20091105,1
20091106,3
20091111,1
20091120,1
20091201,2
20091214,1
20091217,1
20091218,1
20091221,1
20091222,1
20091224,1
20091229,1
20100106,1
20100203,2
20100204,1
20100207,1
20100208,2
20100209,2
20100218,1
20100309,1
20100324,1
20100325,2
20100330,1
20100331,1
20100420,1
20100504,1
20100512,1
20100513,2
20100514,1
20100518,2
20100519,1
20100520,1
20100525,1
20100528,1
20100603,2
20100607,1
20100608,3
20100610,2
20100611,1
20100615,3
20100618,1
20100619,2
20100620,1
20100623,3
20100624,1
20100706,1
20100714,1
20100719,1
20100723,1
20100727,1
20100728,6
20100729,1
20100730,1
20100806,1
20100817,1
20100818,2
20100825,1
20100907,1
20100908,1
20100914,1
20100928,2
20100929,1
20100930,1
20101001,1
20101002,1
20101008,1
20101010,1
20101011,1
20101014,1
20101015,1
20101026,1
20101031,1
20101102,1
20101103,2
20101119,1
20101203,1
20101216,1
20101220,2
20110101,1
20110102,1
20110103,2
20110119,2
20110125,1
20110126,2
20110130,1
20110131,1
20110202,1
20110203,3
20110204,1
20110205,1
20110215,1
20110302,2
20110307,1
20110309,2
20110322,1
20110325,1
20110327,1
20110328,1
20110330,1
20110406,1
20110407,1
20110408,1
20110414,1
20110502,1
20110503,1
20110504,1
20110505,2
20110506,3
20110509,2
20110510,2
20110511,1
20110512,1
20110517,1
20110518,1
20110522,1
20110527,1
20110528,1
20110621,3
20110623,1
20110719,2
20110720,1
20110721,10
20110722,5
20110725,1
20110727,1
20110730,1
20110801,1
20110803,2
20110804,3
20110809,1
20110902,1
20110920,3
20110922,1
20110927,1
20111003,1
20111006,1
20111025,1
20111026,1
20111031,1
20111102,2
20111103,3
20111107,1
20111110,1
20111114,2
20111115,1
20111118,1
20111119,1
20111122,1
20111129,1
20111130,1
20111204,1
20111213,1
20111215,1
20111216,1
20111221,1
20111230,1
20120103,1
20120109,1
20120113,1
20120207,1
20120208,4
20120209,1
20120214,1
20120215,1
20120221,3
20120229,1
20120302,1
20120304,1
20120305,3
20120306,2
20120307,1
20120309,2
20120313,2
20120316,1
20120326,1
20120327,1
20120328,1
20120402,1
20120404,1
20120405,1
20120406,1
20120409,1
20120412,1
20120418,1
20120430,1
20120501,1
20120502,4
20120503,1
20120504,1
20120507,3
20120515,2
20120530,1
20120531,1
20120614,1
20120619,3
20120620,4
20120621,1
20120626,1
20120627,1
20120629,1
20120719,2
20120807,3
20120808,1
20120809,1
20120815,3
20120816,1
20120820,1
20120823,1
20120906,1
20120911,1
20120914,2
20120920,1
20120921,1
20120924,1
20120926,2
20120927,2
20120928,1
20121003,1
20121005,1
20121008,1
20121010,1
20121022,1
20121029,1
20121102,1
20121105,1
20121106,4
20121107,1
20121108,1
20121109,1
20121112,2
20121113,1
20121114,1
20121115,1
20121116,1
20121118,1
20121119,2
20121120,1
20121121,1
20121202,1
20121210,1
20121213,2
20121216,1
20121220,1
20121221,1
20130104,1
20130106,1
20130108,1
20130109,1
20130111,1
20130118,2
20130205,1
20130206,4
20130212,1
20130214,2
20130228,1
20130301,1
20130316,1
20130320,1
20130327,2
20130329,1
20130401,1
20130403,1
20130405,2
20130410,1
20130411,2
20130412,1
20130430,1
20130501,2
20130505,1
20130506,1
20130507,2
20130520,1
20130521,1
20130611,2
20130619,1
20130620,2
20130623,1
20130625,1
20130627,1
20130628,1
20130718,1
20130719,1
20130725,1
20130804,1
20130806,3
20130808,1
20130815,1
20130919,1
20130930,1
20131008,1
20131009,1
20131021,1
20131024,2
20131105,5
20131110,1
20131122,1
20131124,1
20131127,4
20131205,1
20131210,2
20131213,1
20131218,2
20131219,1
20131230,1
20131231,1
20140102,2
20140103,1
20140113,1
20140115,1
20140118,1
20140123,1
20140205,5
20140207,1
20140210,3
20140211,5
20140214,1
20140218,2
20140219,1
20140220,1
20140223,1
20140224,1
20140303,3
20140317,4
20140319,1
20140401,1
20140408,1
20140409,1
20140410,3
20140414,1
20140422,1
20140424,1
20140429,1
20140501,1
20140502,2
20140505,1
20140516,2
20140521,1
20140523,2
20140527,1
20140609,1
20140611,1
20140612,1
20140617,1
20140619,1
20140623,1
20140701,1
20140702,1
20140707,1
20140708,1
20140715,1
20140721,1
20140724,1
20140728,3
20140803,1
20140804,1
20140805,4
20140806,1
20140807,1
20140813,1
20140819,1
20140828,1
20140903,2
20140910,1
20140918,1
20140919,1
20140923,2
20140926,1
20140929,1
20141002,1
20141015,1
20141020,3
20141021,1
20141027,1
20141030,1
20141104,1
20141105,2
20141120,1
20141204,1
20141215,1
20141222,1
20141230,1
20150120,1
20150123,1
20150129,1
20150210,1
20150211,1
20150212,1
20150216,1
20150226,2
20150305,1
20150319,1
20150320,1
20150330,1
20150408,1
