20050102,5
20050103,11
20050104,12
20050105,18
20050106,12
20050107,14
20050109,2
20050110,15
20050111,18
20050112,12
20050113,17
20050114,13
20050116,1
20050117,13
20050118,15
20050119,21
20050120,8
20050121,17
20050123,1
20050124,17
20050125,17
20050126,18
20050127,16
20050128,19
20050130,4
20050131,21
20050201,12
20050202,16
20050203,21
20050204,18
20050206,5
20050207,12
20050208,21
20050209,11
20050210,11
20050211,7
20050213,1
20050214,15
20050215,17
20050216,16
20050217,13
20050218,14
20050220,1
20050221,8
20050222,11
20050223,15
20050224,12
20050225,16
20050227,2
20050228,16
20050301,13
20050302,15
20050303,20
20050304,14
20050306,2
20050307,19
20050308,16
20050309,16
20050310,23
20050311,20
20050313,4
20050314,16
20050315,15
20050316,21
20050317,20
20050318,12
20050320,4
20050321,6
20050322,16
20050323,15
20050324,15
20050325,9
20050327,1
20050328,20
20050329,13
20050330,10
20050331,17
20050401,24
20050403,2
20050404,9
20050405,13
20050406,21
20050407,7
20050408,11
20050410,1
20050411,16
20050412,9
20050413,10
20050414,8
20050415,13
20050416,1
20050418,14
20050419,7
20050420,11
20050421,10
20050422,17
20050425,20
20050426,14
20050427,12
20050428,13
20050429,18
20050501,2
20050502,14
20050503,17
20050504,17
20050505,22
20050506,22
20050507,1
20050508,3
20050509,13
20050510,22
20050511,29
20050512,19
20050513,16
20050516,18
20050517,13
20050518,12
20050519,16
20050520,14
20050521,2
20050522,5
20050523,18
20050524,14
20050525,16
20050526,20
20050527,12
20050529,5
20050530,3
20050531,20
20050601,16
20050602,14
20050603,12
20050605,6
20050606,8
20050607,15
20050608,16
20050609,22
20050610,12
20050612,1
20050613,12
20050614,18
20050615,22
20050616,19
20050617,10
20050619,1
20050620,21
20050621,11
20050622,8
20050623,14
20050624,11
20050626,4
20050627,15
20050628,11
20050629,17
20050630,18
20050701,20
20050704,3
20050705,10
20050706,13
20050707,15
20050708,5
20050710,2
20050711,15
20050712,15
20050713,13
20050714,10
20050715,10
20050717,3
20050718,11
20050719,18
20050720,18
20050721,16
20050722,14
20050723,1
20050725,13
20050726,17
20050727,14
20050728,24
20050729,14
20050731,1
20050801,11
20050802,12
20050803,17
20050804,15
20050805,10
20050808,10
20050809,21
20050810,14
20050811,13
20050812,13
20050814,1
20050815,7
20050816,16
20050817,9
20050818,13
20050819,12
20050821,2
20050822,11
20050823,12
20050824,11
20050825,19
20050826,14
20050828,1
20050829,11
20050830,9
20050831,11
20050901,8
20050902,15
20050905,3
20050906,9
20050907,11
20050908,16
20050909,11
20050911,2
20050912,16
20050913,14
20050914,20
20050915,19
20050916,11
20050917,4
20050918,2
20050919,8
20050920,13
20050921,11
20050922,18
20050923,14
20050924,10
20050926,16
20050927,11
20050928,15
20050929,17
20050930,17
20051001,5
20051002,1
20051003,15
20051004,17
20051005,14
20051006,13
20051007,13
20051008,5
20051009,2
20051010,8
20051011,17
20051012,16
20051013,11
20051014,11
20051015,5
20051016,3
20051017,20
20051018,11
20051019,11
20051020,11
20051021,9
20051022,4
20051023,1
20051024,13
20051025,6
20051026,11
20051027,16
20051028,11
20051029,3
20051030,1
20051031,15
20051101,11
20051102,8
20051103,12
20051104,5
20051105,5
20051106,2
20051107,9
20051108,10
20051109,18
20051110,15
20051111,13
20051112,6
20051113,2
20051114,14
20051115,8
20051116,14
20051117,16
20051118,13
20051119,9
20051120,1
20051121,18
20051122,13
20051123,24
20051124,4
20051125,8
20051126,6
20051127,1
20051128,8
20051129,13
20051130,15
20051201,10
20051202,8
20051203,1
20051204,4
20051205,11
20051206,16
20051207,18
20051208,14
20051209,24
20051210,2
20051211,3
20051212,15
20051213,16
20051214,17
20051215,14
20051216,12
20051217,5
20051218,1
20051219,10
20051220,9
20051221,14
20051222,15
20051223,13
20051224,1
20051225,2
20051226,1
20051227,4
20051228,11
20051229,12
20051230,8
20051231,10
20060101,1
20060102,1
20060103,14
20060104,8
20060105,13
20060106,8
20060107,5
20060108,5
20060109,14
20060110,11
20060111,17
20060112,12
20060113,9
20060114,11
20060115,3
20060116,13
20060117,11
20060118,8
20060119,11
20060120,15
20060121,2
20060122,5
20060123,10
20060124,10
20060125,12
20060126,15
20060127,9
20060128,8
20060129,6
20060130,8
20060131,14
20060201,12
20060202,9
20060203,9
20060204,8
20060205,3
20060206,14
20060207,20
20060208,13
20060209,18
20060210,12
20060211,6
20060212,6
20060213,9
20060214,9
20060215,11
20060216,11
20060217,10
20060218,2
20060219,3
20060220,7
20060221,7
20060222,13
20060223,11
20060224,17
20060225,5
20060226,2
20060227,15
20060228,12
20060301,19
20060302,13
20060303,10
20060304,5
20060305,1
20060306,16
20060307,18
20060308,19
20060309,14
20060310,19
20060311,8
20060312,4
20060313,18
20060314,18
20060315,14
20060316,18
20060317,18
20060318,4
20060319,3
20060320,14
20060321,10
20060322,17
20060323,15
20060324,10
20060325,5
20060326,1
20060327,11
20060328,8
20060329,14
20060330,13
20060331,13
20060401,9
20060402,3
20060403,18
20060404,16
20060405,14
20060406,7
20060407,19
20060408,4
20060410,11
20060411,12
20060412,17
20060413,15
20060414,5
20060415,6
20060417,10
20060418,11
20060419,12
20060420,10
20060421,16
20060422,4
20060423,1
20060424,7
20060425,9
20060426,9
20060427,17
20060428,13
20060429,5
20060430,3
20060501,11
20060502,12
20060503,18
20060504,10
20060505,16
20060506,4
20060507,2
20060508,9
20060509,16
20060510,17
20060511,14
20060512,10
20060513,3
20060514,3
20060515,9
20060516,13
20060517,10
20060518,13
20060519,7
20060520,6
20060521,1
20060522,12
20060523,11
20060524,11
20060525,8
20060526,9
20060527,7
20060528,2
20060529,4
20060530,14
20060531,16
20060601,14
20060602,13
20060603,4
20060604,1
20060605,11
20060606,11
20060607,16
20060608,11
20060609,14
20060610,4
20060611,1
20060612,12
20060613,13
20060614,16
20060615,16
20060616,8
20060617,3
20060618,1
20060619,6
20060620,8
20060621,12
20060622,12
20060623,20
20060624,5
20060625,2
20060626,8
20060627,14
20060628,10
20060629,8
20060630,9
20060701,9
20060702,3
20060703,14
20060704,5
20060705,11
20060706,14
20060707,10
20060708,6
20060709,1
20060710,10
20060711,8
20060712,10
20060713,18
20060714,13
20060715,9
20060716,1
20060717,14
20060718,9
20060719,10
20060720,10
20060721,12
20060722,4
20060723,1
20060724,14
20060725,18
20060726,13
20060727,13
20060728,12
20060729,5
20060730,2
20060731,7
20060801,14
20060802,10
20060803,16
20060804,13
20060805,6
20060806,4
20060807,7
20060808,10
20060809,14
20060810,6
20060811,24
20060812,4
20060813,1
20060814,9
20060815,10
20060816,6
20060817,7
20060818,9
20060819,4
20060820,1
20060821,6
20060822,11
20060823,10
20060824,5
20060825,8
20060826,4
20060827,1
20060828,11
20060829,13
20060830,8
20060831,13
20060901,12
20060902,7
20060904,2
20060905,7
20060906,8
20060907,9
20060908,9
20060909,5
20060910,1
20060911,12
20060912,13
20060913,14
20060914,16
20060915,19
20060916,9
20060917,3
20060918,11
20060919,13
20060920,18
20060921,13
20060922,10
20060923,6
20060924,2
20060925,12
20060926,10
20060927,13
20060928,12
20060929,10
20060930,6
20061001,3
20061002,20
20061003,10
20061004,10
20061005,7
20061006,12
20061007,10
20061009,10
20061010,4
20061011,14
20061012,11
20061013,10
20061014,6
20061015,4
20061016,12
20061017,9
20061018,9
20061019,7
20061020,6
20061021,7
20061023,6
20061024,11
20061025,15
20061026,19
20061027,11
20061028,6
20061029,1
20061030,13
20061031,11
20061101,8
20061102,15
20061103,15
20061104,4
20061106,14
20061107,12
20061108,12
20061109,9
20061110,9
20061111,4
20061112,2
20061113,9
20061114,9
20061115,18
20061116,12
20061117,14
20061118,9
20061119,1
20061120,7
20061121,16
20061122,17
20061123,8
20061124,5
20061125,4
20061126,1
20061127,8
20061128,14
20061129,15
20061130,12
20061201,6
20061202,2
20061203,1
20061204,8
20061205,9
20061206,9
20061207,13
20061208,11
20061209,6
20061210,2
20061211,7
20061212,16
20061213,15
20061214,9
20061215,17
20061216,7
20061217,2
20061218,15
20061219,15
20061220,21
20061221,12
20061222,12
20061223,8
20061226,11
20061227,16
20061228,10
20061229,10
20061230,8
20070102,18
20070103,15
20070104,10
20070105,7
20070106,3
20070107,5
20070108,6
20070109,10
20070110,13
20070111,22
20070112,8
20070113,3
20070114,3
20070115,2
20070116,10
20070117,14
20070118,16
20070119,14
20070120,7
20070121,1
20070122,18
20070123,14
20070124,15
20070125,12
20070126,13
20070127,4
20070128,2
20070129,11
20070130,9
20070131,12
20070201,14
20070202,10
20070203,4
20070204,2
20070205,17
20070206,14
20070207,12
20070208,17
20070209,18
20070210,8
20070211,2
20070212,18
20070213,15
20070214,15
20070215,10
20070216,11
20070217,4
20070218,2
20070219,3
20070220,13
20070221,21
20070222,12
20070223,10
20070224,6
20070226,22
20070227,17
20070228,23
20070301,8
20070302,14
20070303,7
20070304,1
20070305,15
20070306,19
20070307,19
20070308,8
20070309,18
20070310,2
20070311,1
20070312,17
20070313,22
20070314,13
20070315,19
20070316,17
20070317,5
20070318,4
20070319,15
20070320,15
20070321,18
20070322,9
20070323,13
20070324,6
20070325,1
20070326,13
20070327,16
20070328,9
20070329,12
20070330,13
20070331,4
20070401,1
20070402,28
20070403,17
20070404,10
20070405,19
20070406,6
20070407,5
20070408,1
20070409,8
20070410,11
20070411,14
20070412,12
20070413,14
20070414,7
20070415,4
20070416,13
20070417,18
20070418,20
20070419,16
20070420,7
20070421,4
20070422,1
20070423,10
20070424,11
20070425,20
20070426,12
20070427,14
20070428,4
20070430,13
20070501,13
20070502,12
20070503,20
20070504,10
20070505,7
20070506,4
20070507,15
20070508,11
20070509,15
20070510,15
20070511,15
20070512,5
20070513,1
20070514,11
20070515,16
20070516,17
20070517,22
20070518,9
20070519,5
20070520,2
20070521,10
20070522,15
20070523,17
20070524,12
20070525,11
20070526,3
20070527,1
20070528,1
20070529,23
20070530,12
20070531,13
20070601,11
20070602,4
20070603,4
20070604,17
20070605,12
20070606,12
20070607,8
20070608,18
20070610,4
20070611,14
20070612,13
20070613,10
20070614,19
20070615,15
20070616,8
20070617,1
20070618,14
20070619,18
20070620,20
20070621,19
20070622,14
20070623,9
20070624,2
20070625,17
20070626,23
20070627,25
20070628,22
20070629,24
20070630,4
20070701,4
20070702,23
20070703,15
20070704,5
20070705,18
20070706,11
20070707,4
20070708,2
20070709,19
20070710,20
20070711,27
20070712,24
20070713,18
20070714,2
20070715,1
20070716,16
20070717,24
20070718,22
20070719,20
20070720,24
20070721,8
20070722,1
20070723,14
20070724,26
20070725,28
20070726,30
20070727,29
20070728,8
20070729,6
20070730,21
20070731,24
20070801,27
20070802,23
20070803,25
20070804,11
20070805,1
20070806,21
20070807,22
20070808,23
20070809,22
20070810,30
20070811,8
20070812,3
20070813,21
20070814,21
20070815,26
20070816,30
20070817,22
20070818,13
20070819,3
20070820,27
20070821,17
20070822,29
20070823,24
20070824,24
20070825,10
20070826,4
20070827,26
20070828,19
20070829,34
20070830,31
20070831,21
20070901,7
20070902,4
20070903,10
20070904,23
20070905,22
20070906,24
20070907,23
20070908,7
20070909,2
20070910,18
20070911,16
20070912,28
20070913,26
20070914,20
20070915,8
20070916,1
20070917,15
20070918,21
20070919,22
20070920,22
20070921,16
20070922,5
20070923,5
20070924,16
20070925,17
20070926,19
20070927,20
20070928,11
20070929,8
20071001,20
20071002,19
20071003,14
20071004,15
20071005,19
20071006,12
20071007,3
20071008,17
20071009,14
20071010,18
20071011,13
20071012,13
20071013,5
20071014,1
20071015,11
20071016,18
20071017,21
20071018,21
20071019,22
20071020,8
20071021,1
20071022,21
20071023,18
20071024,22
20071025,24
20071026,19
20071027,9
20071028,1
20071029,9
20071030,22
20071031,19
20071101,20
20071102,14
20071103,8
20071104,3
20071105,22
20071106,17
20071107,24
20071108,16
20071109,23
20071110,8
20071112,16
20071113,19
20071114,21
20071115,21
20071116,21
20071117,6
20071118,2
20071119,27
20071120,22
20071121,23
20071122,2
20071123,17
20071124,3
20071125,1
20071126,12
20071127,15
20071128,21
20071129,22
20071130,12
20071201,10
20071203,21
20071204,21
20071205,26
20071206,23
20071207,23
20071208,12
20071209,1
20071210,21
20071211,24
20071212,22
20071213,25
20071214,24
20071215,12
20071216,2
20071217,27
20071218,18
20071219,30
20071220,23
20071221,24
20071222,8
20071223,2
20071224,18
20071225,1
20071226,20
20071227,22
20071228,15
20071229,9
20071230,3
20071231,7
20080101,1
20080102,24
20080103,14
20080104,15
20080105,9
20080106,1
20080107,14
20080108,15
20080109,21
20080110,17
20080111,19
20080112,6
20080113,1
20080114,19
20080115,24
20080116,27
20080117,24
20080118,25
20080119,7
20080120,1
20080121,4
20080122,37
20080123,21
20080124,32
20080125,23
20080126,10
20080127,4
20080128,20
20080129,25
20080130,31
20080131,33
20080201,15
20080202,6
20080203,1
20080204,20
20080205,25
20080206,24
20080207,21
20080208,22
20080209,7
20080210,3
20080211,18
20080212,25
20080213,32
20080214,23
20080215,26
20080216,7
20080218,5
20080219,23
20080220,30
20080221,31
20080222,23
20080223,12
20080224,2
20080225,26
20080226,20
20080227,22
20080228,27
20080229,28
20080301,13
20080302,2
20080303,25
20080304,15
20080305,17
20080306,43
20080307,34
20080308,13
20080309,3
20080310,23
20080311,32
20080312,28
20080313,31
20080314,31
20080315,14
20080316,5
20080317,29
20080318,36
20080319,23
20080320,17
20080321,16
20080322,12
20080323,3
20080324,18
20080325,15
20080326,26
20080327,26
20080328,18
20080329,7
20080331,17
20080401,38
20080402,32
20080403,28
20080404,27
20080405,9
20080406,4
20080407,22
20080408,21
20080409,28
20080410,21
20080411,21
20080412,8
20080413,1
20080414,23
20080415,27
20080416,33
20080417,25
20080418,22
20080419,10
20080420,1
20080421,29
20080422,27
20080423,35
20080424,22
20080425,19
20080426,11
20080427,4
20080428,19
20080429,16
20080430,23
20080501,21
20080502,13
20080503,5
20080504,2
20080505,15
20080506,24
20080507,20
20080508,24
20080509,25
20080510,2
20080511,1
20080512,28
20080513,24
20080514,19
20080515,29
20080516,21
20080517,4
20080518,2
20080519,22
20080520,17
20080521,34
20080522,26
20080523,24
20080524,5
20080525,3
20080526,5
20080527,13
20080528,14
20080529,19
20080530,23
20080531,11
20080601,2
20080602,20
20080603,24
20080604,25
20080605,31
20080606,30
20080607,6
20080608,3
20080609,20
20080610,25
20080611,27
20080612,28
20080613,24
20080614,7
20080615,1
20080616,22
20080617,26
20080618,20
20080619,19
20080620,26
20080621,10
20080622,4
20080623,16
20080624,23
20080625,21
20080626,28
20080627,26
20080628,10
20080629,2
20080630,18
20080701,25
20080702,21
20080703,26
20080704,8
20080705,10
20080706,1
20080707,21
20080708,30
20080709,21
20080710,24
20080711,24
20080712,10
20080714,31
20080715,29
20080716,35
20080717,16
20080718,22
20080719,9
20080720,1
20080721,13
20080722,17
20080723,20
20080724,20
20080725,22
20080726,8
20080727,2
20080728,23
20080729,28
20080730,30
20080731,16
20080801,25
20080802,9
20080804,17
20080805,18
20080806,32
20080807,23
20080808,19
20080809,12
20080810,2
20080811,18
20080812,23
20080813,20
20080814,22
20080815,16
20080816,6
20080817,2
20080818,12
20080819,21
20080820,22
20080821,14
20080822,23
20080823,9
20080824,4
20080825,15
20080826,24
20080827,31
20080828,19
20080829,22
20080830,11
20080831,3
20080901,8
20080902,24
20080903,25
20080904,18
20080905,13
20080906,9
20080907,7
20080908,36
20080909,29
20080910,36
20080911,21
20080912,24
20080913,18
20080914,6
20080915,30
20080916,46
20080917,43
20080918,42
20080919,42
20080920,12
20080921,5
20080922,28
20080923,34
20080924,29
20080925,28
20080926,38
20080927,16
20080928,4
20080929,36
20080930,41
20081001,58
20081002,50
20081003,44
20081004,18
20081005,5
20081006,32
20081007,43
20081008,37
20081009,34
20081010,42
20081011,18
20081013,26
20081014,40
20081015,54
20081016,32
20081017,34
20081018,14
20081019,6
20081020,34
20081021,31
20081022,41
20081023,26
20081024,34
20081025,17
20081026,2
20081027,21
20081028,38
20081029,32
20081030,26
20081031,29
20081101,11
20081102,3
20081103,29
20081104,25
20081105,29
20081106,22
20081107,28
20081108,12
20081109,1
20081110,30
20081111,38
20081112,40
20081113,31
20081114,24
20081115,15
20081116,1
20081117,20
20081118,21
20081119,28
20081120,38
20081121,33
20081122,15
20081123,4
20081124,27
20081125,36
20081126,43
20081127,4
20081128,22
20081129,10
20081130,1
20081201,28
20081202,35
20081203,45
20081204,31
20081205,32
20081206,13
20081207,3
20081208,28
20081209,31
20081210,29
20081211,36
20081212,37
20081213,13
20081214,2
20081215,26
20081216,24
20081217,42
20081218,33
20081219,35
20081220,12
20081221,3
20081222,23
20081223,33
20081224,28
20081226,15
20081227,8
20081228,4
20081229,18
20081230,20
20081231,30
20090101,1
20090102,29
20090103,9
20090104,4
20090105,21
20090106,34
20090107,35
20090108,42
20090109,35
20090110,10
20090111,2
20090112,26
20090113,33
20090114,40
20090115,25
20090116,32
20090117,15
20090118,3
20090119,9
20090120,37
20090121,39
20090122,25
20090123,30
20090124,13
20090125,1
20090126,26
20090127,33
20090128,41
20090129,50
20090130,38
20090131,12
20090201,4
20090202,27
20090203,35
20090204,37
20090205,25
20090206,42
20090207,13
20090208,2
20090209,32
20090210,42
20090211,46
20090212,41
20090213,38
20090214,12
20090215,9
20090216,9
20090217,41
20090218,43
20090219,44
20090220,24
20090221,16
20090222,4
20090223,32
20090224,41
20090225,32
20090226,26
20090227,47
20090228,13
20090301,4
20090302,35
20090303,28
20090304,36
20090305,29
20090306,35
20090307,14
20090308,1
20090309,30
20090310,34
20090311,43
20090312,34
20090313,30
20090314,16
20090315,3
20090316,23
20090317,40
20090318,32
20090319,42
20090320,40
20090321,16
20090322,1
20090323,32
20090324,40
20090325,40
20090326,33
20090327,32
20090328,11
20090329,3
20090330,33
20090331,32
20090401,53
20090402,35
20090403,41
20090404,10
20090405,1
20090406,26
20090407,41
20090408,44
20090409,27
20090410,18
20090411,11
20090413,25
20090414,31
20090415,40
20090416,35
20090417,42
20090418,12
20090419,3
20090420,30
20090421,35
20090422,36
20090423,32
20090424,29
20090425,15
20090426,4
20090427,22
20090428,33
20090429,39
20090430,46
20090501,26
20090502,11
20090503,4
20090504,31
20090505,32
20090506,43
20090507,38
20090508,32
20090509,8
20090510,1
20090511,30
20090512,31
20090513,35
20090514,38
20090515,37
20090516,16
20090517,1
20090518,27
20090519,30
20090520,33
20090521,34
20090522,29
20090523,7
20090524,1
20090525,8
20090526,39
20090527,29
20090528,37
20090529,32
20090530,12
20090531,6
20090601,28
20090602,30
20090603,37
20090604,39
20090605,29
20090606,9
20090607,1
20090608,21
20090609,25
20090610,39
20090611,29
20090612,35
20090613,11
20090614,1
20090615,32
20090616,29
20090617,40
20090618,27
20090619,36
20090620,14
20090621,1
20090622,23
20090623,25
20090624,33
20090625,31
20090626,29
20090627,3
20090628,5
20090629,27
20090630,28
20090701,33
20090702,16
20090703,22
20090704,2
20090706,22
20090707,27
20090708,25
20090709,23
20090710,24
20090711,8
20090712,2
20090713,18
20090714,28
20090715,34
20090716,32
20090717,29
20090718,10
20090719,1
20090720,23
20090721,25
20090722,31
20090723,28
20090724,23
20090725,7
20090726,4
20090727,21
20090728,22
20090729,28
20090730,27
20090731,26
20090801,7
20090802,1
20090803,31
20090804,21
20090805,33
20090806,28
20090807,28
20090808,5
20090809,3
20090810,24
20090811,17
20090812,21
20090813,30
20090814,20
20090815,12
20090816,3
20090817,20
20090818,19
20090819,28
20090820,22
20090821,24
20090822,15
20090823,2
20090824,30
20090825,20
20090826,26
20090827,14
20090828,22
20090829,8
20090830,3
20090831,26
20090901,21
20090902,30
20090903,30
20090904,24
20090905,7
20090907,12
20090908,24
20090909,29
20090910,27
20090911,24
20090912,9
20090913,5
20090914,17
20090915,27
20090916,32
20090917,34
20090918,28
20090919,10
20090920,2
20090921,24
20090922,20
20090923,33
20090924,24
20090925,40
20090926,8
20090927,6
20090928,33
20090929,23
20090930,32
20091001,29
20091002,21
20091003,8
20091004,4
20091005,28
20091006,30
20091007,34
20091008,30
20091009,27
20091010,5
20091011,7
20091012,21
20091013,23
20091014,29
20091015,39
20091016,25
20091017,7
20091018,2
20091019,28
20091020,34
20091021,37
20091022,36
20091023,30
20091024,4
20091025,4
20091026,32
20091027,33
20091028,39
20091029,38
20091030,25
20091031,8
20091101,5
20091102,27
20091103,26
20091104,54
20091105,32
20091106,33
20091107,5
20091108,3
20091109,31
20091110,38
20091111,46
20091112,31
20091113,23
20091114,5
20091115,8
20091116,20
20091117,34
20091118,33
20091119,41
20091120,31
20091121,4
20091122,6
20091123,43
20091124,39
20091125,43
20091126,32
20091127,52
20091128,10
20091129,11
20091130,63
20091201,61
20091202,48
20091203,43
20091204,29
20091205,7
20091206,6
20091207,26
20091208,47
20091209,56
20091210,42
20091211,33
20091212,11
20091213,6
20091214,50
20091215,58
20091216,45
20091217,37
20091218,30
20091219,10
20091220,4
20091221,34
20091222,34
20091223,28
20091224,27
20091225,1
20091226,7
20091227,7
20091228,22
20091229,14
20091230,23
20091231,26
20100101,2
20100102,6
20100103,9
20100104,32
20100105,33
20100106,43
20100107,35
20100108,28
20100109,7
20100110,4
20100111,24
20100112,30
20100113,41
20100114,39
20100115,28
20100116,5
20100117,6
20100118,25
20100119,38
20100120,60
20100121,47
20100122,37
20100123,14
20100124,6
20100125,38
20100126,47
20100127,55
20100128,33
20100129,43
20100130,9
20100131,9
20100201,41
20100202,40
20100203,40
20100204,57
20100205,69
20100206,15
20100207,11
20100208,59
20100209,49
20100210,63
20100211,53
20100212,53
20100213,16
20100214,4
20100215,27
20100216,49
20100217,51
20100218,51
20100219,37
20100220,12
20100221,13
20100222,47
20100223,58
20100224,53
20100225,57
20100226,55
20100227,20
20100228,5
20100301,41
20100302,49
20100303,42
20100304,65
20100305,38
20100306,4
20100307,4
20100308,52
20100309,51
20100310,54
20100311,49
20100312,33
20100313,18
20100314,10
20100315,46
20100316,37
20100317,46
20100318,42
20100319,46
20100320,11
20100321,8
20100322,39
20100323,32
20100324,52
20100325,50
20100326,37
20100327,15
20100328,10
20100329,31
20100330,31
20100331,32
20100401,40
20100402,14
20100403,5
20100405,13
20100406,24
20100407,34
20100408,29
20100409,36
20100410,14
20100411,9
20100412,47
20100413,34
20100414,42
20100415,23
20100416,24
20100417,16
20100418,8
20100419,30
20100420,36
20100421,40
20100422,37
20100423,35
20100424,22
20100425,12
20100426,33
20100427,46
20100428,54
20100429,57
20100430,39
20100501,18
20100502,8
20100503,33
20100504,38
20100505,54
20100506,51
20100507,52
20100508,33
20100509,10
20100510,48
20100511,31
20100512,40
20100513,40
20100514,46
20100515,21
20100516,8
20100517,44
20100518,35
20100519,47
20100520,52
20100521,42
20100522,27
20100523,9
20100524,37
20100525,58
20100526,43
20100527,46
20100528,40
20100529,20
20100530,7
20100531,18
20100601,33
20100602,60
20100603,41
20100604,43
20100605,16
20100606,4
20100607,48
20100608,54
20100609,63
20100610,64
20100611,48
20100612,14
20100613,11
20100614,56
20100615,57
20100616,57
20100617,48
20100618,46
20100619,15
20100620,16
20100621,64
20100622,65
20100623,53
20100624,55
20100625,61
20100626,30
20100627,13
20100628,43
20100629,66
20100630,59
20100701,52
20100702,43
20100703,22
20100704,5
20100705,20
20100706,41
20100707,49
20100708,40
20100709,45
20100710,20
20100711,9
20100712,41
20100713,50
20100714,57
20100715,42
20100716,29
20100717,15
20100718,6
20100719,32
20100720,31
20100721,42
20100722,44
20100723,46
20100724,17
20100725,9
20100726,40
20100727,50
20100728,48
20100729,45
20100730,42
20100731,14
20100801,9
20100802,34
20100803,46
20100804,31
20100805,42
20100806,29
20100807,19
20100808,5
20100809,44
20100810,42
20100811,46
20100812,42
20100813,45
20100814,16
20100815,3
20100816,50
20100817,52
20100818,38
20100819,40
20100820,32
20100821,13
20100822,9
20100823,44
20100824,28
20100825,36
20100826,37
20100827,32
20100828,15
20100829,7
20100830,29
20100831,36
20100901,37
20100902,41
20100903,22
20100904,15
20100905,3
20100906,21
20100907,54
20100908,50
20100909,51
20100910,27
20100911,13
20100912,6
20100913,48
20100914,43
20100915,43
20100916,47
20100917,35
20100918,15
20100919,5
20100920,44
20100921,43
20100922,34
20100923,40
20100924,36
20100925,9
20100926,9
20100927,41
20100928,52
20100929,60
20100930,43
20101001,49
20101002,17
20101003,6
20101004,63
20101005,62
20101006,50
20101007,40
20101008,38
20101009,11
20101010,4
20101011,30
20101012,38
20101013,38
20101014,34
20101015,29
20101016,11
20101017,6
20101018,42
20101019,46
20101020,51
20101021,54
20101022,29
20101023,16
20101024,9
20101025,35
20101026,40
20101027,45
20101028,46
20101029,45
20101030,15
20101031,7
20101101,31
20101102,61
20101103,45
20101104,49
20101105,51
20101106,22
20101107,9
20101108,47
20101109,50
20101110,73
20101111,50
20101112,52
20101113,14
20101114,11
20101115,68
20101116,64
20101117,62
20101118,64
20101119,48
20101120,15
20101121,10
20101122,62
20101123,56
20101124,64
20101125,38
20101126,49
20101127,20
20101128,16
20101129,56
20101130,66
20101201,72
20101202,57
20101203,44
20101204,13
20101205,5
20101206,55
20101207,40
20101208,49
20101209,37
20101210,54
20101211,14
20101212,1
20101213,46
20101214,52
20101215,66
20101216,44
20101217,63
20101218,19
20101219,10
20101220,44
20101221,50
20101222,33
20101223,30
20101224,22
20101225,2
20101226,9
20101227,21
20101228,25
20101229,37
20101230,29
20101231,18
20110101,3
20110102,12
20110103,40
20110104,46
20110105,55
20110106,56
20110107,52
20110108,23
20110109,8
20110110,63
20110111,66
20110112,53
20110113,56
20110114,56
20110115,27
20110116,2
20110117,22
20110118,52
20110119,54
20110120,48
20110121,40
20110122,20
20110123,5
20110124,47
20110125,57
20110126,60
20110127,68
20110128,65
20110129,32
20110130,9
20110131,53
20110201,67
20110202,42
20110203,40
20110204,37
20110205,17
20110206,4
20110207,43
20110208,34
20110209,45
20110210,49
20110211,46
20110212,21
20110213,5
20110214,51
20110215,45
20110216,51
20110217,39
20110218,36
20110219,23
20110220,8
20110221,24
20110222,51
20110223,39
20110224,37
20110225,43
20110226,21
20110227,7
20110228,49
20110301,56
20110302,73
20110303,55
20110304,29
20110305,12
20110306,3
20110307,49
20110308,42
20110309,54
20110310,65
20110311,59
20110312,21
20110313,6
20110314,56
20110315,44
20110316,56
20110317,47
20110318,39
20110319,13
20110320,3
20110321,27
20110322,33
20110323,67
20110324,49
20110325,47
20110326,15
20110327,8
20110328,50
20110329,47
20110330,61
20110331,45
20110401,49
20110402,11
20110403,7
20110404,42
20110405,53
20110406,44
20110407,47
20110408,51
20110409,15
20110410,6
20110411,62
20110412,43
20110413,70
20110414,67
20110415,56
20110416,17
20110417,5
20110418,79
20110419,67
20110420,64
20110421,61
20110422,31
20110423,8
20110424,8
20110425,34
20110426,44
20110427,52
20110428,64
20110429,55
20110430,15
20110501,12
20110502,47
20110503,47
20110504,54
20110505,46
20110506,64
20110507,12
20110508,4
20110509,64
20110510,66
20110511,55
20110512,57
20110513,65
20110514,17
20110515,11
20110516,81
20110517,61
20110518,72
20110519,55
20110520,81
20110521,18
20110522,8
20110523,72
20110524,70
20110525,78
20110526,54
20110527,54
20110528,22
20110529,6
20110530,21
20110531,67
20110601,77
20110602,72
20110603,72
20110604,17
20110605,8
20110606,48
20110607,76
20110608,72
20110609,56
20110610,56
20110611,24
20110612,9
20110613,47
20110614,67
20110615,82
20110616,74
20110617,86
20110618,23
20110619,18
20110620,59
20110621,95
20110622,80
20110623,86
20110624,68
20110625,21
20110626,15
20110627,77
20110628,94
20110629,105
20110630,91
20110701,81
20110702,15
20110703,7
20110704,18
20110705,68
20110706,89
20110707,86
20110708,66
20110709,20
20110710,17
20110711,91
20110712,89
20110713,106
20110714,98
20110715,104
20110716,29
20110717,8
20110718,78
20110719,83
20110720,86
20110721,117
20110722,96
20110723,23
20110724,14
20110725,116
20110726,121
20110727,136
20110728,123
20110729,157
20110730,44
20110731,15
20110801,119
20110802,147
20110803,117
20110804,124
20110805,127
20110806,53
20110807,38
20110808,169
20110809,127
20110810,116
20110811,108
20110812,92
20110813,28
20110814,11
20110815,78
20110816,69
20110817,83
20110818,88
20110819,65
20110820,22
20110821,6
20110822,63
20110823,58
20110824,86
20110825,70
20110826,57
20110827,23
20110828,7
20110829,47
20110830,67
20110831,85
20110901,60
20110902,78
20110903,17
20110904,5
20110905,29
20110906,96
20110907,90
20110908,87
20110909,85
20110910,27
20110911,4
20110912,84
20110913,92
20110914,103
20110915,92
20110916,98
20110917,18
20110918,13
20110919,108
20110920,115
20110921,91
20110922,101
20110923,90
20110924,25
20110925,11
20110926,86
20110927,80
20110928,81
20110929,74
20110930,77
20111001,23
20111002,7
20111003,70
20111004,93
20111005,102
20111006,70
20111007,78
20111008,22
20111009,7
20111010,70
20111011,89
20111012,77
20111013,74
20111014,77
20111015,31
20111016,6
20111017,88
20111018,95
20111019,102
20111020,105
20111021,95
20111022,15
20111023,8
20111024,82
20111025,70
20111026,95
20111027,105
20111028,98
20111029,14
20111030,12
20111031,74
20111101,125
20111102,101
20111103,106
20111104,109
20111105,21
20111106,14
20111107,111
20111108,107
20111109,114
20111110,106
20111111,89
20111112,29
20111113,11
20111114,90
20111115,90
20111116,99
20111117,101
20111118,110
20111119,21
20111120,12
20111121,128
20111122,110
20111123,99
20111124,48
20111125,68
20111126,19
20111127,9
20111128,80
20111129,115
20111130,100
20111201,77
20111202,77
20111203,19
20111204,6
20111205,77
20111206,91
20111207,92
20111208,102
20111209,98
20111210,18
20111211,5
20111212,92
20111213,91
20111214,111
20111215,100
20111216,86
20111217,13
20111218,7
20111219,64
20111220,75
20111221,56
20111222,54
20111223,49
20111224,19
20111225,4
20111226,6
20111227,33
20111228,58
20111229,56
20111230,52
20111231,24
20120101,6
20120102,13
20120103,89
20120104,82
20120105,76
20120106,69
20120107,11
20120108,13
20120109,80
20120110,82
20120111,73
20120112,89
20120113,104
20120114,22
20120115,6
20120116,41
20120117,84
20120118,91
20120119,90
20120120,69
20120121,18
20120122,6
20120123,62
20120124,89
20120125,92
20120126,85
20120127,72
20120128,30
20120129,11
20120130,68
20120131,85
20120201,78
20120202,87
20120203,65
20120204,16
20120205,8
20120206,70
20120207,85
20120208,96
20120209,73
20120210,73
20120211,16
20120212,7
20120213,70
20120214,79
20120215,93
20120216,96
20120217,75
20120218,13
20120219,13
20120220,23
20120221,78
20120222,72
20120223,68
20120224,72
20120225,21
20120226,12
20120227,77
20120228,81
20120229,102
20120301,72
20120302,56
20120303,10
20120304,19
20120305,58
20120306,83
20120307,68
20120308,75
20120309,80
20120310,11
20120311,22
20120312,78
20120313,73
20120314,68
20120315,68
20120316,66
20120317,5
20120318,20
20120319,75
20120320,79
20120321,72
20120322,61
20120323,56
20120324,8
20120325,14
20120326,52
20120327,53
20120328,60
20120329,71
20120330,62
20120331,8
20120401,20
20120402,65
20120403,65
20120404,81
20120405,54
20120406,33
20120407,2
20120408,7
20120409,32
20120410,59
20120411,74
20120412,51
20120413,67
20120414,5
20120415,15
20120416,73
20120417,94
20120418,89
20120419,99
20120420,65
20120421,10
20120422,22
20120423,86
20120424,75
20120425,79
20120426,101
20120427,80
20120428,6
20120429,17
20120430,71
20120501,53
20120502,77
20120503,76
20120504,72
20120505,4
20120506,23
20120507,80
20120508,83
20120509,85
20120510,112
20120511,69
20120512,2
20120513,26
20120514,77
20120515,107
20120516,89
20120517,94
20120518,73
20120519,7
20120520,16
20120521,56
20120522,74
20120523,75
20120524,78
20120525,65
20120526,4
20120527,10
20120528,29
20120529,87
20120530,95
20120531,106
20120601,83
20120602,2
20120603,18
20120604,78
20120605,72
20120606,88
20120607,77
20120608,71
20120609,7
20120610,20
20120611,91
20120612,76
20120613,99
20120614,92
20120615,91
20120616,10
20120617,18
20120618,85
20120619,89
20120620,67
20120621,76
20120622,48
20120624,18
20120625,59
20120626,72
20120627,73
20120628,75
20120629,87
20120630,2
20120701,27
20120702,59
20120703,52
20120704,35
20120705,65
20120706,33
20120707,3
20120708,16
20120709,71
20120710,66
20120711,61
20120712,68
20120713,57
20120714,4
20120715,12
20120716,67
20120717,65
20120718,60
20120719,63
20120720,62
20120721,3
20120722,19
20120723,73
20120724,74
20120725,82
20120726,80
20120727,62
20120728,2
20120729,14
20120730,64
20120731,69
20120801,62
20120802,73
20120803,65
20120804,2
20120805,17
20120806,70
20120807,77
20120808,66
20120809,64
20120810,59
20120811,11
20120812,13
20120813,60
20120814,54
20120815,41
20120816,44
20120817,44
20120818,1
20120819,10
20120820,60
20120821,68
20120822,57
20120823,50
20120824,50
20120825,6
20120826,7
20120827,58
20120828,45
20120829,72
20120830,74
20120831,57
20120901,8
20120902,11
20120903,32
20120904,67
20120905,83
20120906,77
20120907,67
20120908,6
20120909,20
20120910,64
20120911,79
20120912,62
20120913,73
20120914,67
20120915,6
20120916,15
20120917,30
20120918,63
20120919,47
20120920,68
20120921,46
20120922,4
20120923,14
20120924,49
20120925,57
20120926,58
20120927,60
20120928,70
20120929,4
20120930,19
20121001,62
20121002,56
20121003,57
20121004,65
20121005,50
20121007,15
20121008,48
20121009,82
20121010,62
20121011,88
20121012,68
20121013,12
20121014,16
20121015,86
20121016,59
20121017,75
20121018,63
20121019,66
20121020,4
20121021,14
20121022,84
20121023,71
20121024,70
20121025,82
20121026,49
20121027,3
20121028,18
20121029,43
20121030,42
20121031,42
20121101,63
20121102,44
20121103,3
20121104,13
20121105,68
20121106,57
20121107,69
20121108,81
20121109,71
20121110,3
20121111,14
20121112,66
20121113,77
20121114,58
20121115,63
20121116,64
20121117,3
20121118,14
20121119,58
20121120,63
20121121,61
20121122,35
20121123,36
20121124,1
20121125,17
20121126,64
20121127,86
20121128,62
20121129,69
20121130,64
20121201,2
20121202,23
20121203,69
20121204,60
20121205,71
20121206,56
20121207,50
20121208,4
20121209,17
20121210,50
20121211,67
20121212,59
20121213,73
20121214,61
20121215,5
20121216,25
20121217,54
20121218,67
20121219,65
20121220,47
20121221,49
20121222,4
20121223,13
20121224,15
20121225,10
20121226,25
20121227,34
20121228,32
20121229,6
20121230,16
20121231,40
20130101,40
20130102,73
20130103,59
20130104,41
20130105,2
20130106,26
20130107,55
20130108,64
20130109,67
20130110,66
20130111,58
20130112,2
20130113,12
20130114,78
20130115,76
20130116,63
20130117,61
20130118,72
20130119,2
20130120,10
20130121,33
20130122,54
20130123,86
20130124,80
20130125,55
20130126,1
20130127,21
20130128,51
20130129,55
20130130,44
20130131,58
20130201,66
20130203,18
20130204,40
20130205,71
20130206,62
20130207,64
20130208,45
20130209,4
20130210,15
20130211,42
20130212,63
20130213,53
20130214,75
20130215,45
20130216,2
20130217,12
20130218,35
20130219,49
20130220,60
20130221,48
20130222,63
20130223,4
20130224,16
20130225,57
20130226,77
20130227,74
20130228,68
20130301,63
20130302,4
20130303,21
20130304,53
20130305,62
20130306,58
20130307,58
20130308,41
20130309,2
20130310,13
20130311,57
20130312,46
20130313,54
20130314,57
20130315,33
20130316,5
20130317,12
20130318,62
20130319,54
20130320,74
20130321,54
20130322,41
20130323,6
20130324,18
20130325,52
20130326,59
20130327,47
20130328,53
20130329,28
20130330,4
20130331,15
20130401,30
20130402,56
20130403,40
20130404,59
20130405,50
20130406,3
20130407,18
20130408,41
20130409,51
20130410,67
20130411,66
20130412,52
20130413,1
20130414,10
20130415,46
20130416,71
20130417,53
20130418,61
20130419,48
20130420,6
20130421,19
20130422,57
20130423,62
20130424,45
20130425,61
20130426,46
20130427,1
20130428,17
20130429,56
20130430,54
20130501,58
20130502,49
20130503,44
20130504,2
20130505,20
20130506,44
20130507,61
20130508,65
20130509,64
20130510,66
20130511,3
20130512,18
20130513,56
20130514,56
20130515,65
20130516,57
20130517,51
20130518,4
20130519,7
20130520,50
20130521,42
20130522,46
20130523,55
20130524,61
20130525,3
20130526,5
20130527,23
20130528,45
20130529,54
20130530,54
20130531,47
20130601,5
20130602,15
20130603,57
20130604,64
20130605,52
20130606,41
20130607,43
20130608,2
20130609,17
20130610,54
20130611,59
20130612,44
20130613,59
20130614,52
20130616,17
20130617,57
20130618,4
20130619,62
20130620,55
20130621,49
20130622,4
20130623,16
20130624,68
20130625,51
20130626,42
20130627,57
20130628,47
20130629,2
20130630,18
20130701,35
20130702,52
20130703,47
20130704,38
20130705,33
20130707,29
20130708,35
20130709,70
20130710,55
20130711,51
20130712,46
20130713,3
20130714,11
20130715,49
20130716,41
20130717,54
20130718,71
20130719,68
20130720,5
20130721,25
20130722,43
20130723,52
20130724,55
20130725,42
20130726,56
20130727,3
20130728,14
20130729,42
20130730,54
20130731,48
20130801,53
20130802,51
20130803,4
20130804,12
20130805,39
20130806,58
20130807,37
20130808,56
20130809,43
20130810,4
20130811,8
20130812,46
20130813,39
20130814,52
20130815,49
20130816,36
20130817,3
20130818,6
20130819,46
20130820,52
20130821,43
20130822,57
20130823,32
20130824,2
20130825,8
20130826,42
20130827,52
20130828,50
20130829,55
20130830,48
20130831,3
20130901,3
20130902,32
20130903,46
20130904,53
20130905,40
20130906,54
20130907,4
20130908,15
20130909,43
20130910,51
20130911,58
20130912,49
20130913,39
20130914,5
20130915,14
20130916,69
20130917,48
20130918,68
20130919,59
20130920,45
20130921,5
20130922,17
20130923,59
20130924,45
20130925,71
20130926,72
20130927,60
20130928,8
20130929,24
20130930,88
20131001,85
20131002,77
20131003,80
20131004,64
20131005,5
20131006,29
20131007,92
20131008,104
20131009,86
20131010,111
20131011,85
20131012,10
20131013,23
20131014,82
20131015,105
20131016,134
20131017,101
20131018,71
20131019,8
20131020,20
20131021,45
20131022,64
20131023,51
20131024,65
20131025,47
20131026,1
20131027,21
20131028,44
20131029,46
20131030,53
20131031,47
20131101,32
20131102,1
20131103,15
20131104,40
20131105,30
20131106,33
20131107,39
20131108,36
20131109,2
20131110,15
20131111,24
20131112,40
20131113,46
20131114,45
20131115,46
20131116,3
20131117,16
20131118,37
20131119,54
20131120,54
20131121,50
20131122,35
20131123,2
20131124,16
20131125,36
20131126,37
20131127,47
20131128,28
20131129,33
20131130,2
20131201,12
20131202,32
20131203,38
20131204,52
20131205,54
20131206,53
20131207,4
20131208,7
20131209,42
20131210,54
20131211,46
20131212,48
20131213,40
20131214,3
20131215,15
20131216,43
20131217,47
20131218,47
20131219,60
20131220,38
20131221,3
20131222,13
20131223,25
20131224,12
20131225,7
20131226,20
20131227,22
20131229,9
20131230,34
20131231,27
20140101,22
20140102,41
20140103,38
20140104,2
20140105,21
20140106,52
20140107,43
20140108,50
20140109,53
20140110,43
20140111,1
20140112,5
20140113,47
20140114,42
20140115,47
20140116,61
20140117,46
20140118,5
20140119,4
20140120,33
20140121,59
20140122,52
20140123,42
20140124,37
20140125,1
20140126,15
20140127,56
20140128,41
20140129,65
20140130,60
20140131,43
20140201,2
20140202,11
20140203,48
20140204,56
20140205,54
20140206,52
20140207,63
20140208,2
20140209,12
20140210,54
20140211,82
20140212,76
20140213,57
20140214,51
20140215,3
20140216,10
20140217,19
20140218,71
20140219,56
20140220,53
20140221,48
20140222,1
20140223,11
20140224,54
20140225,60
20140226,40
20140227,66
20140228,53
20140301,4
20140302,11
20140303,59
20140304,57
20140305,65
20140306,43
20140307,55
20140308,6
20140309,12
20140310,54
20140311,45
20140312,40
20140313,46
20140314,50
20140315,2
20140316,22
20140317,46
20140318,48
20140319,45
20140320,54
20140321,43
20140322,2
20140323,6
20140324,44
20140325,49
20140326,52
20140327,52
20140328,38
20140329,1
20140330,12
20140331,45
20140401,52
20140402,43
20140403,48
20140404,52
20140405,1
20140406,11
20140407,50
20140408,56
20140409,63
20140410,54
20140411,46
20140412,3
20140413,19
20140414,54
20140415,39
20140416,54
20140417,36
20140418,18
20140419,1
20140420,11
20140421,35
20140422,35
20140423,54
20140424,54
20140425,57
20140426,5
20140427,15
20140428,58
20140429,75
20140430,65
20140501,39
20140502,29
20140503,2
20140504,16
20140505,32
20140506,59
20140507,41
20140508,57
20140509,43
20140511,11
20140512,39
20140513,38
20140514,61
20140515,49
20140516,39
20140517,3
20140518,16
20140519,43
20140520,68
20140521,46
20140522,49
20140523,43
20140524,5
20140525,11
20140526,19
20140527,43
20140528,34
20140529,42
20140530,47
20140531,2
20140601,10
20140602,36
20140603,39
20140604,41
20140605,57
20140606,35
20140607,2
20140608,16
20140609,58
20140610,55
20140611,51
20140612,50
20140613,41
20140614,7
20140615,21
20140616,43
20140617,65
20140618,52
20140619,53
20140620,46
20140622,7
20140623,42
20140624,35
20140625,55
20140626,38
20140627,52
20140628,1
20140629,15
20140630,50
20140701,41
20140702,51
20140703,42
20140704,11
20140705,1
20140706,17
20140707,40
20140708,41
20140709,38
20140710,44
20140711,48
20140712,3
20140713,13
20140714,52
20140715,55
20140716,71
20140717,40
20140718,32
20140720,11
20140721,18
20140722,39
20140723,45
20140724,63
20140725,37
20140726,4
20140727,10
20140728,47
20140729,52
20140730,55
20140731,56
20140801,52
20140802,3
20140803,21
20140804,39
20140805,47
20140806,46
20140807,41
20140808,51
20140809,2
20140810,14
20140811,33
20140812,34
20140813,100
20140814,37
20140815,31
20140816,4
20140817,6
20140818,29
20140819,31
20140820,44
20140821,48
20140822,43
20140824,10
20140825,35
20140826,48
20140827,46
20140828,60
20140829,40
20140830,4
20140831,6
20140901,23
20140902,43
20140903,46
20140904,56
20140905,33
20140906,3
20140907,13
20140908,31
20140909,46
20140910,52
20140911,54
20140912,35
20140913,5
20140914,9
20140915,48
20140916,44
20140917,50
20140918,42
20140919,43
20140920,6
20140921,15
20140922,39
20140923,40
20140924,53
20140925,37
20140926,48
20140927,3
20140928,10
20140929,40
20140930,59
20141001,51
20141002,46
20141003,26
20141004,3
20141005,18
20141006,42
20141007,49
20141008,41
20141009,51
20141010,48
20141011,5
20141012,15
20141013,38
20141014,51
20141015,48
20141016,52
20141017,52
20141018,1
20141019,12
20141020,33
20141021,38
20141022,42
20141023,42
20141024,40
20141025,1
20141026,19
20141027,36
20141028,48
20141029,49
20141030,39
20141031,45
20141101,1
20141102,13
20141103,50
20141104,47
20141105,47
20141106,51
20141107,47
20141108,1
20141109,15
20141110,47
20141111,32
20141112,39
20141113,44
20141114,45
20141115,5
20141116,14
20141117,52
20141118,38
20141119,37
20141120,41
20141121,29
20141123,18
20141124,41
20141125,54
20141126,32
20141127,27
20141128,27
20141129,5
20141130,14
20141201,42
20141202,58
20141203,43
20141204,56
20141205,39
20141207,18
20141208,44
20141209,61
20141210,46
20141211,52
20141212,55
20141213,3
20141214,15
20141215,52
20141216,58
20141217,34
20141218,32
20141219,36
20141220,2
20141221,12
20141222,29
20141223,26
20141224,13
20141225,11
20141226,6
20141227,1
20141228,12
20141229,38
20141230,42
20141231,19
20150101,19
20150102,31
20150103,3
20150104,15
20150105,61
20150106,39
20150107,50
20150108,44
20150109,37
20150111,13
20150112,44
20150113,49
20150114,46
20150115,73
20150116,34
20150117,2
20150118,8
20150119,23
20150120,56
20150121,48
20150122,73
20150123,48
20150124,5
20150125,12
20150126,45
20150127,41
20150128,58
20150129,52
20150130,49
20150131,8
20150201,27
20150202,62
20150203,64
20150204,62
20150205,63
20150206,47
20150207,3
20150208,24
20150209,52
20150210,63
20150211,54
20150212,57
20150213,51
20150214,1
20150215,11
20150216,16
20150217,40
20150218,50
20150219,45
20150220,38
20150221,2
20150222,16
20150223,36
20150224,47
20150225,36
20150226,46
20150227,45
20150228,4
20150308,1
20150309,2
20150310,1
20150311,1
20150312,1
20150313,2
20150316,2
20150318,1
20150323,1
20150327,1
20150328,1
20150331,1
20150401,31
20150402,27
20150403,16
20150404,2
20150405,12
20150406,22
20150407,40
20150408,46
20150409,37
20150410,40
20150411,2
20150412,18
20150413,27
20150414,50
20150415,45
20150416,66
20150417,41
20150418,3
20150419,22
20150420,56
20150421,48
20150422,49
20150423,45
20150424,46
20150425,3
20150426,13
20150427,41
20150428,54
20150429,55
20150430,37
