20050103,1
20050104,1
20050105,3
20050106,3
20050107,3
20050111,3
20050112,1
20050113,3
20050114,1
20050117,2
20050118,2
20050119,3
20050121,2
20050123,1
20050124,2
20050126,1
20050127,2
20050128,1
20050202,2
20050203,6
20050207,1
20050208,1
20050209,3
20050210,2
20050215,2
20050216,3
20050217,5
20050218,2
20050220,1
20050222,2
20050223,3
20050224,2
20050225,4
20050227,1
20050228,1
20050301,1
20050302,1
20050303,4
20050304,4
20050307,2
20050309,1
20050310,5
20050311,1
20050314,3
20050316,1
20050317,1
20050318,1
20050320,1
20050321,1
20050322,1
20050323,3
20050324,3
20050325,1
20050328,2
20050329,3
20050330,2
20050401,3
20050403,1
20050404,1
20050406,2
20050407,2
20050408,1
20050410,1
20050411,1
20050412,1
20050414,1
20050415,3
20050418,1
20050420,1
20050422,1
20050425,3
20050426,2
20050427,2
20050428,1
20050429,1
20050502,3
20050503,1
20050504,3
20050505,2
20050506,1
20050509,3
20050510,2
20050511,3
20050512,4
20050513,1
20050515,1
20050516,2
20050517,2
20050518,5
20050519,3
20050520,1
20050522,2
20050523,3
20050525,2
20050527,2
20050529,1
20050531,3
20050601,3
20050602,1
20050603,1
20050605,1
20050606,1
20050607,1
20050608,1
20050609,4
20050615,2
20050616,4
20050617,6
20050619,1
20050620,5
20050621,3
20050622,2
20050623,2
20050624,3
20050627,2
20050628,2
20050630,2
20050701,5
20050705,2
20050706,1
20050708,2
20050711,2
20050714,2
20050715,1
20050718,6
20050719,1
20050720,3
20050721,1
20050722,1
20050725,4
20050726,1
20050728,1
20050729,1
20050801,1
20050802,1
20050803,1
20050804,1
20050805,1
20050808,3
20050809,3
20050810,3
20050811,3
20050812,3
20050815,1
20050817,4
20050819,1
20050822,1
20050823,2
20050824,2
20050825,1
20050826,1
20050829,1
20050830,1
20050831,3
20050901,1
20050902,2
20050907,3
20050908,2
20050912,3
20050913,2
20050914,2
20050915,2
20050916,2
20050917,2
20050918,1
20050922,5
20050924,1
20050926,3
20050927,2
20050928,1
20050929,2
20051001,1
20051003,2
20051004,1
20051005,2
20051006,3
20051007,1
20051010,2
20051011,1
20051012,2
20051013,3
20051014,1
20051015,3
20051017,2
20051018,1
20051020,1
20051021,3
20051022,1
20051023,1
20051024,1
20051025,3
20051026,3
20051027,1
20051028,2
20051031,2
20051102,4
20051103,2
20051104,2
20051105,1
20051107,1
20051108,1
20051109,2
20051110,1
20051111,1
20051112,1
20051115,1
20051116,3
20051117,1
20051118,2
20051119,1
20051120,1
20051121,1
20051122,1
20051125,4
20051126,1
20051127,1
20051128,3
20051130,2
20051201,1
20051202,1
20051203,1
20051204,1
20051206,2
20051208,2
20051209,1
20051210,1
20051212,2
20051213,4
20051215,1
20051216,1
20051217,1
20051220,3
20051221,2
20051222,3
20051224,1
20051225,1
20051228,2
20051229,1
20051230,1
20051231,2
20060101,1
20060103,1
20060104,2
20060105,3
20060106,1
20060107,1
20060109,1
20060110,2
20060111,1
20060112,1
20060113,2
20060114,2
20060118,1
20060121,1
20060124,1
20060126,1
20060127,3
20060129,2
20060130,4
20060201,1
20060202,2
20060203,1
20060205,1
20060206,1
20060207,3
20060210,2
20060211,1
20060213,1
20060214,1
20060215,1
20060216,3
20060217,3
20060218,2
20060221,1
20060222,1
20060224,2
20060301,4
20060302,4
20060303,2
20060304,1
20060306,3
20060307,1
20060309,1
20060311,1
20060313,1
20060314,1
20060317,2
20060318,1
20060321,1
20060322,2
20060323,1
20060325,3
20060327,2
20060330,2
20060331,3
20060403,5
20060404,2
20060405,1
20060407,1
20060409,1
20060410,2
20060411,1
20060412,1
20060413,2
20060415,1
20060418,1
20060419,2
20060421,2
20060426,1
20060427,2
20060428,2
20060429,1
20060430,1
20060502,1
20060503,1
20060504,1
20060505,6
20060508,2
20060510,2
20060511,2
20060513,2
20060515,5
20060516,2
20060517,2
20060519,1
20060520,1
20060522,1
20060523,2
20060524,1
20060525,2
20060526,1
20060529,1
20060530,2
20060531,3
20060601,3
20060603,1
20060605,1
20060606,1
20060609,1
20060611,1
20060612,2
20060613,3
20060614,3
20060615,5
20060616,1
20060617,1
20060619,1
20060620,1
20060622,3
20060623,6
20060624,1
20060626,2
20060627,2
20060628,3
20060629,1
20060630,1
20060701,3
20060702,2
20060705,5
20060706,2
20060707,1
20060710,1
20060711,2
20060712,1
20060714,4
20060715,1
20060718,1
20060719,1
20060720,4
20060722,2
20060723,1
20060724,1
20060725,4
20060726,3
20060727,1
20060728,3
20060729,2
20060730,1
20060801,1
20060802,1
20060804,2
20060805,1
20060806,1
20060807,2
20060809,1
20060810,2
20060811,3
20060812,1
20060813,2
20060814,1
20060815,1
20060817,4
20060819,2
20060822,1
20060823,3
20060824,2
20060825,1
20060829,3
20060830,3
20060831,3
20060901,4
20060903,1
20060904,1
20060905,3
20060909,1
20060911,2
20060912,3
20060913,2
20060914,1
20060915,3
20060916,1
20060917,1
20060919,1
20060920,2
20060921,3
20060923,1
20060924,1
20060926,2
20060927,2
20060928,5
20060930,1
20061002,4
20061003,3
20061004,4
20061005,2
20061006,3
20061009,2
20061010,2
20061011,3
20061012,1
20061013,2
20061014,2
20061016,1
20061017,3
20061018,3
20061020,1
20061021,2
20061023,1
20061026,6
20061027,2
20061028,1
20061029,1
20061030,1
20061031,2
20061101,4
20061102,1
20061103,1
20061106,1
20061107,2
20061108,1
20061109,2
20061110,1
20061111,2
20061112,1
20061113,1
20061114,1
20061115,3
20061116,1
20061118,1
20061120,1
20061121,2
20061122,2
20061123,1
20061124,1
20061125,1
20061127,2
20061128,4
20061129,1
20061130,1
20061202,1
20061205,2
20061206,1
20061207,2
20061208,3
20061211,1
20061212,4
20061213,1
20061214,2
20061215,2
20061216,1
20061218,1
20061219,1
20061220,4
20061221,3
20061223,3
20061226,1
20061227,1
20061228,3
20061229,2
20061230,3
20070102,6
20070103,3
20070104,3
20070106,1
20070107,1
20070109,1
20070110,2
20070111,4
20070112,2
20070113,1
20070117,2
20070118,3
20070120,3
20070121,1
20070122,1
20070123,2
20070124,4
20070125,1
20070126,2
20070127,1
20070131,1
20070202,2
20070206,2
20070207,2
20070208,3
20070209,4
20070210,2
20070211,1
20070213,1
20070214,7
20070215,3
20070217,2
20070220,2
20070221,3
20070222,1
20070223,2
20070226,2
20070227,8
20070228,1
20070301,4
20070302,2
20070303,5
20070304,1
20070305,2
20070306,4
20070307,2
20070308,4
20070309,3
20070310,1
20070312,2
20070313,5
20070314,2
20070315,2
20070316,2
20070317,2
20070318,2
20070320,3
20070321,2
20070322,2
20070323,1
20070324,2
20070326,2
20070327,1
20070328,2
20070329,3
20070330,1
20070402,4
20070403,6
20070404,4
20070405,2
20070406,2
20070409,1
20070410,2
20070411,2
20070412,2
20070413,3
20070414,2
20070415,1
20070416,6
20070417,6
20070418,4
20070419,2
20070422,1
20070424,1
20070425,4
20070426,2
20070428,1
20070430,3
20070501,2
20070502,2
20070503,5
20070504,2
20070505,1
20070507,6
20070508,1
20070510,3
20070511,1
20070514,1
20070515,3
20070516,2
20070517,3
20070518,4
20070519,2
20070521,2
20070522,2
20070523,1
20070524,2
20070525,1
20070529,1
20070531,1
20070601,3
20070602,1
20070603,1
20070604,5
20070605,5
20070606,1
20070607,2
20070608,1
20070611,2
20070612,4
20070613,5
20070614,4
20070615,3
20070616,2
20070618,6
20070619,3
20070620,6
20070621,1
20070622,2
20070623,1
20070624,1
20070626,2
20070627,3
20070628,2
20070629,1
20070630,2
20070701,1
20070702,4
20070703,5
20070705,2
20070706,2
20070707,1
20070709,2
20070710,5
20070711,4
20070712,7
20070713,2
20070714,1
20070717,1
20070718,3
20070719,3
20070720,4
20070722,1
20070723,2
20070724,4
20070725,3
20070726,5
20070727,8
20070728,1
20070730,3
20070731,5
20070801,2
20070802,6
20070803,4
20070804,2
20070806,7
20070807,6
20070808,2
20070810,3
20070811,3
20070813,5
20070814,1
20070815,2
20070816,7
20070817,5
20070818,3
20070820,3
20070821,3
20070822,6
20070823,6
20070824,4
20070825,2
20070826,1
20070827,6
20070828,6
20070829,5
20070830,5
20070831,10
20070901,2
20070903,1
20070904,7
20070905,5
20070906,6
20070907,3
20070908,2
20070910,4
20070911,2
20070912,3
20070913,4
20070914,1
20070916,1
20070917,2
20070918,6
20070919,4
20070920,3
20070921,2
20070922,6
20070923,2
20070924,5
20070925,3
20070926,4
20070927,7
20070928,4
20070929,1
20070930,1
20071001,1
20071002,2
20071003,2
20071005,1
20071006,1
20071007,1
20071008,1
20071009,2
20071011,3
20071012,3
20071015,1
20071017,4
20071018,5
20071019,4
20071020,2
20071021,1
20071022,1
20071023,4
20071024,2
20071025,5
20071026,6
20071027,2
20071028,1
20071029,1
20071030,1
20071031,4
20071101,7
20071102,4
20071103,1
20071105,3
20071106,1
20071107,8
20071108,4
20071109,2
20071110,1
20071112,2
20071113,4
20071114,2
20071115,5
20071116,5
20071117,2
20071119,5
20071120,2
20071121,10
20071122,1
20071123,6
20071124,1
20071126,3
20071127,4
20071128,3
20071129,4
20071130,7
20071201,1
20071203,5
20071204,2
20071205,2
20071206,12
20071207,8
20071208,4
20071210,3
20071211,5
20071212,6
20071213,3
20071214,3
20071215,5
20071217,7
20071218,4
20071219,14
20071220,7
20071221,5
20071222,2
20071224,2
20071226,3
20071227,4
20071228,2
20071229,3
20071231,2
20080102,9
20080103,2
20080104,1
20080105,2
20080107,1
20080108,7
20080109,6
20080110,5
20080111,5
20080112,2
20080113,1
20080114,8
20080115,8
20080116,7
20080117,5
20080118,7
20080119,4
20080120,2
20080122,10
20080123,11
20080124,8
20080125,5
20080126,1
20080128,4
20080129,3
20080130,8
20080131,6
20080201,3
20080202,3
20080203,1
20080204,2
20080205,2
20080206,5
20080207,2
20080208,8
20080209,4
20080211,6
20080212,12
20080213,12
20080214,4
20080215,3
20080216,4
20080217,1
20080218,1
20080219,6
20080220,6
20080221,6
20080222,7
20080223,3
20080225,7
20080226,2
20080227,3
20080228,4
20080229,5
20080301,1
20080302,2
20080303,8
20080304,7
20080305,4
20080306,13
20080307,6
20080308,6
20080309,1
20080310,6
20080311,6
20080312,11
20080313,5
20080314,8
20080315,5
20080316,1
20080317,14
20080318,12
20080319,10
20080320,8
20080321,1
20080322,6
20080324,5
20080325,4
20080326,9
20080327,8
20080328,6
20080329,3
20080331,2
20080401,7
20080402,8
20080403,10
20080404,5
20080405,1
20080406,1
20080407,3
20080408,5
20080409,5
20080410,10
20080411,4
20080412,4
20080413,1
20080414,3
20080415,4
20080416,7
20080417,4
20080418,6
20080419,1
20080421,2
20080422,4
20080423,5
20080424,3
20080425,5
20080426,1
20080428,1
20080429,3
20080430,5
20080501,2
20080502,2
20080503,4
20080505,4
20080506,4
20080507,9
20080508,6
20080509,6
20080510,1
20080512,4
20080513,6
20080514,3
20080515,4
20080516,3
20080519,5
20080520,5
20080521,2
20080522,2
20080523,6
20080526,2
20080527,2
20080528,8
20080529,10
20080530,6
20080531,1
20080601,2
20080603,7
20080604,11
20080605,10
20080606,7
20080607,4
20080608,1
20080609,6
20080610,8
20080611,8
20080612,5
20080613,5
20080616,3
20080617,6
20080618,6
20080619,6
20080620,8
20080621,4
20080623,7
20080624,10
20080625,5
20080626,9
20080627,5
20080628,2
20080630,7
20080701,6
20080702,7
20080703,5
20080705,1
20080706,1
20080707,4
20080708,3
20080709,5
20080710,6
20080711,7
20080714,12
20080715,8
20080716,8
20080717,8
20080718,5
20080719,3
20080721,5
20080722,1
20080723,3
20080724,1
20080725,2
20080728,3
20080729,3
20080730,7
20080731,3
20080801,3
20080802,2
20080804,6
20080805,3
20080806,9
20080807,11
20080808,5
20080809,5
20080811,6
20080812,5
20080813,6
20080814,4
20080815,6
20080816,2
20080818,2
20080819,5
20080820,5
20080821,5
20080822,7
20080823,2
20080825,1
20080826,1
20080827,5
20080828,5
20080829,5
20080830,2
20080901,1
20080902,7
20080903,5
20080904,3
20080905,2
20080906,1
20080908,9
20080909,8
20080910,12
20080911,11
20080912,9
20080913,8
20080914,3
20080915,13
20080916,21
20080917,22
20080918,22
20080919,12
20080920,9
20080922,6
20080923,8
20080924,6
20080925,7
20080926,18
20080927,7
20080929,8
20080930,9
20081001,10
20081002,15
20081003,9
20081004,4
20081005,2
20081006,6
20081007,15
20081008,12
20081009,10
20081010,16
20081011,7
20081012,2
20081013,10
20081014,9
20081015,15
20081016,9
20081017,12
20081018,3
20081020,11
20081021,8
20081022,10
20081023,12
20081024,13
20081025,4
20081027,8
20081028,12
20081029,11
20081030,3
20081031,11
20081101,7
20081102,1
20081103,8
20081104,9
20081105,5
20081106,2
20081107,7
20081108,1
20081110,9
20081111,7
20081112,12
20081113,6
20081114,7
20081115,3
20081117,3
20081118,7
20081119,8
20081120,15
20081121,6
20081122,3
20081124,14
20081125,5
20081126,5
20081127,2
20081128,2
20081129,3
20081201,8
20081202,10
20081203,13
20081204,6
20081205,5
20081208,9
20081209,11
20081210,10
20081211,7
20081212,5
20081213,3
20081215,5
20081216,8
20081217,10
20081218,11
20081219,2
20081220,1
20081222,6
20081223,8
20081224,7
20081226,5
20081227,2
20081228,1
20081229,2
20081230,4
20081231,6
20090102,7
20090103,1
20090105,7
20090106,4
20090107,5
20090108,9
20090109,4
20090110,2
20090111,1
20090112,2
20090113,6
20090114,10
20090115,9
20090116,7
20090118,1
20090119,1
20090120,9
20090121,10
20090122,4
20090123,5
20090124,3
20090125,1
20090126,4
20090127,8
20090128,4
20090129,4
20090130,2
20090131,4
20090202,8
20090203,6
20090204,12
20090205,5
20090206,5
20090207,1
20090209,6
20090210,9
20090211,4
20090212,11
20090213,8
20090216,4
20090217,10
20090218,15
20090219,9
20090220,4
20090221,4
20090222,1
20090223,3
20090224,8
20090225,9
20090226,7
20090227,11
20090228,5
20090302,8
20090303,6
20090304,10
20090305,12
20090306,3
20090307,5
20090309,5
20090310,9
20090311,10
20090312,11
20090313,5
20090314,7
20090315,1
20090316,6
20090317,12
20090318,14
20090319,8
20090320,8
20090321,3
20090323,7
20090324,6
20090325,9
20090326,12
20090327,10
20090328,1
20090330,12
20090331,3
20090401,12
20090402,4
20090403,7
20090404,2
20090405,1
20090406,7
20090407,8
20090408,4
20090409,8
20090410,7
20090411,4
20090412,1
20090413,5
20090414,9
20090415,8
20090416,3
20090417,9
20090418,2
20090419,2
20090420,8
20090421,8
20090422,10
20090423,3
20090424,8
20090425,4
20090427,3
20090428,5
20090429,1
20090430,5
20090501,5
20090502,3
20090504,5
20090505,7
20090506,16
20090507,8
20090508,5
20090509,2
20090511,5
20090512,4
20090513,6
20090514,13
20090515,10
20090518,2
20090519,7
20090520,4
20090522,5
20090523,3
20090524,1
20090526,7
20090527,3
20090528,3
20090529,4
20090530,2
20090531,1
20090601,4
20090602,2
20090603,8
20090604,8
20090605,3
20090606,4
20090607,1
20090608,1
20090609,4
20090610,5
20090611,6
20090612,6
20090613,4
20090615,4
20090616,9
20090617,5
20090618,7
20090619,5
20090620,3
20090621,1
20090622,1
20090623,4
20090624,7
20090625,6
20090626,6
20090629,3
20090630,4
20090701,6
20090702,6
20090703,3
20090706,4
20090707,7
20090708,8
20090709,4
20090710,5
20090711,1
20090713,2
20090714,6
20090715,7
20090716,4
20090717,3
20090718,1
20090720,6
20090721,7
20090722,3
20090723,3
20090724,5
20090725,2
20090727,1
20090728,9
20090729,4
20090730,3
20090731,4
20090801,2
20090802,2
20090803,5
20090804,4
20090805,3
20090806,4
20090807,6
20090810,3
20090811,6
20090812,9
20090813,6
20090814,3
20090815,4
20090816,1
20090818,3
20090819,6
20090820,5
20090821,6
20090823,1
20090824,5
20090825,3
20090826,1
20090827,2
20090828,3
20090829,1
20090831,4
20090901,4
20090902,9
20090903,4
20090904,5
20090905,2
20090906,1
20090907,2
20090908,1
20090909,3
20090910,5
20090911,3
20090912,3
20090913,2
20090914,6
20090915,4
20090916,4
20090917,8
20090918,4
20090921,3
20090922,1
20090923,5
20090924,4
20090925,7
20090926,2
20090928,6
20090929,3
20090930,1
20091001,7
20091002,1
20091006,3
20091007,7
20091008,6
20091009,4
20091010,2
20091011,2
20091012,1
20091013,4
20091014,5
20091015,6
20091016,3
20091017,2
20091019,1
20091020,3
20091022,6
20091023,6
20091024,2
20091026,2
20091027,4
20091028,4
20091029,7
20091030,5
20091031,1
20091101,1
20091102,5
20091103,1
20091104,5
20091105,2
20091106,5
20091107,2
20091108,2
20091109,3
20091110,4
20091111,8
20091112,6
20091113,5
20091114,1
20091115,3
20091116,4
20091117,6
20091118,5
20091119,1
20091120,4
20091123,6
20091124,7
20091125,9
20091126,13
20091127,14
20091128,4
20091129,4
20091130,19
20091201,13
20091202,9
20091203,11
20091204,9
20091205,2
20091206,3
20091207,6
20091208,9
20091209,11
20091210,13
20091211,4
20091212,4
20091214,15
20091215,15
20091216,11
20091217,9
20091218,6
20091219,1
20091220,1
20091221,5
20091222,4
20091224,3
20091226,2
20091228,7
20091229,3
20091230,7
20091231,6
20100101,1
20100102,4
20100103,2
20100104,6
20100105,10
20100106,6
20100107,4
20100108,8
20100109,3
20100110,2
20100111,6
20100112,6
20100113,11
20100114,6
20100115,5
20100116,1
20100117,3
20100118,13
20100119,11
20100120,9
20100121,13
20100122,8
20100123,2
20100124,4
20100125,11
20100126,9
20100127,19
20100128,11
20100129,15
20100130,1
20100201,6
20100202,13
20100203,8
20100204,26
20100205,19
20100206,5
20100207,3
20100208,13
20100209,13
20100210,17
20100211,16
20100212,16
20100213,7
20100214,2
20100215,7
20100216,13
20100217,10
20100218,14
20100219,3
20100220,6
20100221,1
20100222,7
20100223,19
20100224,12
20100225,12
20100226,11
20100227,6
20100301,14
20100302,11
20100303,9
20100304,14
20100305,5
20100306,1
20100308,12
20100309,17
20100310,15
20100311,15
20100312,10
20100313,11
20100314,1
20100315,11
20100316,4
20100317,10
20100318,6
20100319,11
20100320,3
20100321,1
20100322,7
20100323,6
20100324,9
20100325,13
20100326,7
20100327,3
20100328,2
20100329,3
20100330,6
20100331,6
20100401,14
20100404,2
20100405,4
20100406,7
20100407,6
20100408,14
20100409,13
20100410,2
20100412,10
20100413,5
20100414,11
20100415,4
20100416,8
20100417,9
20100418,1
20100419,8
20100420,7
20100421,9
20100422,11
20100423,9
20100424,5
20100425,2
20100426,11
20100427,13
20100428,11
20100429,8
20100430,11
20100501,5
20100502,3
20100503,7
20100504,7
20100505,16
20100506,10
20100507,15
20100508,8
20100509,2
20100510,9
20100511,3
20100512,7
20100513,4
20100514,6
20100515,2
20100516,2
20100517,9
20100518,6
20100519,23
20100520,8
20100521,7
20100522,3
20100523,1
20100524,4
20100525,11
20100526,5
20100527,4
20100528,7
20100530,1
20100531,1
20100601,5
20100602,9
20100603,10
20100604,7
20100605,4
20100606,1
20100607,10
20100608,5
20100609,8
20100610,13
20100611,11
20100612,2
20100613,2
20100614,9
20100615,7
20100616,15
20100617,8
20100618,10
20100619,3
20100620,1
20100621,10
20100622,16
20100623,12
20100624,15
20100625,17
20100626,6
20100627,1
20100628,5
20100629,10
20100630,18
20100701,7
20100702,9
20100703,3
20100704,1
20100705,3
20100706,8
20100707,7
20100708,6
20100709,7
20100710,5
20100712,7
20100713,10
20100714,4
20100715,3
20100716,3
20100717,4
20100719,3
20100720,8
20100721,4
20100722,11
20100723,15
20100724,5
20100726,7
20100727,10
20100728,8
20100729,7
20100730,8
20100731,4
20100802,2
20100803,7
20100804,3
20100805,4
20100806,6
20100807,1
20100808,1
20100809,3
20100810,7
20100811,7
20100812,7
20100813,3
20100814,3
20100816,9
20100817,12
20100818,7
20100819,7
20100820,5
20100821,6
20100822,1
20100823,4
20100824,5
20100825,13
20100826,6
20100827,5
20100828,1
20100829,1
20100831,3
20100901,10
20100902,8
20100903,5
20100904,4
20100906,5
20100907,10
20100908,6
20100909,10
20100910,4
20100911,7
20100912,1
20100913,11
20100914,4
20100915,9
20100916,10
20100917,12
20100918,3
20100919,1
20100920,8
20100921,11
20100922,9
20100923,15
20100924,8
20100925,3
20100926,1
20100927,8
20100928,6
20100929,8
20100930,4
20101001,11
20101002,7
20101004,7
20101005,10
20101006,8
20101007,6
20101008,6
20101009,2
20101011,6
20101012,6
20101013,3
20101014,9
20101015,6
20101016,5
20101018,4
20101019,5
20101020,8
20101021,8
20101022,7
20101023,3
20101024,1
20101025,7
20101026,4
20101027,10
20101028,5
20101029,9
20101031,2
20101101,4
20101102,7
20101103,6
20101104,6
20101105,9
20101106,7
20101107,1
20101108,10
20101109,11
20101110,14
20101111,14
20101112,19
20101113,3
20101115,17
20101116,5
20101117,11
20101118,9
20101119,5
20101120,4
20101121,1
20101122,12
20101123,11
20101124,11
20101125,7
20101126,8
20101127,7
20101128,5
20101129,13
20101130,19
20101201,8
20101202,7
20101203,8
20101204,4
20101206,6
20101207,8
20101208,10
20101209,6
20101210,7
20101211,5
20101213,6
20101214,6
20101215,12
20101216,5
20101217,11
20101219,1
20101220,10
20101221,7
20101222,8
20101223,10
20101224,4
20101225,1
20101226,1
20101227,3
20101228,1
20101229,6
20101230,5
20101231,2
20110101,1
20110102,2
20110103,6
20110104,10
20110105,7
20110106,9
20110107,13
20110108,4
20110109,1
20110110,7
20110111,12
20110112,6
20110113,9
20110114,14
20110115,4
20110117,2
20110118,6
20110119,8
20110120,6
20110121,11
20110122,3
20110123,1
20110124,13
20110125,13
20110126,7
20110127,13
20110128,17
20110129,5
20110130,1
20110131,3
20110201,13
20110202,5
20110203,7
20110204,7
20110205,3
20110206,1
20110207,9
20110208,7
20110209,8
20110210,9
20110211,6
20110212,2
20110213,1
20110214,6
20110215,4
20110216,8
20110217,5
20110218,7
20110219,5
20110221,3
20110222,9
20110223,5
20110224,5
20110225,3
20110226,4
20110227,3
20110228,7
20110301,5
20110302,10
20110303,8
20110304,1
20110305,1
20110306,2
20110307,10
20110308,11
20110309,4
20110310,11
20110311,10
20110312,2
20110313,2
20110314,6
20110315,12
20110316,8
20110317,3
20110318,3
20110319,3
20110321,2
20110322,4
20110323,5
20110324,8
20110325,3
20110326,3
20110328,5
20110329,10
20110330,8
20110331,7
20110401,14
20110402,2
20110403,1
20110404,6
20110405,9
20110406,5
20110407,6
20110408,8
20110409,3
20110410,3
20110411,16
20110412,12
20110413,7
20110414,11
20110415,9
20110416,4
20110417,1
20110418,24
20110419,9
20110420,10
20110421,7
20110422,4
20110423,2
20110424,2
20110425,2
20110426,6
20110427,9
20110428,7
20110429,3
20110430,2
20110501,3
20110502,10
20110503,7
20110504,7
20110505,8
20110506,7
20110507,4
20110508,1
20110509,10
20110510,18
20110511,14
20110512,14
20110513,13
20110514,3
20110515,5
20110516,14
20110517,13
20110518,7
20110519,15
20110520,11
20110521,7
20110522,2
20110523,16
20110524,18
20110525,20
20110526,16
20110527,8
20110528,4
20110529,2
20110530,5
20110531,16
20110601,10
20110602,22
20110603,16
20110604,5
20110605,3
20110606,12
20110607,6
20110608,14
20110609,10
20110610,11
20110611,4
20110612,2
20110613,11
20110614,21
20110615,27
20110616,28
20110617,35
20110618,10
20110619,8
20110620,23
20110621,31
20110622,21
20110623,16
20110624,21
20110625,6
20110626,5
20110627,23
20110628,31
20110629,47
20110630,28
20110701,27
20110702,5
20110703,2
20110704,13
20110705,27
20110706,34
20110707,29
20110708,15
20110709,6
20110710,4
20110711,30
20110712,30
20110713,30
20110714,29
20110715,38
20110716,8
20110717,3
20110718,33
20110719,21
20110720,21
20110721,36
20110722,36
20110723,18
20110724,6
20110725,56
20110726,45
20110727,55
20110728,50
20110729,61
20110730,19
20110731,10
20110801,50
20110802,37
20110803,27
20110804,20
20110805,22
20110806,12
20110807,7
20110808,27
20110809,23
20110810,13
20110811,16
20110812,16
20110813,9
20110814,2
20110815,10
20110816,8
20110817,10
20110818,3
20110819,9
20110820,4
20110822,13
20110823,13
20110824,20
20110825,16
20110826,9
20110827,5
20110828,2
20110829,6
20110830,8
20110831,16
20110901,8
20110902,12
20110903,4
20110905,10
20110906,16
20110907,8
20110908,17
20110909,31
20110910,8
20110911,1
20110912,42
20110913,34
20110914,45
20110915,28
20110916,22
20110917,8
20110918,4
20110919,38
20110920,34
20110921,24
20110922,24
20110923,24
20110924,7
20110925,4
20110926,23
20110927,23
20110928,25
20110929,14
20110930,21
20111001,8
20111002,3
20111003,29
20111004,37
20111005,21
20111006,11
20111007,11
20111008,6
20111009,1
20111010,18
20111011,19
20111012,18
20111013,15
20111014,12
20111015,6
20111016,1
20111017,11
20111018,23
20111019,22
20111020,17
20111021,23
20111022,3
20111024,19
20111025,11
20111026,20
20111027,22
20111028,24
20111029,3
20111030,1
20111031,14
20111101,27
20111102,22
20111103,31
20111104,29
20111105,4
20111106,1
20111107,22
20111108,10
20111109,26
20111110,19
20111111,15
20111112,7
20111113,2
20111114,16
20111115,18
20111116,13
20111117,11
20111118,11
20111119,2
20111120,2
20111121,16
20111122,14
20111123,13
20111124,4
20111125,12
20111126,2
20111127,1
20111128,18
20111129,11
20111130,10
20111201,9
20111202,8
20111203,2
20111204,1
20111205,9
20111206,11
20111207,10
20111208,11
20111209,11
20111210,2
20111211,2
20111212,17
20111213,10
20111214,12
20111215,9
20111216,11
20111218,2
20111219,9
20111220,5
20111221,9
20111222,7
20111223,6
20111224,3
20111227,1
20111228,4
20111229,7
20111230,7
20111231,6
20120101,2
20120102,1
20120103,11
20120104,12
20120105,11
20120106,9
20120107,4
20120108,2
20120109,16
20120110,7
20120111,8
20120112,11
20120113,24
20120114,2
20120115,1
20120116,10
20120117,11
20120118,17
20120119,7
20120120,13
20120121,2
20120122,1
20120123,11
20120124,21
20120125,12
20120126,8
20120127,12
20120128,4
20120129,4
20120130,17
20120131,8
20120201,14
20120202,6
20120203,8
20120204,1
20120205,3
20120206,21
20120207,22
20120208,21
20120209,10
20120210,24
20120211,3
20120212,1
20120213,22
20120214,12
20120215,24
20120216,23
20120217,23
20120218,6
20120219,2
20120220,7
20120221,21
20120222,20
20120223,13
20120224,8
20120225,5
20120227,12
20120228,22
20120229,10
20120301,20
20120302,10
20120303,1
20120304,2
20120305,8
20120306,22
20120307,12
20120308,16
20120309,32
20120310,5
20120311,5
20120312,9
20120313,9
20120314,9
20120315,6
20120316,14
20120317,3
20120318,2
20120319,17
20120320,8
20120321,5
20120322,7
20120323,10
20120324,1
20120325,3
20120326,1
20120327,3
20120328,8
20120329,7
20120330,7
20120331,1
20120401,4
20120402,11
20120403,7
20120404,7
20120405,7
20120406,11
20120407,1
20120408,2
20120409,2
20120410,15
20120411,15
20120412,3
20120413,7
20120415,1
20120416,12
20120417,15
20120418,5
20120419,4
20120420,9
20120422,3
20120423,9
20120424,6
20120425,6
20120426,7
20120427,8
20120428,1
20120429,1
20120430,11
20120501,5
20120502,8
20120503,6
20120504,8
20120506,2
20120507,9
20120508,14
20120509,9
20120510,12
20120511,26
20120513,2
20120514,19
20120515,16
20120516,16
20120517,16
20120518,9
20120520,2
20120521,11
20120522,9
20120523,9
20120524,10
20120525,10
20120528,2
20120529,8
20120530,14
20120531,7
20120601,8
20120604,5
20120605,5
20120606,6
20120607,7
20120608,3
20120610,4
20120611,14
20120612,15
20120613,7
20120614,11
20120615,2
20120616,1
20120617,5
20120618,10
20120619,6
20120620,5
20120621,9
20120622,6
20120625,6
20120626,10
20120627,4
20120628,6
20120629,5
20120701,3
20120702,1
20120703,4
20120704,2
20120705,8
20120706,1
20120708,1
20120709,6
20120710,10
20120711,2
20120712,12
20120713,5
20120716,7
20120717,7
20120718,8
20120719,6
20120720,6
20120721,1
20120722,3
20120723,11
20120724,12
20120725,11
20120726,5
20120727,10
20120729,1
20120730,11
20120731,5
20120801,5
20120802,2
20120803,9
20120805,1
20120806,7
20120807,6
20120808,6
20120809,7
20120810,9
20120813,2
20120814,7
20120815,7
20120816,6
20120817,7
20120819,1
20120820,8
20120821,15
20120822,5
20120823,6
20120824,9
20120826,1
20120827,3
20120828,5
20120829,4
20120830,7
20120831,8
20120901,2
20120903,4
20120904,6
20120905,7
20120906,13
20120907,12
20120908,1
20120909,1
20120910,6
20120911,7
20120912,6
20120913,4
20120914,11
20120915,1
20120916,1
20120917,2
20120918,6
20120919,2
20120920,6
20120921,1
20120923,3
20120924,3
20120925,7
20120926,1
20120927,4
20120928,14
20120929,3
20120930,2
20121001,5
20121002,6
20121003,6
20121004,15
20121005,6
20121007,1
20121008,7
20121009,13
20121010,6
20121011,9
20121012,8
20121013,2
20121015,9
20121016,6
20121017,9
20121018,10
20121019,6
20121020,1
20121021,2
20121022,4
20121023,6
20121024,4
20121025,1
20121026,9
20121027,1
20121028,1
20121029,4
20121030,4
20121031,6
20121101,8
20121102,2
20121103,1
20121105,8
20121106,4
20121107,6
20121108,10
20121109,8
20121111,3
20121112,7
20121113,10
20121114,3
20121115,6
20121116,11
20121118,1
20121119,5
20121120,7
20121121,7
20121122,6
20121123,5
20121125,1
20121126,10
20121127,7
20121128,6
20121129,7
20121130,8
20121202,1
20121203,4
20121204,5
20121205,5
20121206,7
20121207,8
20121209,1
20121210,6
20121211,4
20121212,7
20121213,7
20121214,8
20121215,1
20121216,2
20121217,6
20121218,10
20121219,13
20121220,6
20121221,3
20121222,1
20121223,5
20121224,4
20121225,1
20121226,3
20121227,8
20121228,4
20121229,2
20121230,1
20121231,8
20130101,7
20130102,10
20130103,7
20130104,6
20130106,4
20130107,4
20130108,2
20130109,6
20130110,5
20130111,10
20130112,1
20130113,3
20130114,23
20130115,9
20130116,4
20130117,8
20130118,12
20130121,4
20130122,7
20130123,11
20130124,9
20130125,5
20130127,1
20130128,3
20130129,5
20130130,5
20130131,10
20130201,9
20130203,1
20130204,6
20130205,7
20130206,6
20130207,6
20130208,5
20130210,4
20130211,7
20130212,4
20130213,4
20130214,9
20130215,8
20130217,2
20130218,2
20130219,8
20130220,5
20130221,3
20130222,3
20130223,3
20130224,4
20130225,4
20130226,10
20130227,4
20130228,7
20130301,8
20130303,4
20130304,5
20130305,6
20130306,8
20130307,2
20130308,5
20130310,1
20130311,5
20130312,4
20130313,4
20130314,9
20130315,3
20130317,2
20130318,12
20130319,13
20130320,11
20130321,8
20130322,4
20130324,2
20130325,6
20130326,11
20130327,8
20130328,3
20130329,3
20130330,2
20130401,5
20130402,4
20130403,9
20130404,8
20130405,4
20130407,1
20130408,7
20130409,10
20130410,5
20130411,3
20130412,8
20130414,1
20130415,8
20130416,14
20130417,2
20130418,4
20130419,4
20130420,1
20130421,1
20130422,5
20130423,8
20130424,5
20130425,6
20130426,5
20130428,2
20130429,4
20130430,5
20130501,2
20130502,1
20130503,5
20130506,11
20130507,9
20130508,3
20130509,8
20130510,8
20130512,1
20130513,2
20130514,3
20130515,10
20130516,5
20130517,7
20130518,1
20130519,1
20130520,1
20130521,6
20130522,8
20130523,9
20130524,4
20130527,4
20130528,5
20130529,4
20130530,2
20130531,6
20130601,1
20130602,1
20130603,6
20130604,2
20130605,4
20130606,10
20130607,4
20130608,1
20130610,7
20130611,13
20130612,3
20130613,4
20130614,3
20130616,1
20130617,8
20130618,1
20130619,2
20130620,4
20130621,4
20130622,2
20130623,2
20130624,3
20130625,4
20130626,8
20130627,5
20130628,2
20130630,1
20130701,3
20130702,10
20130703,8
20130704,3
20130705,3
20130707,2
20130708,2
20130709,4
20130710,5
20130711,4
20130712,7
20130714,2
20130715,8
20130717,7
20130718,1
20130719,9
20130721,6
20130722,5
20130723,5
20130724,6
20130725,2
20130726,8
20130728,2
20130729,3
20130730,4
20130731,8
20130801,5
20130802,3
20130803,1
20130804,2
20130805,4
20130806,3
20130807,5
20130808,6
20130809,5
20130810,2
20130811,2
20130812,4
20130813,4
20130814,5
20130815,4
20130816,5
20130818,1
20130819,3
20130820,7
20130821,4
20130822,3
20130823,7
20130825,3
20130826,1
20130827,5
20130828,6
20130829,1
20130830,3
20130902,2
20130903,5
20130904,6
20130905,6
20130906,5
20130908,3
20130909,2
20130910,7
20130911,7
20130912,2
20130913,6
20130914,1
20130915,2
20130916,2
20130917,8
20130918,14
20130919,10
20130920,8
20130921,1
20130922,2
20130923,12
20130924,7
20130925,11
20130926,15
20130927,10
20130928,1
20130929,5
20130930,19
20131001,19
20131002,19
20131003,26
20131004,22
20131005,1
20131006,12
20131007,42
20131008,42
20131009,26
20131010,47
20131011,37
20131012,4
20131013,8
20131014,38
20131015,38
20131016,71
20131017,43
20131018,25
20131019,2
20131020,6
20131021,12
20131022,6
20131023,10
20131024,5
20131025,3
20131027,2
20131028,5
20131029,4
20131030,7
20131031,6
20131101,7
20131102,1
20131103,4
20131104,5
20131105,8
20131106,8
20131107,11
20131108,5
20131109,1
20131110,3
20131111,5
20131112,5
20131113,4
20131114,5
20131115,1
20131118,8
20131119,6
20131120,7
20131121,5
20131122,6
20131124,5
20131125,6
20131126,3
20131127,4
20131128,4
20131129,3
20131201,4
20131202,4
20131203,5
20131204,8
20131205,6
20131206,4
20131209,5
20131210,9
20131211,7
20131212,6
20131213,4
20131214,2
20131215,4
20131216,11
20131217,6
20131218,10
20131219,7
20131220,7
20131222,4
20131223,4
20131224,3
20131225,1
20131226,4
20131227,4
20131230,6
20131231,4
20140101,4
20140102,1
20140103,3
20140105,1
20140106,3
20140107,4
20140108,5
20140109,2
20140110,5
20140112,1
20140113,4
20140114,3
20140115,5
20140116,2
20140117,3
20140118,1
20140119,1
20140120,4
20140121,9
20140122,7
20140123,8
20140124,8
20140126,3
20140127,9
20140128,9
20140129,9
20140130,4
20140131,5
20140202,3
20140203,4
20140204,3
20140205,7
20140206,8
20140207,9
20140209,5
20140210,7
20140211,9
20140212,15
20140213,8
20140214,4
20140216,1
20140217,2
20140218,4
20140219,3
20140220,6
20140221,12
20140223,2
20140224,9
20140225,6
20140226,7
20140227,13
20140228,4
20140302,1
20140303,10
20140304,6
20140305,16
20140306,8
20140307,11
20140308,2
20140309,3
20140310,9
20140311,7
20140312,13
20140313,8
20140314,11
20140316,2
20140317,8
20140318,6
20140319,6
20140320,7
20140321,9
20140323,1
20140324,5
20140325,10
20140326,15
20140327,10
20140328,2
20140329,1
20140330,1
20140331,7
20140401,9
20140402,5
20140403,2
20140404,14
20140405,1
20140406,2
20140407,4
20140408,7
20140409,6
20140410,11
20140411,6
20140412,2
20140413,1
20140414,7
20140415,2
20140416,8
20140417,7
20140418,1
20140420,2
20140421,5
20140422,4
20140423,4
20140424,2
20140425,6
20140427,5
20140428,7
20140429,10
20140430,8
20140501,5
20140502,3
20140504,2
20140505,5
20140506,6
20140507,7
20140508,10
20140509,1
20140510,1
20140511,1
20140512,3
20140513,5
20140514,4
20140515,8
20140516,3
20140517,1
20140518,2
20140519,2
20140520,8
20140521,4
20140522,6
20140523,5
20140525,2
20140526,4
20140527,5
20140528,3
20140529,4
20140530,4
20140601,3
20140602,8
20140603,5
20140604,9
20140605,9
20140606,3
20140608,2
20140609,7
20140610,3
20140611,3
20140612,3
20140613,5
20140615,1
20140616,11
20140617,26
20140618,12
20140619,19
20140620,8
20140622,2
20140623,7
20140624,11
20140625,11
20140626,11
20140627,8
20140629,6
20140630,9
20140701,9
20140702,7
20140703,8
20140704,2
20140706,6
20140707,10
20140708,11
20140709,5
20140710,5
20140711,12
20140712,1
20140713,1
20140714,6
20140715,8
20140716,12
20140717,6
20140718,7
20140720,3
20140721,5
20140722,8
20140723,9
20140724,9
20140725,6
20140726,1
20140727,4
20140728,10
20140729,12
20140730,17
20140731,22
20140801,11
20140803,3
20140804,7
20140805,8
20140806,9
20140807,6
20140808,10
20140809,1
20140810,2
20140811,5
20140812,5
20140813,14
20140814,7
20140815,12
20140817,2
20140818,2
20140819,9
20140820,7
20140821,8
20140822,6
20140824,2
20140825,8
20140826,4
20140827,3
20140828,4
20140829,5
20140831,1
20140901,2
20140902,3
20140903,5
20140904,4
20140905,8
20140907,3
20140908,7
20140909,7
20140910,3
20140911,7
20140912,4
20140913,1
20140914,2
20140915,4
20140916,5
20140917,7
20140918,5
20140919,8
20140921,5
20140922,8
20140923,4
20140924,10
20140925,8
20140926,8
20140927,1
20140928,2
20140929,6
20140930,5
20141001,9
20141002,9
20141003,2
20141004,1
20141005,1
20141006,2
20141007,2
20141008,8
20141009,5
20141010,8
20141012,3
20141013,1
20141014,5
20141015,4
20141016,4
20141017,6
20141019,1
20141020,4
20141021,3
20141022,7
20141023,6
20141024,9
20141026,4
20141027,4
20141028,2
20141029,1
20141030,5
20141031,3
20141102,1
20141103,3
20141104,3
20141105,7
20141106,7
20141107,4
20141108,1
20141109,1
20141110,1
20141111,2
20141112,7
20141113,7
20141114,6
20141116,2
20141117,5
20141118,11
20141119,4
20141120,7
20141121,1
20141123,3
20141124,8
20141125,13
20141126,5
20141127,1
20141128,2
20141129,2
20141130,2
20141201,9
20141202,7
20141203,12
20141204,8
20141205,6
20141207,4
20141208,5
20141209,5
20141210,7
20141211,11
20141212,8
20141213,1
20141214,3
20141215,6
20141216,7
20141217,10
20141218,5
20141219,9
20141221,4
20141222,5
20141223,7
20141224,4
20141225,1
20141226,1
20141228,2
20141229,5
20141230,9
20141231,4
20150101,4
20150102,4
20150104,1
20150105,10
20150106,9
20150107,13
20150108,12
20150109,13
20150111,2
20150112,11
20150113,9
20150114,10
20150115,8
20150116,10
20150119,5
20150120,1
20150121,6
20150122,12
20150123,10
20150125,3
20150126,12
20150127,11
20150128,10
20150129,21
20150130,7
20150131,1
20150201,7
20150202,4
20150203,10
20150204,10
20150205,10
20150206,12
20150207,1
20150208,3
20150209,13
20150210,11
20150211,15
20150212,9
20150213,6
20150216,2
20150217,4
20150218,10
20150219,5
20150220,11
20150222,3
20150223,5
20150224,4
20150225,3
20150226,10
20150227,5
20150301,1
20150302,2
20150303,7
20150304,5
20150305,3
20150308,3
20150309,6
20150310,10
20150311,6
20150312,7
20150313,8
20150315,1
20150316,3
20150317,4
20150318,3
20150319,3
20150320,5
20150322,3
20150323,1
20150324,2
20150325,4
20150326,8
20150327,5
20150329,3
20150330,4
20150331,2
20150401,7
20150402,3
20150403,4
20150405,1
20150406,5
20150407,9
20150408,9
20150409,3
20150410,4
20150411,1
20150412,2
20150413,2
20150414,8
20150415,10
20150416,13
20150417,14
20150418,1
20150419,9
20150420,13
20150421,17
20150422,12
20150423,7
20150424,5
20150425,1
20150426,1
20150427,10
20150428,4
20150429,8
20150430,5
