20050103,1
20050105,2
20050113,1
20050119,1
20050120,1
20050121,4
20050127,2
20050128,2
20050131,1
20050202,1
20050207,1
20050209,1
20050214,1
20050215,2
20050216,1
20050217,2
20050218,1
20050224,2
20050228,2
20050301,1
20050302,1
20050303,1
20050307,2
20050310,1
20050311,1
20050315,1
20050316,1
20050321,1
20050323,2
20050328,1
20050330,1
20050331,1
20050401,1
20050411,1
20050413,1
20050415,1
20050427,1
20050428,1
20050429,2
20050506,1
20050509,1
20050517,1
20050518,1
20050520,2
20050523,1
20050525,1
20050530,2
20050531,2
20050602,1
20050603,2
20050606,1
20050608,1
20050609,1
20050610,1
20050615,1
20050621,1
20050622,2
20050623,1
20050628,1
20050629,1
20050707,1
20050711,1
20050712,1
20050713,3
20050714,1
20050717,1
20050718,1
20050719,1
20050721,1
20050722,1
20050726,1
20050729,1
20050801,1
20050802,1
20050803,2
20050812,1
20050815,1
20050817,1
20050819,1
20050824,1
20050825,1
20050826,4
20050829,1
20050906,1
20050907,1
20050909,2
20050912,1
20050913,2
20050915,1
20050916,1
20050919,2
20050921,1
20050922,1
20050926,1
20050929,3
20051003,1
20051006,1
20051010,2
20051012,2
20051013,2
20051016,1
20051017,1
20051019,1
20051020,1
20051021,3
20051024,1
20051025,7
20051026,3
20051028,1
20051029,1
20051030,1
20051031,2
20051102,1
20051106,1
20051109,1
20051111,2
20051112,2
20051116,1
20051117,3
20051121,1
20051122,1
20051123,1
20051124,1
20051125,1
20051126,1
20051128,1
20051129,3
20051130,2
20051201,1
20051202,1
20051205,1
20051207,2
20051212,1
20051213,3
20051215,1
20051216,1
20051219,1
20051220,1
20051222,1
20051224,1
20051226,1
20051227,4
20051228,2
20051229,3
20060103,3
20060106,2
20060110,1
20060112,4
20060114,1
20060116,1
20060117,1
20060119,2
20060120,2
20060121,1
20060122,1
20060125,1
20060126,1
20060127,1
20060128,2
20060129,1
20060130,1
20060131,1
20060201,2
20060202,2
20060207,1
20060209,5
20060210,2
20060211,1
20060213,2
20060214,2
20060215,2
20060216,1
20060217,1
20060221,1
20060222,2
20060223,1
20060225,1
20060227,3
20060228,1
20060301,1
20060302,2
20060304,2
20060306,1
20060307,6
20060308,2
20060309,5
20060310,2
20060314,1
20060320,1
20060324,1
20060328,1
20060331,1
20060403,2
20060405,1
20060407,1
20060410,1
20060411,2
20060415,1
20060417,1
20060418,1
20060419,1
20060421,1
20060429,1
20060501,1
20060503,1
20060508,1
20060510,2
20060511,1
20060512,1
20060525,2
20060529,1
20060530,1
20060531,1
20060602,2
20060604,1
20060605,2
20060607,3
20060609,1
20060610,1
20060613,1
20060614,1
20060616,1
20060619,1
20060620,1
20060621,2
20060625,1
20060626,1
20060701,1
20060703,2
20060704,1
20060705,1
20060707,1
20060708,1
20060710,1
20060711,1
20060713,4
20060714,2
20060715,2
20060720,3
20060721,1
20060723,1
20060724,1
20060725,1
20060727,2
20060804,1
20060805,1
20060809,1
20060810,1
20060812,1
20060817,2
20060824,1
20060826,2
20060828,1
20060829,1
20060830,3
20060831,1
20060906,1
20060911,1
20060913,1
20060918,1
20060920,1
20060929,2
20060930,1
20061002,1
20061005,1
20061006,1
20061011,1
20061016,1
20061021,1
20061024,1
20061026,1
20061030,1
20061103,1
20061105,1
20061106,1
20061124,1
20061127,1
20061207,1
20061209,1
20061213,1
20061220,1
20061221,1
20061227,1
20070102,2
20070117,1
20070122,1
20070123,1
20070126,1
20070206,1
20070214,1
20070221,1
20070222,2
20070228,2
20070301,2
20070317,1
20070320,2
20070327,1
20070331,1
20070405,1
20070407,1
20070409,1
20070412,1
20070419,1
20070425,1
20070430,1
20070502,1
20070509,1
20070515,2
20070517,1
20070523,1
20070525,2
20070531,1
20070605,1
20070609,1
20070625,1
20070628,1
20070702,1
20070705,1
20070706,1
20070710,1
20070720,1
20070725,1
20070802,1
20070803,1
20070806,1
20070807,1
20070808,2
20070809,1
20070810,1
20070813,1
20070814,3
20070815,1
20070820,3
20070823,4
20070830,2
20070902,1
20070903,1
20070904,1
20070915,1
20070917,2
20070918,1
20070919,1
20070920,1
20070925,1
20070926,2
20070927,1
20071001,1
20071026,1
20071029,1
20071101,1
20071109,1
20071114,2
20071127,1
20071128,1
20071206,1
20071207,2
20071209,1
20071212,3
20071213,2
20071214,1
20071217,1
20071218,1
20071220,4
20071227,2
20071228,1
20080103,1
20080114,1
20080115,2
20080118,1
20080119,1
20080121,1
20080122,1
20080124,3
20080125,2
20080128,1
20080129,2
20080130,1
20080131,3
20080201,2
20080208,1
20080211,1
20080227,2
20080229,1
20080303,1
20080305,2
20080306,1
20080307,2
20080308,1
20080310,2
20080311,2
20080313,2
20080314,3
20080315,1
20080317,1
20080319,1
20080324,1
20080326,1
20080328,1
20080331,3
20080401,2
20080408,4
20080410,2
20080411,3
20080417,1
20080418,1
20080419,1
20080421,1
20080424,1
20080425,1
20080426,1
20080428,1
20080429,1
20080430,1
20080508,1
20080509,1
20080510,1
20080529,1
20080530,1
20080604,1
20080605,2
20080610,1
20080620,1
20080621,1
20080623,1
20080626,1
20080701,1
20080703,1
20080705,1
20080709,1
20080715,1
20080717,1
20080719,1
20080723,1
20080805,1
20080814,1
20080815,1
20080816,1
20080819,1
20080821,1
20080825,1
20080826,1
20080908,1
20080912,1
20080915,4
20080917,2
20080918,1
20080923,1
20080926,2
20081001,1
20081006,1
20081007,1
20081008,2
20081011,1
20081016,1
20081017,1
20081018,2
20081024,1
20081027,3
20081028,4
20081029,4
20081030,1
20081031,2
20081101,1
20081103,2
20081104,1
20081106,2
20081107,1
20081108,1
20081110,3
20081111,1
20081112,2
20081117,1
20081118,2
20081119,8
20081120,18
20081121,6
20081122,2
20081124,9
20081125,1
20081126,4
20081127,2
20081128,3
20081129,1
20081201,2
20081202,6
20081203,5
20081204,3
20081205,4
20081206,1
20081207,1
20081208,1
20081209,2
20081210,2
20081211,5
20081212,1
20081214,1
20081215,1
20081216,8
20081217,6
20081218,1
20081219,3
20081220,1
20081222,1
20081223,1
20081226,1
20081229,5
20081230,1
20081231,3
20090102,5
20090103,2
20090105,3
20090106,4
20090107,4
20090108,1
20090113,1
20090114,3
20090115,2
20090116,7
20090117,2
20090118,1
20090120,1
20090121,1
20090122,4
20090123,6
20090124,2
20090126,2
20090127,3
20090128,6
20090129,2
20090130,2
20090131,1
20090202,1
20090203,3
20090205,1
20090206,3
20090207,1
20090210,1
20090211,4
20090212,2
20090213,1
20090214,2
20090215,1
20090216,1
20090218,2
20090219,2
20090220,3
20090221,2
20090222,1
20090223,5
20090224,4
20090225,1
20090226,2
20090227,4
20090228,1
20090302,2
20090304,1
20090305,1
20090306,2
20090309,5
20090310,2
20090311,3
20090313,3
20090314,4
20090316,4
20090317,2
20090318,6
20090319,9
20090320,5
20090322,1
20090323,7
20090324,3
20090325,3
20090326,3
20090327,5
20090329,1
20090330,4
20090331,5
20090401,2
20090402,1
20090403,3
20090404,1
20090407,3
20090409,6
20090410,1
20090415,6
20090416,6
20090417,4
20090418,2
20090420,2
20090422,3
20090423,2
20090424,1
20090425,1
20090428,2
20090429,3
20090430,1
20090501,2
20090503,1
20090504,4
20090505,3
20090506,2
20090508,3
20090511,3
20090512,4
20090513,1
20090514,1
20090516,1
20090517,3
20090519,1
20090520,1
20090521,1
20090523,1
20090528,1
20090529,1
20090530,3
20090601,3
20090602,1
20090603,2
20090604,4
20090605,1
20090608,2
20090609,3
20090610,1
20090611,3
20090612,2
20090613,2
20090615,3
20090616,2
20090617,3
20090618,4
20090619,5
20090622,1
20090623,3
20090624,4
20090625,5
20090626,3
20090627,2
20090629,1
20090701,2
20090703,2
20090707,1
20090708,1
20090709,2
20090713,5
20090714,2
20090715,1
20090716,4
20090718,1
20090722,2
20090723,1
20090724,2
20090725,1
20090726,1
20090727,2
20090728,1
20090730,1
20090731,1
20090801,2
20090803,3
20090805,3
20090807,1
20090810,1
20090812,1
20090813,1
20090815,1
20090818,1
20090819,1
20090820,1
20090824,1
20090826,1
20090828,1
20090829,1
20090831,2
20090901,1
20090903,1
20090908,2
20090909,2
20090911,3
20090914,2
20090915,2
20090916,3
20090918,2
20090922,2
20090923,2
20090925,1
20090927,1
20090928,1
20090929,2
20090930,3
20091001,4
20091005,3
20091007,3
20091008,1
20091009,1
20091012,1
20091013,1
20091015,3
20091016,2
20091017,1
20091019,1
20091020,3
20091021,3
20091022,1
20091023,3
20091026,1
20091027,2
20091028,4
20091029,4
20091030,4
20091102,2
20091104,1
20091105,2
20091107,1
20091109,2
20091110,2
20091111,2
20091112,1
20091113,1
20091116,3
20091117,2
20091118,2
20091119,5
20091120,4
20091123,4
20091124,4
20091125,4
20091126,3
20091127,7
20091130,3
20091201,7
20091202,5
20091203,4
20091204,4
20091205,2
20091207,1
20091208,6
20091209,4
20091210,3
20091211,4
20091212,1
20091215,3
20091216,6
20091218,1
20091219,1
20091220,1
20091221,5
20091222,4
20091223,4
20091224,2
20091226,1
20091227,1
20091228,2
20091229,2
20091231,3
20100102,1
20100104,3
20100105,2
20100107,3
20100108,1
20100110,1
20100111,2
20100113,3
20100114,4
20100115,2
20100117,1
20100118,1
20100119,2
20100120,1
20100121,2
20100122,1
20100125,5
20100126,5
20100127,1
20100128,1
20100129,3
20100130,1
20100201,4
20100202,1
20100203,3
20100204,5
20100205,2
20100208,3
20100209,2
20100210,1
20100215,3
20100216,2
20100217,3
20100218,7
20100219,6
20100220,1
20100222,2
20100223,4
20100224,4
20100225,2
20100226,1
20100301,3
20100302,4
20100304,2
20100305,1
20100306,1
20100307,1
20100308,5
20100309,1
20100310,2
20100311,4
20100312,1
20100315,4
20100316,1
20100317,4
20100318,7
20100319,5
20100322,3
20100323,2
20100326,2
20100328,1
20100329,3
20100330,1
20100331,2
20100401,3
20100402,1
20100404,1
20100405,1
20100406,1
20100407,3
20100408,1
20100409,1
20100411,1
20100413,3
20100414,3
20100415,2
20100416,1
20100420,1
20100421,2
20100422,3
20100426,4
20100428,1
20100430,1
20100502,1
20100504,2
20100505,1
20100506,2
20100507,5
20100508,1
20100511,1
20100512,1
20100513,1
20100515,2
20100517,2
20100518,1
20100519,5
20100520,3
20100521,4
20100522,1
20100524,4
20100525,2
20100528,1
20100530,1
20100601,2
20100602,8
20100604,6
20100606,1
20100607,2
20100608,3
20100609,3
20100610,5
20100611,4
20100612,2
20100613,1
20100614,4
20100615,5
20100616,3
20100617,5
20100618,7
20100619,2
20100620,2
20100621,4
20100622,1
20100623,4
20100624,3
20100625,5
20100626,3
20100627,2
20100628,5
20100629,7
20100630,6
20100701,2
20100702,6
20100706,5
20100707,6
20100708,1
20100709,2
20100710,3
20100712,5
20100713,2
20100714,7
20100715,5
20100716,2
20100717,2
20100720,1
20100721,4
20100722,6
20100723,2
20100724,1
20100726,1
20100727,1
20100728,3
20100729,5
20100730,5
20100731,2
20100801,2
20100802,5
20100803,9
20100804,6
20100805,12
20100806,4
20100807,5
20100809,11
20100810,15
20100811,8
20100812,7
20100813,12
20100814,2
20100816,12
20100817,11
20100818,5
20100819,6
20100820,4
20100821,3
20100822,2
20100823,4
20100824,14
20100825,6
20100826,11
20100827,11
20100828,9
20100829,1
20100830,8
20100831,7
20100901,6
20100902,6
20100903,4
20100904,1
20100906,1
20100907,5
20100908,4
20100909,4
20100910,3
20100911,2
20100912,1
20100913,3
20100914,9
20100915,11
20100916,9
20100917,10
20100918,3
20100919,1
20100920,6
20100921,10
20100922,3
20100923,6
20100924,6
20100925,1
20100926,1
20100927,3
20100928,7
20100929,5
20100930,4
20101001,11
20101002,3
20101003,1
20101004,6
20101005,10
20101006,5
20101007,4
20101009,3
20101011,3
20101012,6
20101013,9
20101014,5
20101015,6
20101016,4
20101018,4
20101019,3
20101020,2
20101021,5
20101022,4
20101023,1
20101024,1
20101025,7
20101026,5
20101027,5
20101028,4
20101029,4
20101030,1
20101101,1
20101103,5
20101104,9
20101105,5
20101107,4
20101108,6
20101109,5
20101111,3
20101112,5
20101113,1
20101114,3
20101115,7
20101116,8
20101117,7
20101118,7
20101119,1
20101122,3
20101123,3
20101124,2
20101125,2
20101126,2
20101127,1
20101128,2
20101129,1
20101130,1
20101201,4
20101202,4
20101203,4
20101205,3
20101206,5
20101208,1
20101209,3
20101210,4
20101213,7
20101214,3
20101215,8
20101216,4
20101217,8
20101218,1
20101220,1
20101221,1
20101222,3
20101223,3
20101224,4
20101227,2
20101229,1
20101230,1
20101231,1
20110104,2
20110105,6
20110106,2
20110107,2
20110110,3
20110111,1
20110112,6
20110114,2
20110115,1
20110117,2
20110118,2
20110119,1
20110120,2
20110121,1
20110124,3
20110125,5
20110126,7
20110127,3
20110128,2
20110131,2
20110201,3
20110202,5
20110203,2
20110204,3
20110207,3
20110208,1
20110209,2
20110210,1
20110211,3
20110212,1
20110213,2
20110214,3
20110215,1
20110216,2
20110217,2
20110218,2
20110221,1
20110222,2
20110223,4
20110224,6
20110226,1
20110228,1
20110301,12
20110302,1
20110303,1
20110304,3
20110306,1
20110307,3
20110309,5
20110310,3
20110314,6
20110315,2
20110316,1
20110317,4
20110323,3
20110324,4
20110325,2
20110327,1
20110329,1
20110330,1
20110331,3
20110401,1
20110404,1
20110405,2
20110406,2
20110408,2
20110412,3
20110413,1
20110415,3
20110416,1
20110418,2
20110421,2
20110423,1
20110425,3
20110426,2
20110427,5
20110428,2
20110429,1
20110430,1
20110502,2
20110504,2
20110507,1
20110509,1
20110510,1
20110512,1
20110513,1
20110514,1
20110516,3
20110517,2
20110519,1
20110520,1
20110523,2
20110524,1
20110526,1
20110528,1
20110531,1
20110601,1
20110602,3
20110603,2
20110604,1
20110606,2
20110607,4
20110608,1
20110610,4
20110613,3
20110614,1
20110615,5
20110616,2
20110617,1
20110619,1
20110620,1
20110621,1
20110622,8
20110623,5
20110624,1
20110628,1
20110630,6
20110701,6
20110705,1
20110708,2
20110711,1
20110713,7
20110714,1
20110715,2
20110716,1
20110719,2
20110720,1
20110725,2
20110726,1
20110729,5
20110730,1
20110802,3
20110803,6
20110804,7
20110805,4
20110806,2
20110807,1
20110808,8
20110809,7
20110810,2
20110811,6
20110812,2
20110813,1
20110815,3
20110816,3
20110817,2
20110818,5
20110819,4
20110822,6
20110823,2
20110824,5
20110826,3
20110827,2
20110829,3
20110830,1
20110831,2
20110901,2
20110905,1
20110906,2
20110907,1
20110908,6
20110910,1
20110914,2
20110915,3
20110916,1
20110919,2
20110920,4
20110921,3
20110922,4
20110923,4
20110926,2
20110929,6
20110930,5
20111003,1
20111004,1
20111005,4
20111006,2
20111007,2
20111010,2
20111013,2
20111014,2
20111015,1
20111017,2
20111018,2
20111019,1
20111020,3
20111021,5
20111022,1
20111024,1
20111025,1
20111027,2
20111028,1
20111030,1
20111031,2
20111101,3
20111102,1
20111103,1
20111104,2
20111107,2
20111108,2
20111109,2
20111110,1
20111114,1
20111115,1
20111116,3
20111118,1
20111119,1
20111121,1
20111122,1
20111124,1
20111125,2
20111129,2
20111201,1
20111202,3
20111206,1
20111207,2
20111208,2
20111212,1
20111213,3
20111214,1
20111215,3
20111216,1
20111221,2
20111223,1
20111224,1
20111227,1
20111228,1
20111230,1
20120105,2
20120106,1
20120107,1
20120108,1
20120110,3
20120113,2
20120117,2
20120118,3
20120119,1
20120120,2
20120121,1
20120124,2
20120125,7
20120127,4
20120128,2
20120130,3
20120131,1
20120201,1
20120202,3
20120204,1
20120206,1
20120207,3
20120208,2
20120209,1
20120211,1
20120212,1
20120214,3
20120215,6
20120216,2
20120217,1
20120219,1
20120220,1
20120222,1
20120223,3
20120225,1
20120229,1
20120301,3
20120302,3
20120305,1
20120306,1
20120307,1
20120309,1
20120312,1
20120313,2
20120314,1
20120315,4
20120316,3
20120320,2
20120321,1
20120323,2
20120326,2
20120328,1
20120330,1
20120401,1
20120402,1
20120403,2
20120404,3
20120405,1
20120406,1
20120409,2
20120410,1
20120411,2
20120412,1
20120413,1
20120416,2
20120417,1
20120418,2
20120419,2
20120420,2
20120421,1
20120422,3
20120423,1
20120424,2
20120425,2
20120426,2
20120427,8
20120429,1
20120501,1
20120503,2
20120506,1
20120507,4
20120508,4
20120509,1
20120510,6
20120511,3
20120513,2
20120514,4
20120515,1
20120516,3
20120517,8
20120521,4
20120522,5
20120523,4
20120524,3
20120525,4
20120528,3
20120530,3
20120531,7
20120601,4
20120604,6
20120605,2
20120606,1
20120607,2
20120608,2
20120611,2
20120612,1
20120613,3
20120617,1
20120618,1
20120619,1
20120620,3
20120621,8
20120628,3
20120629,1
20120706,1
20120709,2
20120710,3
20120712,2
20120715,1
20120717,3
20120718,4
20120719,3
20120723,2
20120724,4
20120726,3
20120727,2
20120730,2
20120731,3
20120801,5
20120802,2
20120803,1
20120806,3
20120807,4
20120808,4
20120809,2
20120810,1
20120812,1
20120814,2
20120816,4
20120817,3
20120822,2
20120824,2
20120826,1
20120829,1
20120830,1
20120831,1
20120904,2
20120905,1
20120906,3
20120907,1
20120910,4
20120911,2
20120912,2
20120913,2
20120914,1
20120915,1
20120916,1
20120918,2
20120919,3
20120920,5
20120921,1
20120924,1
20120925,1
20120926,3
20120927,6
20120928,7
20121001,2
20121004,2
20121005,3
20121008,1
20121009,1
20121010,2
20121011,6
20121012,4
20121013,2
20121015,1
20121017,1
20121018,1
20121021,1
20121023,2
20121024,1
20121026,2
20121030,2
20121031,2
20121101,1
20121102,2
20121108,1
20121109,1
20121111,1
20121112,1
20121113,1
20121114,4
20121115,4
20121116,2
20121117,1
20121119,3
20121120,2
20121121,2
20121122,2
20121123,3
20121125,3
20121126,5
20121127,4
20121128,1
20121129,2
20121205,2
20121206,4
20121209,2
20121211,2
20121212,3
20121213,5
20121214,2
20121215,1
20121216,6
20121217,6
20121218,2
20121219,5
20121220,6
20121221,2
20121223,2
20121226,4
20121227,1
20121228,2
20121230,1
20130101,2
20130103,1
20130104,2
20130105,1
20130106,1
20130107,3
20130108,3
20130109,2
20130110,1
20130111,5
20130114,1
20130115,1
20130116,7
20130117,4
20130118,1
20130119,1
20130120,1
20130121,2
20130122,15
20130123,7
20130124,9
20130125,4
20130127,2
20130128,2
20130129,2
20130130,4
20130201,1
20130205,3
20130206,5
20130207,5
20130208,2
20130211,4
20130212,14
20130213,4
20130214,7
20130215,5
20130217,1
20130218,6
20130219,4
20130220,7
20130221,1
20130222,5
20130224,4
20130225,13
20130226,1
20130227,5
20130228,1
20130301,3
20130303,1
20130304,6
20130305,3
20130306,4
20130307,7
20130308,1
20130311,6
20130312,3
20130313,2
20130314,3
20130315,3
20130317,1
20130318,3
20130319,1
20130320,4
20130321,11
20130322,1
20130324,1
20130325,1
20130326,3
20130327,3
20130328,3
20130329,2
20130331,2
20130401,1
20130402,8
20130403,6
20130404,20
20130405,9
20130406,1
20130407,3
20130408,2
20130409,7
20130410,4
20130411,4
20130412,6
20130414,1
20130415,7
20130416,6
20130417,7
20130418,7
20130419,9
20130420,2
20130421,5
20130422,5
20130423,8
20130424,3
20130425,2
20130426,6
20130429,3
20130430,3
20130501,1
20130502,7
20130503,2
20130505,2
20130508,7
20130509,9
20130510,10
20130511,1
20130512,3
20130513,5
20130514,4
20130515,6
20130516,10
20130517,3
20130520,1
20130521,4
20130522,10
20130523,3
20130524,4
20130526,2
20130527,1
20130528,2
20130529,4
20130530,4
20130531,7
20130601,1
20130602,1
20130603,4
20130604,4
20130605,5
20130606,5
20130607,2
20130610,3
20130611,2
20130613,6
20130614,5
20130617,3
20130619,8
20130620,2
20130621,3
20130624,2
20130625,1
20130626,1
20130627,5
20130628,7
20130701,3
20130702,1
20130703,2
20130704,1
20130705,3
20130707,2
20130708,2
20130709,1
20130710,2
20130711,4
20130712,1
20130716,2
20130717,2
20130718,2
20130719,4
20130720,2
20130721,3
20130722,6
20130723,4
20130724,4
20130725,4
20130726,6
20130729,8
20130730,6
20130731,4
20130801,3
20130802,1
20130804,2
20130805,3
20130806,1
20130808,3
20130809,1
20130811,1
20130812,3
20130813,2
20130814,2
20130815,1
20130816,1
20130817,1
20130820,2
20130821,1
20130822,2
20130823,1
20130824,1
20130827,1
20130829,3
20130830,7
20130831,1
20130901,1
20130902,3
20130903,3
20130904,4
20130905,2
20130906,2
20130907,1
20130908,4
20130909,4
20130910,2
20130911,3
20130912,3
20130913,2
20130914,1
20130915,1
20130916,2
20130917,3
20130918,4
20130919,2
20130920,5
20130922,1
20130924,3
20130925,2
20130926,6
20130927,5
20130929,1
20130930,3
20131001,7
20131002,3
20131003,1
20131004,4
20131007,8
20131008,7
20131009,3
20131010,3
20131011,3
20131013,1
20131014,3
20131015,1
20131018,1
20131019,1
20131020,2
20131021,3
20131022,2
20131023,1
20131024,1
20131025,5
20131028,3
20131029,2
20131030,3
20131031,6
20131101,7
20131104,5
20131105,4
20131106,5
20131107,10
20131108,4
20131109,2
20131110,2
20131111,7
20131112,9
20131113,7
20131114,10
20131115,5
20131118,3
20131119,8
20131120,4
20131121,7
20131122,9
20131124,1
20131125,3
20131126,3
20131127,2
20131128,6
20131129,9
20131202,2
20131203,3
20131204,7
20131205,7
20131207,1
20131208,1
20131209,5
20131210,5
20131211,6
20131212,6
20131213,6
20131215,2
20131216,4
20131217,10
20131218,7
20131219,5
20131220,4
20131223,4
20131224,2
20131225,4
20131226,3
20131227,3
20131229,3
20131231,1
20140101,5
20140102,3
20140103,5
20140104,1
20140105,4
20140106,5
20140107,8
20140108,7
20140109,11
20140110,3
20140113,2
20140114,5
20140115,10
20140116,12
20140117,3
20140119,1
20140120,1
20140121,11
20140122,6
20140123,4
20140124,4
20140125,1
20140126,2
20140127,8
20140128,2
20140129,3
20140130,2
20140131,7
20140201,1
20140202,1
20140203,4
20140204,5
20140205,9
20140206,12
20140207,5
20140209,2
20140210,3
20140211,1
20140212,6
20140213,3
20140214,3
20140216,2
20140217,2
20140218,5
20140219,3
20140220,5
20140221,6
20140222,2
20140223,3
20140224,4
20140225,9
20140226,4
20140227,8
20140228,6
20140302,1
20140303,4
20140304,2
20140305,2
20140306,5
20140307,5
20140308,1
20140309,2
20140310,5
20140311,3
20140312,8
20140313,13
20140314,5
20140316,1
20140317,5
20140318,3
20140320,3
20140321,2
20140324,9
20140325,7
20140326,14
20140327,6
20140328,9
20140330,1
20140331,11
20140401,12
20140402,6
20140403,8
20140404,3
20140407,7
20140408,10
20140409,11
20140410,9
20140411,8
20140412,1
20140413,2
20140414,6
20140415,6
20140416,9
20140417,5
20140418,3
20140422,3
20140423,3
20140424,4
20140425,5
20140428,9
20140429,8
20140430,7
20140501,3
20140502,6
20140504,1
20140505,2
20140506,3
20140507,1
20140508,5
20140509,4
20140512,12
20140513,6
20140514,15
20140515,11
20140516,3
20140519,8
20140520,5
20140521,2
20140522,2
20140523,7
20140526,3
20140527,5
20140528,9
20140529,3
20140530,6
20140531,1
20140602,9
20140603,6
20140604,13
20140605,17
20140606,4
20140608,3
20140609,4
20140610,4
20140611,1
20140612,5
20140613,5
20140616,4
20140617,7
20140618,3
20140620,2
20140622,1
20140623,6
20140624,1
20140626,1
20140627,4
20140629,3
20140630,3
20140701,5
20140703,9
20140704,3
20140707,5
20140708,1
20140709,4
20140710,4
20140711,2
20140714,1
20140715,6
20140717,2
20140722,3
20140723,2
20140724,3
20140725,5
20140728,1
20140729,4
20140730,4
20140731,7
20140801,6
20140803,1
20140804,5
20140805,2
20140806,4
20140807,3
20140808,1
20140809,1
20140812,2
20140813,7
20140814,5
20140818,2
20140820,2
20140821,1
20140822,4
20140823,1
20140824,4
20140825,2
20140826,3
20140828,11
20140829,7
20140830,1
20140901,4
20140902,4
20140903,7
20140904,13
20140905,3
20140907,1
20140908,3
20140909,3
20140910,2
20140911,7
20140912,4
20140915,2
20140916,4
20140917,4
20140918,8
20140919,2
20140921,1
20140922,2
20140923,3
20140924,3
20140925,3
20140929,6
20140930,8
20141001,8
20141002,4
20141003,1
20141005,2
20141006,2
20141007,4
20141008,4
20141009,7
20141010,4
20141011,2
20141012,3
20141013,3
20141014,11
20141015,14
20141016,20
20141017,9
20141019,4
20141020,9
20141021,9
20141022,9
20141023,10
20141024,5
20141026,4
20141027,7
20141028,11
20141029,8
20141030,7
20141031,30
20141102,3
20141103,10
20141104,12
20141105,8
20141106,8
20141107,6
20141108,1
20141109,4
20141110,8
20141111,8
20141112,8
20141113,10
20141114,11
20141117,14
20141118,15
20141119,5
20141120,7
20141121,8
20141123,2
20141124,4
20141125,10
20141126,4
20141127,5
20141128,8
20141129,1
20141201,9
20141202,8
20141203,5
20141204,2
20141205,2
20141207,3
20141208,9
20141209,8
20141210,6
20141211,11
20141212,5
20141213,1
20141214,3
20141215,7
20141216,7
20141217,6
20141218,7
20141219,7
20141221,2
20141222,2
20141223,1
20141225,2
20141226,2
20141229,4
20141230,4
20141231,3
20150101,2
20150102,8
20150104,3
20150105,14
20150106,18
20150107,20
20150108,22
20150109,14
20150110,1
20150111,2
20150112,8
20150113,13
20150114,14
20150115,22
20150116,14
20150117,1
20150118,4
20150119,12
20150120,11
20150121,20
20150122,21
20150123,8
20150124,2
20150125,7
20150126,7
20150127,10
20150128,7
20150129,10
20150130,22
20150131,2
20150201,2
20150202,10
20150203,9
20150204,8
20150205,13
20150206,4
20150208,1
20150209,5
20150210,10
20150211,4
20150212,12
20150213,6
20150216,7
20150217,7
20150218,7
20150219,7
20150220,3
20150223,5
20150224,7
20150225,8
20150226,13
20150227,6
20150228,2
20150301,5
20150302,10
20150303,3
20150304,8
20150305,8
20150306,2
20150308,4
20150309,5
20150310,5
20150311,10
20150312,8
20150313,3
20150315,2
20150316,5
20150317,4
20150318,8
20150319,5
20150320,3
20150323,4
20150324,7
20150325,3
20150326,2
20150327,8
20150329,1
20150330,3
20150331,5
20150401,3
20150402,4
20150405,2
20150406,2
20150407,4
20150408,4
20150409,5
20150410,1
20150412,1
20150413,4
20150414,2
20150415,7
20150416,1
20150417,6
20150419,2
20150420,7
20150421,7
20150422,4
20150423,3
20150424,4
20150426,1
20150427,2
20150428,1
20150429,2
20150430,4
