20050118,1
20050202,1
20050203,1
20050302,1
20050303,1
20050331,1
20050404,2
20050413,1
20050429,1
20050506,1
20050624,1
20050719,1
20050721,1
20050825,1
20050903,1
20050908,1
20050922,1
20050926,1
20051007,1
20051112,1
20051115,1
20051213,2
20051214,1
20060108,1
20060123,1
20060204,1
20060219,1
20060405,1
20060425,1
20060609,1
20060616,1
20060623,1
20060624,1
20060809,3
20060810,1
20060811,1
20060815,1
20060817,1
20060818,1
20060905,4
20060906,2
20060910,1
20060912,1
20060918,1
20060919,1
20060920,2
20060926,1
20061011,1
20061015,1
20061212,1
20061213,2
20061214,1
20061215,1
20061218,1
20061220,1
20061227,1
20061231,1
20070123,1
20070124,1
20070125,1
20070126,1
20070129,1
20070130,1
20070212,1
20070228,1
20070306,1
20070313,1
20070321,1
20070410,1
20070416,1
20070425,1
20070529,2
20070605,1
20070606,1
20070808,1
20070809,1
20070830,2
20070928,2
20071026,1
20071129,1
20080211,1
20080220,1
20080221,2
20080229,1
20080328,1
20080407,1
20080409,1
20080420,1
20080507,1
20080512,1
20080521,1
20080607,1
20080611,1
20080629,1
20080630,1
20080703,1
20080708,2
20080723,1
20080731,1
20080809,2
20080814,1
20080825,1
20080826,1
20080828,2
20080911,1
20080915,1
20080917,1
20080919,1
20080923,1
20080924,1
20081001,2
20081017,1
20081023,1
20081027,1
20081108,1
20081112,2
20081114,1
20081203,1
20081226,1
20090107,1
20090108,2
20090126,1
20090129,1
20090204,1
20090205,2
20090212,1
20090218,1
20090225,2
20090309,1
20090313,1
20090320,1
20090321,1
20090324,1
20090416,1
20090428,1
20090430,1
20090506,1
20090518,1
20090520,1
20090522,1
20090526,1
20090713,1
20090810,2
20090818,1
20090821,1
20090824,1
20090828,1
20090911,1
20091007,1
20091017,1
20091019,1
20091028,1
20091104,1
20091116,1
20091117,3
20091118,1
20091123,2
20091130,2
20091202,2
20091211,2
20091214,4
20091215,1
20091217,1
20091218,1
20091222,2
20091228,2
20091230,1
20100104,2
20100107,1
20100204,1
20100310,1
20100311,4
20100312,4
20100317,1
20100326,1
20100330,1
20100408,1
20100410,1
20100412,2
20100416,1
20100426,1
20100429,1
20100430,1
20100501,1
20100615,2
20100622,1
20100624,1
20100709,2
20100713,1
20100721,1
20100725,1
20100817,1
20100820,2
20100903,1
20100908,1
20101020,1
20101026,2
20101116,1
20101122,1
20101215,1
20101217,1
20101224,1
20110106,1
20110208,1
20110209,1
20110210,1
20110224,1
20110305,1
20110307,3
20110308,2
20110310,1
20110327,1
20110402,1
20110404,1
20110411,1
20110428,1
20110502,1
20110504,2
20110509,1
20110511,1
20110512,2
20110523,1
20110628,3
20110705,1
20110715,2
20110722,1
20110725,1
20110726,1
20110801,1
20110802,3
20110803,2
20110808,1
20110815,1
20110816,1
20110821,1
20110905,1
20110917,2
20110922,1
20110927,1
20110929,2
20110930,1
20111004,1
20111018,2
20111019,1
20111101,1
20111102,2
20111104,1
20111108,2
20111116,1
20111121,1
20111128,1
20111202,1
20111206,1
20111207,1
20111209,1
20111222,2
20120103,2
20120104,3
20120105,8
20120109,1
20120114,1
20120123,1
20120124,2
20120125,1
20120206,1
20120210,1
20120221,2
20120225,1
20120229,1
20120305,1
20120306,3
20120307,1
20120312,1
20120313,1
20120315,1
20120323,2
20120402,1
20120405,1
20120416,1
20120417,1
20120426,1
20120502,2
20120503,1
20120507,1
20120508,1
20120510,1
20120511,1
20120518,2
20120520,1
20120521,2
20120524,1
20120529,1
20120530,2
20120531,2
20120604,2
20120607,1
20120612,2
20120624,1
20120626,1
20120627,1
20120629,1
20120703,1
20120715,1
20120730,1
20120731,1
20120802,2
20120805,1
20120806,2
20120810,1
20120906,1
20120907,3
20120910,1
20120912,1
20120914,1
20120919,2
20121023,1
20121105,1
20121113,3
20121119,2
20121121,1
20121129,1
20121202,1
20121203,1
20121206,1
20121209,1
20121211,1
20121214,1
20121226,1
20130109,1
20130128,1
20130130,1
20130205,1
20130206,1
20130212,1
20130220,2
20130222,1
20130225,2
20130228,1
20130307,1
20130308,1
20130311,1
20130325,2
20130424,1
20130425,1
20130520,1
20130529,1
20130607,1
20130613,1
20130625,1
20130626,1
20130726,1
20130822,1
20130914,1
20130927,2
20131018,1
20131021,2
20131106,2
20131110,1
20131120,5
20131123,1
20131210,1
20131218,1
20131230,2
20140101,1
20140116,1
20140117,1
20140123,1
20140124,1
20140218,2
20140219,7
20140221,1
20140306,1
20140316,1
20140331,1
20140408,1
20140415,1
20140416,1
20140417,1
20140423,1
20140502,1
20140507,3
20140508,1
20140509,1
20140513,3
20140514,1
20140515,1
20140518,1
20140527,1
20140528,1
20140630,2
20140701,1
20140703,1
20140804,1
20140806,3
20140807,1
20140811,1
20140812,2
20140813,2
20140913,1
20140930,3
20141003,3
20141008,1
20141016,1
20141027,1
20141104,1
20141105,1
20141115,1
20141116,1
20141128,1
20141204,1
20141210,1
20141218,1
20150114,1
20150115,1
20150123,1
20150212,1
20150216,1
20150217,2
20150218,1
20150225,1
20150303,1
20150305,1
