20050104,1
20050105,2
20050106,2
20050107,1
20050112,1
20050117,1
20050118,1
20050119,1
20050123,1
20050124,1
20050125,1
20050126,1
20050127,1
20050131,1
20050201,1
20050207,2
20050210,1
20050214,2
20050223,1
20050228,1
20050301,1
20050303,1
20050308,1
20050310,5
20050311,1
20050312,1
20050314,1
20050316,1
20050317,1
20050318,2
20050321,1
20050323,1
20050325,1
20050329,1
20050401,2
20050407,1
20050413,3
20050414,2
20050415,1
20050418,1
20050419,1
20050420,1
20050426,1
20050427,2
20050428,1
20050429,2
20050502,1
20050504,1
20050505,1
20050516,1
20050517,1
20050518,1
20050519,2
20050523,1
20050524,1
20050531,1
20050602,1
20050603,1
20050608,1
20050614,1
20050617,1
20050623,1
20050629,2
20050705,3
20050708,3
20050711,2
20050715,2
20050720,1
20050721,1
20050722,1
20050725,1
20050727,2
20050728,2
20050731,1
20050802,1
20050803,1
20050804,3
20050805,1
20050807,1
20050809,1
20050814,1
20050816,1
20050817,2
20050818,1
20050823,1
20050824,2
20050825,1
20050826,2
20050829,2
20050830,2
20050831,3
20050902,2
20050903,1
20050909,1
20050912,1
20050913,3
20050914,4
20050916,2
20050921,4
20050922,3
20050923,1
20050924,2
20050925,1
20050926,2
20050927,4
20051003,2
20051006,2
20051007,1
20051010,3
20051013,1
20051016,1
20051017,3
20051018,3
20051019,1
20051024,1
20051025,4
20051026,1
20051027,2
20051028,1
20051031,1
20051102,3
20051103,1
20051104,2
20051108,4
20051110,1
20051111,1
20051113,1
20051114,1
20051115,1
20051116,2
20051119,1
20051122,1
20051123,2
20051128,1
20051130,1
20051201,1
20051202,1
20051206,2
20051213,1
20051214,3
20051217,1
20051220,1
20051227,1
20051229,2
20051230,1
20060103,1
20060104,5
20060105,2
20060109,1
20060111,2
20060112,1
20060116,1
20060118,1
20060119,1
20060120,1
20060121,1
20060124,2
20060125,1
20060126,4
20060130,1
20060202,1
20060203,1
20060204,1
20060206,3
20060207,3
20060208,1
20060213,1
20060215,2
20060227,1
20060301,1
20060305,1
20060306,1
20060309,1
20060312,1
20060315,1
20060323,1
20060403,1
20060404,1
20060406,1
20060407,1
20060411,1
20060425,1
20060429,1
20060501,1
20060502,2
20060503,1
20060505,1
20060509,1
20060511,1
20060512,1
20060518,1
20060519,2
20060527,1
20060607,2
20060608,3
20060623,1
20060626,2
20060706,1
20060713,1
20060725,1
20060728,3
20060730,1
20060807,1
20060809,1
20060810,1
20060816,1
20060821,2
20060823,2
20060828,2
20060830,1
20060831,2
20060908,1
20060912,1
20060915,1
20060918,1
20060921,2
20060922,2
20060927,1
20060928,1
20060929,1
20061002,1
20061004,1
20061007,1
20061009,2
20061011,2
20061016,3
20061018,1
20061019,2
20061020,1
20061023,1
20061024,3
20061025,3
20061026,1
20061027,1
20061030,2
20061031,1
20061101,1
20061102,1
20061103,1
20061106,1
20061108,1
20061110,1
20061113,1
20061117,1
20061118,1
20061122,1
20061123,1
20061124,1
20061127,2
20061128,1
20061130,1
20061206,1
20061211,3
20061212,1
20061213,5
20061215,1
20061217,2
20061218,3
20061222,3
20061228,1
20061229,1
20070104,1
20070108,2
20070109,1
20070110,1
20070112,2
20070116,3
20070117,2
20070122,1
20070123,2
20070124,2
20070125,3
20070126,2
20070131,1
20070206,1
20070208,1
20070212,1
20070213,2
20070215,3
20070217,1
20070220,2
20070221,1
20070226,3
20070227,3
20070228,1
20070301,1
20070306,1
20070307,1
20070308,2
20070309,2
20070312,2
20070313,2
20070315,2
20070316,1
20070319,1
20070320,2
20070327,1
20070329,1
20070331,1
20070404,1
20070409,2
20070410,3
20070412,2
20070413,4
20070416,4
20070418,3
20070419,2
20070423,2
20070424,2
20070425,1
20070426,5
20070427,2
20070430,1
20070504,2
20070508,5
20070509,1
20070511,3
20070512,1
20070514,3
20070515,1
20070517,1
20070518,1
20070522,1
20070526,1
20070529,2
20070531,1
20070601,1
20070606,3
20070608,1
20070615,2
20070618,3
20070619,1
20070620,1
20070625,2
20070626,5
20070627,1
20070628,1
20070629,2
20070705,1
20070706,1
20070709,1
20070713,3
20070717,4
20070718,2
20070719,2
20070720,2
20070724,1
20070725,2
20070726,2
20070727,2
20070730,2
20070807,1
20070813,3
20070814,2
20070815,1
20070816,1
20070820,1
20070821,1
20070822,2
20070827,2
20070908,1
20070909,1
20070915,1
20070917,1
20070924,1
20071004,1
20071006,1
20071015,1
20071019,2
20071024,1
20071025,1
20071029,2
20071101,1
20071102,1
20071106,3
20071107,1
20071108,3
20071112,1
20071118,1
20071123,1
20071124,1
20071128,1
20071129,1
20071201,1
20071204,2
20071205,1
20071206,3
20071211,1
20071212,1
20071213,1
20071214,4
20071216,1
20071220,1
20071226,1
20071231,1
20080102,1
20080103,1
20080108,1
20080111,1
20080112,1
20080116,1
20080117,1
20080122,1
20080123,1
20080129,1
20080130,2
20080204,1
20080211,3
20080212,1
20080215,1
20080220,1
20080222,2
20080226,1
20080228,1
20080229,1
20080304,2
20080307,1
20080310,1
20080319,1
20080327,1
20080404,2
20080408,3
20080411,2
20080415,1
20080416,1
20080417,1
20080418,4
20080419,1
20080421,1
20080422,1
20080423,2
20080424,3
20080425,2
20080429,1
20080430,1
20080501,1
20080502,2
20080503,1
20080504,1
20080508,1
20080509,1
20080513,1
20080514,1
20080515,1
20080523,2
20080528,4
20080529,3
20080530,1
20080531,2
20080601,1
20080602,4
20080603,6
20080604,1
20080605,1
20080606,1
20080609,1
20080611,2
20080612,1
20080614,1
20080616,1
20080619,1
20080623,1
20080624,3
20080625,6
20080627,1
20080628,1
20080629,1
20080630,1
20080701,1
20080704,2
20080709,2
20080710,7
20080711,10
20080712,2
20080713,2
20080716,1
20080718,1
20080721,1
20080722,1
20080723,1
20080725,2
20080728,1
20080729,3
20080730,3
20080731,2
20080801,1
20080804,1
20080806,1
20080808,1
20080809,1
20080814,1
20080815,1
20080820,1
20080821,1
20080822,2
20080825,2
20080909,1
20080911,1
20080912,2
20080913,1
20080915,1
20080916,1
20080917,1
20080919,2
20080922,1
20080923,1
20080926,1
20081001,1
20081003,3
20081006,1
20081011,1
20081021,1
20081022,3
20081024,4
20081029,2
20081030,2
20081031,1
20081101,1
20081105,1
20081117,3
20081119,1
20081120,1
20081128,1
20081201,1
20081202,1
20081204,2
20081208,4
20081209,6
20081214,1
20081216,2
20081218,1
20081219,1
20081222,3
20081225,1
20081226,1
20081229,4
20081230,9
20081231,4
20090102,3
20090106,3
20090107,3
20090108,2
20090109,5
20090112,3
20090113,1
20090114,3
20090115,2
20090120,1
20090121,2
20090122,1
20090123,2
20090124,2
20090126,4
20090127,5
20090128,6
20090129,3
20090130,3
20090201,1
20090202,1
20090203,2
20090204,3
20090205,4
20090206,2
20090209,2
20090210,2
20090211,1
20090212,2
20090213,2
20090214,1
20090217,2
20090218,1
20090219,1
20090223,1
20090224,1
20090226,1
20090227,2
20090228,3
20090303,1
20090306,1
20090307,2
20090309,2
20090310,4
20090311,4
20090312,1
20090317,1
20090318,2
20090319,3
20090320,1
20090324,1
20090328,1
20090401,2
20090402,3
20090403,3
20090405,1
20090406,1
20090409,1
20090415,2
20090424,1
20090430,2
20090501,3
20090508,1
20090509,3
20090512,1
20090513,2
20090515,1
20090516,1
20090520,2
20090522,1
20090526,2
20090527,2
20090528,1
20090530,1
20090601,1
20090603,1
20090605,1
20090612,1
20090615,1
20090619,1
20090620,1
20090623,1
20090625,2
20090701,2
20090702,1
20090703,1
20090721,1
20090722,1
20090723,1
20090724,1
20090727,3
20090730,1
20090731,4
20090805,1
20090808,1
20090811,1
20090814,1
20090817,1
20090818,1
20090819,1
20090824,1
20090825,1
20090827,1
20090828,2
20090902,1
20090903,1
20090904,1
20090910,1
20090911,1
20090914,1
20090916,1
20090928,1
20090929,2
20090930,2
20091006,1
20091008,1
20091009,1
20091019,1
20091020,2
20091022,1
20091023,3
20091026,1
20091031,1
20091111,1
20091112,4
20091113,1
20091119,1
20091120,1
20091123,2
20091124,1
20091130,1
20091203,1
20091204,1
20091207,1
20091215,1
20091222,1
20091224,1
20091229,1
20100104,1
20100106,2
20100107,1
20100108,2
20100114,1
20100115,2
20100117,1
20100119,2
20100121,1
20100124,1
20100125,1
20100126,2
20100202,3
20100203,1
20100206,1
20100208,1
20100217,1
20100222,1
20100223,1
20100227,1
20100301,3
20100302,4
20100303,1
20100304,2
20100305,1
20100311,2
20100315,3
20100318,1
20100322,1
20100325,1
20100407,1
20100408,2
20100413,2
20100414,1
20100415,1
20100420,1
20100428,2
20100429,2
20100504,1
20100509,1
20100510,1
20100514,1
20100515,1
20100519,1
20100523,1
20100528,1
20100604,1
20100605,1
20100607,1
20100608,2
20100610,3
20100611,2
20100615,1
20100616,3
20100617,1
20100619,1
20100621,3
20100622,1
20100624,1
20100625,1
20100627,1
20100701,1
20100702,1
20100706,1
20100708,1
20100709,1
20100713,2
20100722,1
20100726,1
20100727,2
20100728,2
20100802,2
20100803,4
20100804,3
20100816,1
20100819,1
20100820,2
20100824,1
20100826,2
20100902,2
20100907,1
20100909,2
20100914,1
20100916,1
20100917,2
20100918,1
20100920,1
20100921,1
20100922,1
20100929,1
20100930,1
20101001,3
20101008,1
20101012,2
20101018,4
20101020,1
20101021,1
20101022,2
20101026,2
20101027,1
20101028,5
20101029,3
20101101,2
20101104,1
20101105,2
20101108,1
20101111,1
20101115,1
20101116,1
20101119,2
20101120,1
20101122,1
20101125,1
20101127,1
20101129,1
20101202,1
20101203,1
20101204,1
20101206,1
20101208,2
20101209,2
20101211,1
20101214,1
20101220,1
20101221,1
20110103,2
20110106,1
20110111,1
20110118,3
20110119,2
20110124,1
20110125,2
20110126,1
20110129,1
20110131,1
20110202,1
20110203,1
20110205,1
20110207,1
20110208,1
20110220,1
20110221,1
20110222,2
20110224,2
20110301,1
20110302,2
20110307,3
20110309,1
20110310,1
20110314,1
20110315,1
20110317,1
20110319,1
20110320,1
20110322,2
20110324,2
20110325,1
20110328,1
20110406,1
20110410,2
20110413,2
20110418,1
20110421,1
20110425,4
20110426,1
20110427,4
20110428,2
20110429,1
20110430,1
20110502,1
20110503,2
20110504,1
20110505,1
20110506,1
20110510,3
20110512,1
20110516,1
20110523,1
20110527,1
20110528,1
20110531,1
20110601,2
20110607,2
20110613,1
20110615,1
20110617,1
20110620,3
20110624,1
20110625,1
20110626,1
20110629,1
20110630,1
20110705,2
20110706,3
20110709,1
20110711,1
20110714,1
20110716,1
20110719,2
20110721,2
20110722,1
20110723,1
20110725,2
20110726,4
20110727,6
20110728,4
20110801,2
20110802,1
20110803,1
20110805,2
20110807,2
20110815,1
20110818,4
20110819,1
20110822,1
20110823,1
20110825,2
20110826,1
20110828,1
20110829,1
20110830,3
20110906,2
20110907,1
20110910,1
20110913,1
20110920,2
20110921,2
20110922,1
20110923,1
20110927,2
20110929,2
20111010,1
20111011,1
20111012,1
20111014,1
20111018,1
20111024,1
20111025,2
20111026,2
20111027,5
20111028,1
20111031,3
20111101,2
20111102,1
20111103,1
20111104,2
20111109,1
20111110,1
20111115,2
20111117,2
20111118,1
20111121,2
20111122,1
20111123,1
20111128,2
20111130,1
20111204,1
20111205,1
20111209,2
20111210,1
20111212,1
20111213,2
20111214,1
20111215,1
20111219,3
20111222,2
20111227,1
20111230,1
20120103,1
20120112,2
20120113,2
20120116,1
20120118,1
20120119,1
20120120,1
20120124,1
20120125,2
20120126,1
20120127,1
20120130,1
20120201,1
20120202,6
20120203,3
20120205,1
20120208,4
20120209,1
20120213,2
20120217,2
20120220,2
20120221,1
20120223,2
20120224,1
20120227,2
20120229,1
20120301,1
20120304,1
20120305,1
20120307,1
20120312,1
20120313,1
20120314,2
20120316,2
20120321,1
20120326,1
20120327,1
20120328,3
20120330,1
20120402,1
20120403,1
20120405,3
20120406,1
20120409,1
20120410,1
20120412,1
20120413,5
20120418,4
20120424,1
20120425,1
20120426,2
20120427,2
20120428,1
20120429,1
20120430,2
20120501,1
20120510,4
20120511,1
20120516,2
20120520,1
20120523,2
20120524,1
20120601,1
20120604,1
20120605,1
20120618,1
20120620,1
20120626,1
20120627,1
20120628,1
20120702,1
20120708,1
20120713,2
20120716,1
20120717,1
20120719,3
20120720,3
20120721,1
20120723,2
20120724,1
20120725,2
20120726,5
20120727,2
20120728,1
20120729,2
20120730,1
20120808,1
20120809,3
20120814,1
20120821,1
20120822,1
20120827,2
20120829,1
20120830,3
20120904,1
20120905,1
20120906,2
20120907,2
20120910,1
20120911,1
20120912,1
20120913,1
20120917,1
20120918,3
20120919,1
20120920,1
20120924,1
20120925,1
20121003,3
20121004,2
20121005,1
20121009,1
20121012,1
20121015,1
20121016,3
20121017,1
20121018,1
20121019,1
20121023,4
20121024,5
20121025,2
20121026,1
20121028,1
20121029,1
20121030,1
20121031,1
20121101,3
20121105,2
20121106,2
20121112,2
20121113,1
20121114,2
20121115,3
20121118,2
20121130,2
20121203,2
20121204,3
20121205,1
20121206,6
20121207,1
20121210,3
20121211,3
20121212,1
20121213,2
20121217,1
20121218,1
20121219,1
20121221,1
20121225,1
20121226,1
20121229,1
20130107,1
20130108,1
20130110,2
20130111,1
20130114,1
20130116,1
20130117,1
20130118,3
20130121,1
20130122,1
20130123,1
20130125,2
20130128,1
20130129,1
20130130,1
20130131,3
20130201,4
20130203,1
20130204,2
20130207,1
20130210,1
20130212,1
20130213,1
20130219,1
20130220,1
20130224,1
20130225,1
20130227,1
20130228,3
20130303,1
20130304,2
20130306,3
20130307,1
20130314,2
20130320,2
20130322,1
20130325,1
20130326,3
20130329,1
20130402,1
20130403,1
20130409,3
20130416,1
20130418,4
20130422,1
20130423,2
20130425,3
20130428,3
20130429,1
20130502,1
20130503,1
20130505,2
20130506,1
20130507,1
20130508,2
20130513,1
20130515,1
20130516,3
20130517,1
20130518,1
20130520,1
20130521,3
20130524,1
20130604,1
20130607,1
20130610,2
20130614,2
20130619,1
20130702,2
20130711,1
20130719,1
20130721,1
20130723,4
20130724,1
20130725,2
20130726,2
20130729,1
20130807,1
20130814,1
20130816,1
20130820,1
20130822,1
20130823,1
20130826,4
20130827,4
20130828,2
20130829,1
20130830,3
20130903,1
20130904,2
20130905,2
20130906,1
20130909,1
20130910,8
20130911,2
20130912,2
20130916,4
20130917,1
20130920,1
20130923,1
20130930,2
20131001,1
20131006,1
20131011,4
20131020,1
20131021,1
20131022,1
20131024,4
20131031,1
20131101,1
20131114,1
20131115,1
20131120,1
20131121,1
20131124,1
20131202,5
20131203,3
20131206,1
20131210,1
20131211,1
20131217,1
20131219,1
20131230,1
20140106,1
20140107,1
20140108,2
20140109,3
20140112,1
20140113,4
20140116,1
20140117,1
20140121,8
20140122,7
20140126,1
20140128,2
20140129,5
20140131,1
20140211,1
20140212,3
20140213,1
20140218,1
20140219,1
20140220,2
20140224,1
20140225,5
20140302,1
20140303,2
20140304,1
20140305,3
20140310,1
20140313,1
20140317,1
20140319,1
20140320,4
20140321,1
20140324,2
20140325,1
20140401,1
20140410,1
20140417,1
20140422,1
20140423,5
20140425,2
20140430,1
20140501,3
20140502,1
20140505,1
20140520,1
20140604,1
20140606,2
20140609,1
20140610,1
20140612,1
20140615,1
20140619,1
20140620,1
20140622,1
20140626,1
20140627,1
20140701,1
20140702,1
20140707,2
20140708,1
20140721,1
20140723,4
20140724,1
20140813,1
20140814,3
20140819,1
20140822,1
20140825,1
20140826,4
20140905,1
20140908,6
20140909,2
20140916,1
20140917,1
20140918,2
20140919,1
20140925,1
20140930,1
20141002,2
20141003,3
20141006,1
20141015,1
20141016,1
20141022,6
20141023,1
20141030,1
20141105,2
20141106,1
20141111,1
20141112,1
20141113,4
20141114,2
20141116,2
20141117,4
20141121,1
20141125,1
20141128,1
20141130,1
20141202,2
20141203,5
20141205,1
20141209,1
20141210,1
20141212,2
20141215,3
20141216,2
20141217,1
20141218,1
20141219,3
20141221,1
20141222,2
20150101,2
20150108,1
20150111,1
20150112,1
20150113,1
20150114,1
20150115,2
20150127,1
20150129,4
20150202,1
20150204,1
20150211,1
20150218,1
20150226,1
20150301,1
20150305,1
20150308,1
20150311,3
20150318,1
20150319,1
20150323,1
20150327,12
20150401,1
20150405,1
20150406,1
20150408,1
20150410,1
20150416,1
20150417,1
20150422,4
20150423,4
20150427,2
20150428,3
20150430,1
