20050103,41
20050104,28
20050105,42
20050106,46
20050107,38
20050108,1
20050109,4
20050110,36
20050111,38
20050112,44
20050113,38
20050114,34
20050116,4
20050117,30
20050118,29
20050119,47
20050120,34
20050121,38
20050122,1
20050123,6
20050124,37
20050125,41
20050126,36
20050127,50
20050128,51
20050130,6
20050131,29
20050201,39
20050202,39
20050203,42
20050204,40
20050205,4
20050206,2
20050207,45
20050208,52
20050209,45
20050210,31
20050211,41
20050212,1
20050213,6
20050214,37
20050215,41
20050216,48
20050217,43
20050218,48
20050219,1
20050220,3
20050221,18
20050222,38
20050223,54
20050224,26
20050225,42
20050227,2
20050228,35
20050301,49
20050302,44
20050303,40
20050304,35
20050306,3
20050307,34
20050308,43
20050309,37
20050310,42
20050311,42
20050312,2
20050313,3
20050314,34
20050315,42
20050316,42
20050317,34
20050318,31
20050320,3
20050321,39
20050322,40
20050323,42
20050324,38
20050325,30
20050327,4
20050328,21
20050329,36
20050330,40
20050331,39
20050401,38
20050403,4
20050404,41
20050405,38
20050406,43
20050407,41
20050408,34
20050409,1
20050410,4
20050411,46
20050412,31
20050413,49
20050414,33
20050415,48
20050417,2
20050418,31
20050419,39
20050420,38
20050421,38
20050422,39
20050424,5
20050425,38
20050426,34
20050427,40
20050428,33
20050429,45
20050430,3
20050501,3
20050502,33
20050503,36
20050504,46
20050505,33
20050506,48
20050507,1
20050508,3
20050509,33
20050510,38
20050511,33
20050512,31
20050513,33
20050514,2
20050515,2
20050516,40
20050517,30
20050518,35
20050519,38
20050520,45
20050521,1
20050522,2
20050523,28
20050524,25
20050525,48
20050526,42
20050527,39
20050528,1
20050529,4
20050530,15
20050531,34
20050601,37
20050602,36
20050603,39
20050604,1
20050605,3
20050606,31
20050607,32
20050608,41
20050609,43
20050610,46
20050611,1
20050612,3
20050613,33
20050614,35
20050615,42
20050616,41
20050617,30
20050619,3
20050620,31
20050621,37
20050622,46
20050623,29
20050624,41
20050625,2
20050626,3
20050627,31
20050628,44
20050629,44
20050630,43
20050701,39
20050702,1
20050703,3
20050704,9
20050705,34
20050706,33
20050707,34
20050708,43
20050709,1
20050710,4
20050711,27
20050712,37
20050713,45
20050714,33
20050715,31
20050716,1
20050717,3
20050718,27
20050719,39
20050720,42
20050721,32
20050722,28
20050724,2
20050725,35
20050726,32
20050727,47
20050728,47
20050729,39
20050731,4
20050801,34
20050802,38
20050803,49
20050804,42
20050805,45
20050807,3
20050808,32
20050809,44
20050810,43
20050811,41
20050812,50
20050814,3
20050815,33
20050816,44
20050817,46
20050818,50
20050819,38
20050820,3
20050821,2
20050822,31
20050823,41
20050824,37
20050825,47
20050826,48
20050827,2
20050828,4
20050829,41
20050830,30
20050831,37
20050901,37
20050902,40
20050903,5
20050904,4
20050905,12
20050906,36
20050907,56
20050908,41
20050909,50
20050910,3
20050911,3
20050912,33
20050913,39
20050914,51
20050915,37
20050916,50
20050917,10
20050918,3
20050919,29
20050920,37
20050921,38
20050922,49
20050923,37
20050924,12
20050925,6
20050926,29
20050927,45
20050928,50
20050929,34
20050930,47
20051001,9
20051002,2
20051003,32
20051004,52
20051005,45
20051006,39
20051007,40
20051008,12
20051009,2
20051010,36
20051011,29
20051012,43
20051013,26
20051014,35
20051015,10
20051016,2
20051017,30
20051018,39
20051019,42
20051020,38
20051021,42
20051022,10
20051023,4
20051024,30
20051025,39
20051026,48
20051027,52
20051028,39
20051029,13
20051030,2
20051031,28
20051101,36
20051102,35
20051103,34
20051104,40
20051105,12
20051106,2
20051107,26
20051108,32
20051109,51
20051110,43
20051111,41
20051112,17
20051113,2
20051114,23
20051115,31
20051116,55
20051117,48
20051118,51
20051119,11
20051120,4
20051121,22
20051122,51
20051123,46
20051124,20
20051125,38
20051126,22
20051127,2
20051128,31
20051129,43
20051130,46
20051201,46
20051202,48
20051203,15
20051204,2
20051205,28
20051206,41
20051207,39
20051208,43
20051209,40
20051210,16
20051211,4
20051212,39
20051213,41
20051214,46
20051215,40
20051216,42
20051217,14
20051218,5
20051219,36
20051220,40
20051221,30
20051222,41
20051223,40
20051224,12
20051225,2
20051226,3
20051227,35
20051228,37
20051229,29
20051230,35
20051231,18
20060101,2
20060102,2
20060103,38
20060104,46
20060105,36
20060106,33
20060107,14
20060108,5
20060109,28
20060110,43
20060111,40
20060112,36
20060113,51
20060114,20
20060115,3
20060116,22
20060117,33
20060118,45
20060119,37
20060120,38
20060121,19
20060122,5
20060123,32
20060124,34
20060125,46
20060126,41
20060127,50
20060128,18
20060129,4
20060130,15
20060131,32
20060201,35
20060202,24
20060203,9
20060204,2
20060206,9
20060207,5
20060208,26
20060209,11
20060210,13
20060211,5
20060213,6
20060214,3
20060215,5
20060216,5
20060217,9
20060218,4
20060219,2
20060220,2
20060221,3
20060222,7
20060223,9
20060224,2
20060225,4
20060227,3
20060228,5
20060301,12
20060302,8
20060303,15
20060304,6
20060305,3
20060306,5
20060307,7
20060308,17
20060309,4
20060310,9
20060311,6
20060312,3
20060313,9
20060314,15
20060315,14
20060316,10
20060317,11
20060318,4
20060319,1
20060320,10
20060321,10
20060322,12
20060323,8
20060324,13
20060325,4
20060326,2
20060327,11
20060328,5
20060329,15
20060330,8
20060331,15
20060401,5
20060402,2
20060403,12
20060404,10
20060405,18
20060406,11
20060407,16
20060408,7
20060409,2
20060410,9
20060411,15
20060412,15
20060413,13
20060414,9
20060415,10
20060416,1
20060417,7
20060418,11
20060419,16
20060420,9
20060421,20
20060422,6
20060423,2
20060424,10
20060425,17
20060426,14
20060427,11
20060428,10
20060429,5
20060430,3
20060501,16
20060502,17
20060503,15
20060504,12
20060505,18
20060506,8
20060507,3
20060508,16
20060509,22
20060510,20
20060511,19
20060512,15
20060513,6
20060514,1
20060515,8
20060516,14
20060517,12
20060518,16
20060519,19
20060520,7
20060521,2
20060522,17
20060523,14
20060524,13
20060525,12
20060526,12
20060527,7
20060528,3
20060529,1
20060530,9
20060531,13
20060601,13
20060602,18
20060603,9
20060604,2
20060605,8
20060606,12
20060607,13
20060608,13
20060609,16
20060610,10
20060611,2
20060612,11
20060613,12
20060614,13
20060615,15
20060616,19
20060617,5
20060618,3
20060619,10
20060620,16
20060621,14
20060622,9
20060623,12
20060624,6
20060625,4
20060626,7
20060627,12
20060628,14
20060629,11
20060630,16
20060701,4
20060702,3
20060703,12
20060704,2
20060705,11
20060706,13
20060707,13
20060708,7
20060709,2
20060710,9
20060711,14
20060712,13
20060713,13
20060714,21
20060715,7
20060716,3
20060717,8
20060718,11
20060719,17
20060720,17
20060721,17
20060722,8
20060723,4
20060724,9
20060725,9
20060726,14
20060727,16
20060728,18
20060729,6
20060730,3
20060731,9
20060801,13
20060802,12
20060803,13
20060804,14
20060805,4
20060806,3
20060807,7
20060808,10
20060809,14
20060810,8
20060811,15
20060812,5
20060813,3
20060814,12
20060815,10
20060816,14
20060817,8
20060818,13
20060819,6
20060820,5
20060821,8
20060822,11
20060823,17
20060824,15
20060825,10
20060826,6
20060827,4
20060828,12
20060829,13
20060830,15
20060831,13
20060901,13
20060902,5
20060903,6
20060904,2
20060905,17
20060906,17
20060907,17
20060908,18
20060909,4
20060910,4
20060911,10
20060912,15
20060913,16
20060914,13
20060915,13
20060916,4
20060917,3
20060918,17
20060919,16
20060920,13
20060921,11
20060922,15
20060923,6
20060924,2
20060925,16
20060926,11
20060927,17
20060928,19
20060929,19
20060930,8
20061001,3
20061002,17
20061003,18
20061004,23
20061005,17
20061006,21
20061007,8
20061008,3
20061009,10
20061010,11
20061011,16
20061012,15
20061013,19
20061014,5
20061015,3
20061016,16
20061017,15
20061018,21
20061019,16
20061020,17
20061021,8
20061022,1
20061023,13
20061024,11
20061025,12
20061026,15
20061027,20
20061028,4
20061029,3
20061030,12
20061031,10
20061101,14
20061102,12
20061103,17
20061104,8
20061105,1
20061106,14
20061107,13
20061108,11
20061109,14
20061110,13
20061111,5
20061112,3
20061113,14
20061114,11
20061115,17
20061116,14
20061117,17
20061118,11
20061119,2
20061120,10
20061121,10
20061122,20
20061123,4
20061124,14
20061125,4
20061126,2
20061127,13
20061128,10
20061129,12
20061130,12
20061201,13
20061202,7
20061203,3
20061204,15
20061205,11
20061206,10
20061207,15
20061208,11
20061209,5
20061210,2
20061211,11
20061212,13
20061213,5
20061214,12
20061215,19
20061216,7
20061217,4
20061218,7
20061219,9
20061220,15
20061221,9
20061222,15
20061223,5
20061224,5
20061225,3
20061226,10
20061227,9
20061228,13
20061229,17
20061230,11
20061231,4
20070102,20
20070103,15
20070104,13
20070105,11
20070106,6
20070107,3
20070108,9
20070109,11
20070110,12
20070111,16
20070112,16
20070113,5
20070114,2
20070115,2
20070116,14
20070117,13
20070118,13
20070119,14
20070120,5
20070121,3
20070122,9
20070123,11
20070124,17
20070125,13
20070126,16
20070127,6
20070128,5
20070129,12
20070130,16
20070131,14
20070201,14
20070202,13
20070203,6
20070204,2
20070205,9
20070206,15
20070207,11
20070208,12
20070209,14
20070210,5
20070211,5
20070212,16
20070213,11
20070214,16
20070215,14
20070216,11
20070217,7
20070218,2
20070219,2
20070220,8
20070221,12
20070222,12
20070223,11
20070224,4
20070225,1
20070226,12
20070227,12
20070228,23
20070301,18
20070302,14
20070303,6
20070304,5
20070305,16
20070306,12
20070307,14
20070308,11
20070309,13
20070310,5
20070311,1
20070312,10
20070313,7
20070314,19
20070315,17
20070316,16
20070317,5
20070318,1
20070319,11
20070320,12
20070321,11
20070322,15
20070323,11
20070324,3
20070325,1
20070326,7
20070327,12
20070328,11
20070329,12
20070330,6
20070331,6
20070401,2
20070402,16
20070403,12
20070404,12
20070405,13
20070406,9
20070407,4
20070408,3
20070409,8
20070410,11
20070411,14
20070412,11
20070413,8
20070414,5
20070415,2
20070416,11
20070417,12
20070418,17
20070419,12
20070420,17
20070421,7
20070422,1
20070423,13
20070424,11
20070425,14
20070426,21
20070427,8
20070428,6
20070429,2
20070430,16
20070501,18
20070502,17
20070503,23
20070504,23
20070505,11
20070506,7
20070507,21
20070508,15
20070509,20
20070510,25
20070511,20
20070512,7
20070513,4
20070514,22
20070515,12
20070516,19
20070517,13
20070518,11
20070519,5
20070520,1
20070521,13
20070522,12
20070523,15
20070524,17
20070525,14
20070526,4
20070527,4
20070528,3
20070529,15
20070530,14
20070531,16
20070601,24
20070602,6
20070603,3
20070604,15
20070605,15
20070606,17
20070607,17
20070608,10
20070609,6
20070610,3
20070611,14
20070612,13
20070613,14
20070614,19
20070615,10
20070616,7
20070617,2
20070618,14
20070619,10
20070620,22
20070621,18
20070622,21
20070623,9
20070624,3
20070625,19
20070626,12
20070627,18
20070628,13
20070629,14
20070630,4
20070701,2
20070702,17
20070703,14
20070704,1
20070705,12
20070706,13
20070707,5
20070708,2
20070709,12
20070710,10
20070711,15
20070712,14
20070713,14
20070714,5
20070715,3
20070716,11
20070717,13
20070718,25
20070719,18
20070720,17
20070721,6
20070722,2
20070723,13
20070724,8
20070725,18
20070726,15
20070727,19
20070728,8
20070729,5
20070730,21
20070731,17
20070801,42
20070802,17
20070803,18
20070804,4
20070805,3
20070806,20
20070807,11
20070808,13
20070809,24
20070810,14
20070811,7
20070812,2
20070813,11
20070814,10
20070815,14
20070816,19
20070817,12
20070818,5
20070819,3
20070820,17
20070821,12
20070822,15
20070823,10
20070824,11
20070825,8
20070826,1
20070827,11
20070828,7
20070829,16
20070830,17
20070831,12
20070904,1
20070907,1
20070908,1
20070909,1
20070912,3
20070914,2
20070917,1
20070919,1
20070926,1
20070927,1
20070928,1
20070930,1
20071008,2
20071010,2
20071012,1
20071015,1
20071016,1
20071017,1
20071018,1
20071019,1
20071023,2
20071026,1
20071029,1
20071031,1
20071101,10
20071102,21
20071103,3
20071104,4
20071105,14
20071106,15
20071107,14
20071108,20
20071109,18
20071110,2
20071111,1
20071112,15
20071113,17
20071114,14
20071115,8
20071116,12
20071117,10
20071118,4
20071119,8
20071120,14
20071121,18
20071122,2
20071123,15
20071124,5
20071125,2
20071126,13
20071127,16
20071128,16
20071129,17
20071130,8
20071201,4
20071202,4
20071203,16
20071204,19
20071205,12
20071206,17
20071207,25
20071208,7
20071209,4
20071210,11
20071211,18
20071212,18
20071213,18
20071214,12
20071215,4
20071216,2
20071217,7
20071218,14
20071219,12
20071220,11
20071221,11
20071222,5
20071223,2
20071224,11
20071225,1
20071226,12
20071227,15
20071228,15
20071229,6
20071230,3
20071231,10
20080101,1
20080102,21
20080103,17
20080104,13
20080105,9
20080106,4
20080107,9
20080108,14
20080109,10
20080110,14
20080111,13
20080112,7
20080113,6
20080114,13
20080115,11
20080116,17
20080117,14
20080118,21
20080119,7
20080120,4
20080121,5
20080122,15
20080123,23
20080124,18
20080125,16
20080126,7
20080127,1
20080128,14
20080129,18
20080130,20
20080131,21
20080201,17
20080202,7
20080203,2
20080204,13
20080205,22
20080206,17
20080207,11
20080208,9
20080209,6
20080210,2
20080211,14
20080212,16
20080213,13
20080214,17
20080215,13
20080216,6
20080217,2
20080218,2
20080219,16
20080220,18
20080221,14
20080222,21
20080223,9
20080224,3
20080225,15
20080226,16
20080227,18
20080228,22
20080229,13
20080301,6
20080302,2
20080303,17
20080304,12
20080305,17
20080306,15
20080307,18
20080308,4
20080309,3
20080310,7
20080311,21
20080312,20
20080313,20
20080314,20
20080315,9
20080316,3
20080317,17
20080318,14
20080319,16
20080320,11
20080321,9
20080322,4
20080323,1
20080324,10
20080325,10
20080326,13
20080327,14
20080328,15
20080329,8
20080330,5
20080331,14
20080401,18
20080402,19
20080403,17
20080404,20
20080405,6
20080406,2
20080407,6
20080408,14
20080409,15
20080410,13
20080411,10
20080412,7
20080413,3
20080414,9
20080415,16
20080416,17
20080417,16
20080418,16
20080419,5
20080420,2
20080421,10
20080422,24
20080423,19
20080424,13
20080425,12
20080426,3
20080427,1
20080428,9
20080429,14
20080430,14
20080501,18
20080502,13
20080503,2
20080504,3
20080505,10
20080506,9
20080507,14
20080508,19
20080509,10
20080510,3
20080511,2
20080512,6
20080513,13
20080514,11
20080515,11
20080516,9
20080517,4
20080518,3
20080519,12
20080520,17
20080521,20
20080522,12
20080523,13
20080524,1
20080525,1
20080526,1
20080527,14
20080528,22
20080529,14
20080530,18
20080531,4
20080601,2
20080602,10
20080603,10
20080604,15
20080605,19
20080606,17
20080607,8
20080608,3
20080609,13
20080610,17
20080611,12
20080612,16
20080613,20
20080614,3
20080615,3
20080616,12
20080617,11
20080618,22
20080619,18
20080620,15
20080621,6
20080622,3
20080623,13
20080624,15
20080625,15
20080626,17
20080627,24
20080628,9
20080629,3
20080630,16
20080701,18
20080702,17
20080703,20
20080704,7
20080705,5
20080706,4
20080707,11
20080708,16
20080709,13
20080710,21
20080711,18
20080712,6
20080713,3
20080714,9
20080715,17
20080716,22
20080717,16
20080718,17
20080719,5
20080720,3
20080721,10
20080722,18
20080723,17
20080724,15
20080725,19
20080726,4
20080727,2
20080728,10
20080729,15
20080730,16
20080731,15
20080801,14
20080802,3
20080803,2
20080804,14
20080805,17
20080806,22
20080807,21
20080808,13
20080809,2
20080810,4
20080811,17
20080812,14
20080813,18
20080814,16
20080815,21
20080816,5
20080817,3
20080818,12
20080819,16
20080820,22
20080821,15
20080822,17
20080823,7
20080824,2
20080825,5
20080826,19
20080827,18
20080828,14
20080829,12
20080830,4
20080831,2
20080901,5
20080902,11
20080903,19
20080904,14
20080905,17
20080906,5
20080907,4
20080908,12
20080909,15
20080910,22
20080911,15
20080912,24
20080913,4
20080914,4
20080915,24
20080916,20
20080917,23
20080918,22
20080919,20
20080920,10
20080921,6
20080922,14
20080923,18
20080924,16
20080925,19
20080926,22
20080927,8
20080928,3
20080929,11
20080930,21
20081001,25
20081002,19
20081003,19
20081004,6
20081005,3
20081006,24
20081007,28
20081008,25
20081009,14
20081010,30
20081011,8
20081012,3
20081013,21
20081014,19
20081015,21
20081016,15
20081017,18
20081018,4
20081019,4
20081020,9
20081021,10
20081022,16
20081023,15
20081024,16
20081025,6
20081026,2
20081027,13
20081028,16
20081029,17
20081030,12
20081031,19
20081101,6
20081102,5
20081103,13
20081104,11
20081105,20
20081106,17
20081107,21
20081108,5
20081109,2
20081110,8
20081111,15
20081112,16
20081113,18
20081114,14
20081115,7
20081116,4
20081117,17
20081118,13
20081119,14
20081120,19
20081121,14
20081122,9
20081123,3
20081124,12
20081125,14
20081126,20
20081127,9
20081128,13
20081129,6
20081130,5
20081201,21
20081202,17
20081203,22
20081204,13
20081205,16
20081206,7
20081207,1
20081208,10
20081209,16
20081210,15
20081211,13
20081212,10
20081213,4
20081214,2
20081215,8
20081216,9
20081217,12
20081218,8
20081219,9
20081220,5
20081222,7
20081223,10
20081224,9
20081225,2
20081226,10
20081227,4
20081228,4
20081229,2
20081230,13
20081231,15
20090101,1
20090102,17
20090103,8
20090104,6
20090105,14
20090106,13
20090107,16
20090108,18
20090109,12
20090110,7
20090111,3
20090112,14
20090113,10
20090114,9
20090115,13
20090116,14
20090117,6
20090118,2
20090119,1
20090120,9
20090121,17
20090122,19
20090123,16
20090124,7
20090125,4
20090126,5
20090127,12
20090128,13
20090129,21
20090130,14
20090131,4
20090202,20
20090203,20
20090204,23
20090205,19
20090206,16
20090207,8
20090208,4
20090209,15
20090210,15
20090211,22
20090212,23
20090213,17
20090214,3
20090215,4
20090216,10
20090217,20
20090218,23
20090219,19
20090220,19
20090221,10
20090222,4
20090223,14
20090224,15
20090225,27
20090226,22
20090227,21
20090228,4
20090301,4
20090302,21
20090303,32
20090304,21
20090305,20
20090306,16
20090307,3
20090308,6
20090309,23
20090310,22
20090311,13
20090312,20
20090313,15
20090314,5
20090315,3
20090316,17
20090317,18
20090318,27
20090319,21
20090320,18
20090321,3
20090322,2
20090323,10
20090324,21
20090325,20
20090326,27
20090327,20
20090328,5
20090329,1
20090330,16
20090331,17
20090401,23
20090402,23
20090403,16
20090404,2
20090405,4
20090406,26
20090407,18
20090408,17
20090409,21
20090410,16
20090411,2
20090412,3
20090413,13
20090414,11
20090415,21
20090416,20
20090417,14
20090418,7
20090419,2
20090420,26
20090421,20
20090422,23
20090423,20
20090424,17
20090425,4
20090426,2
20090427,20
20090428,24
20090429,17
20090430,26
20090501,16
20090502,6
20090503,4
20090504,12
20090505,27
20090506,18
20090507,18
20090508,18
20090509,7
20090510,2
20090511,19
20090512,17
20090513,15
20090514,16
20090515,14
20090516,9
20090517,1
20090518,12
20090519,16
20090520,19
20090521,9
20090522,15
20090523,7
20090524,1
20090525,8
20090526,17
20090527,19
20090528,24
20090529,12
20090530,4
20090531,3
20090601,20
20090602,25
20090603,25
20090604,13
20090605,20
20090606,3
20090607,3
20090608,15
20090609,13
20090610,15
20090611,12
20090612,22
20090613,6
20090614,3
20090615,13
20090616,10
20090617,11
20090618,12
20090619,12
20090620,2
20090621,1
20090622,9
20090623,18
20090624,21
20090625,14
20090626,18
20090627,4
20090628,1
20090629,14
20090630,17
20090701,13
20090702,17
20090703,7
20090704,7
20090705,1
20090706,16
20090707,16
20090708,13
20090709,17
20090710,17
20090711,4
20090712,2
20090713,14
20090714,18
20090715,17
20090716,20
20090717,22
20090718,4
20090719,4
20090720,15
20090721,14
20090722,20
20090723,17
20090724,22
20090725,2
20090726,1
20090727,22
20090728,17
20090729,14
20090730,18
20090731,27
20090801,5
20090802,2
20090803,13
20090804,17
20090805,14
20090806,20
20090807,14
20090808,4
20090809,3
20090810,19
20090811,13
20090812,15
20090813,22
20090814,15
20090815,8
20090816,1
20090817,14
20090818,19
20090819,17
20090820,11
20090821,16
20090822,6
20090823,3
20090824,17
20090825,10
20090826,20
20090827,22
20090828,22
20090829,4
20090830,2
20090831,13
20090901,15
20090902,20
20090903,15
20090904,16
20090905,10
20090906,2
20090907,4
20090908,15
20090909,25
20090910,11
20090911,15
20090912,5
20090913,3
20090914,8
20090915,17
20090916,18
20090917,20
20090918,12
20090919,3
20090920,2
20090921,15
20090922,9
20090923,11
20090924,15
20090925,14
20090926,4
20090927,2
20090928,9
20090929,17
20090930,17
20091010,2
20091016,2
20091017,1
20091021,1
20091022,1
20091023,1
20091027,1
20091028,2
20091029,3
20091031,1
20091101,4
20091102,12
20091103,20
20091104,16
20091105,22
20091106,21
20091107,2
20091108,2
20091109,19
20091110,21
20091111,22
20091112,25
20091113,17
20091114,2
20091115,3
20091116,22
20091117,28
20091118,28
20091119,18
20091120,24
20091121,3
20091122,5
20091123,25
20091124,21
20091125,30
20091126,8
20091127,20
20091128,4
20091129,4
20091130,20
20091201,23
20091202,22
20091203,25
20091204,24
20091205,5
20091206,2
20091207,22
20091208,26
20091209,17
20091210,20
20091211,27
20091213,6
20091214,18
20091215,19
20091216,24
20091217,26
20091218,20
20091219,2
20091220,2
20091221,20
20091222,19
20091223,13
20091224,17
20091226,4
20091227,3
20091228,13
20091229,13
20091230,17
20091231,12
20100101,4
20100102,4
20100103,6
20100104,16
20100105,15
20100106,20
20100107,17
20100108,24
20100109,8
20100110,2
20100111,18
20100112,23
20100113,26
20100114,29
20100115,21
20100116,4
20100117,4
20100118,16
20100119,32
20100120,38
20100121,33
20100122,28
20100123,6
20100124,13
20100125,28
20100126,28
20100127,35
20100128,32
20100129,34
20100130,5
20100131,4
20100201,26
20100202,24
20100203,21
20100204,24
20100205,33
20100206,4
20100207,3
20100208,36
20100209,15
20100210,28
20100211,37
20100212,21
20100213,4
20100214,3
20100215,15
20100216,28
20100217,22
20100218,25
20100219,23
20100220,5
20100221,5
20100222,28
20100223,48
20100224,26
20100225,29
20100226,28
20100227,9
20100228,14
20100301,25
20100302,22
20100303,26
20100304,25
20100305,25
20100307,6
20100308,24
20100309,24
20100310,26
20100311,25
20100312,16
20100313,2
20100314,3
20100315,32
20100316,15
20100317,25
20100318,20
20100319,21
20100320,4
20100321,3
20100322,21
20100323,25
20100324,16
20100325,17
20100326,12
20100327,3
20100328,3
20100329,21
20100330,19
20100331,12
20100401,21
20100402,7
20100403,4
20100404,2
20100405,15
20100406,15
20100407,14
20100408,13
20100409,14
20100410,3
20100411,4
20100412,19
20100413,15
20100414,15
20100415,14
20100416,12
20100417,4
20100418,4
20100419,13
20100420,14
20100421,15
20100422,12
20100423,9
20100424,6
20100425,4
20100426,12
20100427,15
20100428,20
20100429,17
20100430,13
20100501,5
20100502,2
20100503,5
20100504,17
20100505,21
20100506,16
20100507,24
20100508,14
20100509,6
20100510,26
20100511,16
20100512,17
20100513,14
20100514,10
20100515,7
20100516,2
20100517,12
20100518,8
20100519,14
20100520,10
20100521,19
20100522,6
20100523,4
20100524,9
20100525,15
20100526,14
20100527,13
20100528,10
20100529,6
20100530,4
20100531,5
20100601,10
20100602,17
20100603,14
20100604,19
20100605,7
20100606,2
20100607,12
20100608,15
20100609,22
20100610,18
20100611,12
20100612,6
20100613,7
20100614,27
20100615,18
20100616,24
20100617,20
20100618,9
20100619,4
20100620,3
20100621,22
20100622,17
20100623,24
20100624,17
20100625,16
20100626,6
20100627,4
20100628,15
20100629,27
20100630,19
20100701,26
20100702,23
20100703,6
20100704,3
20100705,7
20100706,18
20100707,15
20100708,34
20100709,22
20100710,6
20100711,2
20100712,18
20100713,19
20100714,23
20100715,13
20100716,9
20100717,8
20100718,3
20100719,9
20100720,10
20100721,7
20100722,19
20100723,18
20100724,5
20100725,3
20100726,20
20100727,16
20100728,19
20100729,21
20100730,13
20100731,7
20100801,3
20100802,20
20100803,26
20100804,12
20100805,20
20100806,13
20100807,8
20100808,2
20100809,20
20100810,16
20100811,19
20100812,24
20100813,15
20100814,1
20100815,2
20100816,19
20100817,16
20100818,10
20100819,21
20100820,21
20100821,7
20100822,4
20100823,16
20100824,16
20100825,20
20100826,24
20100827,15
20100828,6
20100829,4
20100830,12
20100831,17
20100901,22
20100902,22
20100903,16
20100904,10
20100905,3
20100906,9
20100907,12
20100908,14
20100909,16
20100910,13
20100911,6
20100912,5
20100913,18
20100914,21
20100915,16
20100916,18
20100917,14
20100918,3
20100919,5
20100920,19
20100921,19
20100922,12
20100923,16
20100924,14
20100925,8
20100926,5
20100927,21
20100928,19
20100929,18
20100930,22
20101001,28
20101002,4
20101003,3
20101004,22
20101005,14
20101006,21
20101007,27
20101008,20
20101009,3
20101010,4
20101011,17
20101012,21
20101013,13
20101014,16
20101015,22
20101016,4
20101017,7
20101018,20
20101019,21
20101020,24
20101021,21
20101022,23
20101023,4
20101024,6
20101025,21
20101026,17
20101027,19
20101028,19
20101029,27
20101030,8
20101031,4
20101101,17
20101102,28
20101103,23
20101104,24
20101105,17
20101106,6
20101107,5
20101108,23
20101109,16
20101110,20
20101111,12
20101112,23
20101113,4
20101114,4
20101115,13
20101116,16
20101117,19
20101118,16
20101119,12
20101120,7
20101121,2
20101122,18
20101123,23
20101124,13
20101125,9
20101126,13
20101127,6
20101128,4
20101129,29
20101130,24
20101201,17
20101202,26
20101203,23
20101204,4
20101205,2
20101206,20
20101207,18
20101208,24
20101209,18
20101210,19
20101211,2
20101212,9
20101213,23
20101214,13
20101215,14
20101216,18
20101217,21
20101218,5
20101219,3
20101220,12
20101221,13
20101222,13
20101223,14
20101224,6
20101226,1
20101227,9
20101228,13
20101229,9
20101230,6
20101231,8
20110101,1
20110102,8
20110103,14
20110104,18
20110105,21
20110106,21
20110107,20
20110108,7
20110109,5
20110110,19
20110111,24
20110112,20
20110113,17
20110114,22
20110115,3
20110116,6
20110117,6
20110118,23
20110119,22
20110120,19
20110121,18
20110122,8
20110123,4
20110124,16
20110125,23
20110126,32
20110127,17
20110128,25
20110129,6
20110130,7
20110131,25
20110201,26
20110202,14
20110203,15
20110204,10
20110205,7
20110206,5
20110207,32
20110208,18
20110209,17
20110210,14
20110211,13
20110212,4
20110213,2
20110214,26
20110215,18
20110216,21
20110217,18
20110218,19
20110219,6
20110220,4
20110221,7
20110222,23
20110223,22
20110224,14
20110225,13
20110226,7
20110227,2
20110228,24
20110301,27
20110302,30
20110303,28
20110304,27
20110305,3
20110306,3
20110307,23
20110308,29
20110309,29
20110310,29
20110311,29
20110312,11
20110313,5
20110314,36
20110315,17
20110316,27
20110317,29
20110318,27
20110319,2
20110320,6
20110321,33
20110322,31
20110323,40
20110324,28
20110325,25
20110326,3
20110327,2
20110328,32
20110329,31
20110330,27
20110331,34
20110401,44
20110402,5
20110403,1
20110404,32
20110405,32
20110406,25
20110407,19
20110408,28
20110409,2
20110410,5
20110411,32
20110412,26
20110413,25
20110414,29
20110415,30
20110416,8
20110417,5
20110418,36
20110419,35
20110420,39
20110421,30
20110422,8
20110423,4
20110424,3
20110425,21
20110426,22
20110427,32
20110428,29
20110429,24
20110430,8
20110501,3
20110502,26
20110503,32
20110504,32
20110505,27
20110506,31
20110507,4
20110508,3
20110509,20
20110510,19
20110511,32
20110512,30
20110513,28
20110514,6
20110515,1
20110516,37
20110517,31
20110518,22
20110519,28
20110520,14
20110521,3
20110522,2
20110523,32
20110524,19
20110525,22
20110526,25
20110527,21
20110528,4
20110529,5
20110530,10
20110531,31
20110601,30
20110602,28
20110603,32
20110604,5
20110605,4
20110606,16
20110607,21
20110608,23
20110609,24
20110610,38
20110611,8
20110612,3
20110613,24
20110614,23
20110615,23
20110616,17
20110617,14
20110618,3
20110619,2
20110620,27
20110621,19
20110622,16
20110623,23
20110624,20
20110625,5
20110626,3
20110627,32
20110628,28
20110629,18
20110630,16
20110701,9
20110702,2
20110703,1
20110704,3
20110705,10
20110706,14
20110707,16
20110708,8
20110709,4
20110710,3
20110711,5
20110712,8
20110713,5
20110714,6
20110715,10
20110716,4
20110717,1
20110718,5
20110719,10
20110720,5
20110721,6
20110722,7
20110723,1
20110724,3
20110725,8
20110726,2
20110727,3
20110728,3
20110729,6
20110730,2
20110731,2
20110801,28
20110802,29
20110803,17
20110804,37
20110805,48
20110806,16
20110807,6
20110808,44
20110809,26
20110810,30
20110811,28
20110812,29
20110813,7
20110814,5
20110815,25
20110816,18
20110817,16
20110818,28
20110819,34
20110820,6
20110821,5
20110822,18
20110823,15
20110824,18
20110825,17
20110826,17
20110827,2
20110828,4
20110829,14
20110830,15
20110831,20
20110901,20
20110902,15
20110903,6
20110904,3
20110905,5
20110906,21
20110907,18
20110908,18
20110909,10
20110910,6
20110911,4
20110912,25
20110913,18
20110914,19
20110915,21
20110916,16
20110918,3
20110919,22
20110920,25
20110921,22
20110922,26
20110923,18
20110924,4
20110925,2
20110926,28
20110927,33
20110928,27
20110929,20
20110930,35
20111001,8
20111002,2
20111003,23
20111004,20
20111005,25
20111006,16
20111007,19
20111008,5
20111009,2
20111010,24
20111011,20
20111012,25
20111013,19
20111014,27
20111015,7
20111017,25
20111018,20
20111019,19
20111020,22
20111021,16
20111022,2
20111023,3
20111024,19
20111025,18
20111026,16
20111027,26
20111028,28
20111029,7
20111030,4
20111031,17
20111101,28
20111102,29
20111103,33
20111104,17
20111105,4
20111106,5
20111107,15
20111108,23
20111109,30
20111110,22
20111111,17
20111112,5
20111113,4
20111114,21
20111115,20
20111116,29
20111117,28
20111118,17
20111119,3
20111120,3
20111121,18
20111122,25
20111123,24
20111124,6
20111125,20
20111126,4
20111127,5
20111128,29
20111129,19
20111130,29
20111201,26
20111202,19
20111203,5
20111204,3
20111205,33
20111206,22
20111207,23
20111208,23
20111209,29
20111210,4
20111211,3
20111212,36
20111213,19
20111214,25
20111215,23
20111216,16
20111217,1
20111218,3
20111219,28
20111220,28
20111221,27
20111222,19
20111223,8
20111224,5
20111225,3
20111226,1
20111227,18
20111228,19
20111229,16
20111230,14
20111231,3
20120101,4
20120102,3
20120103,24
20120104,25
20120105,25
20120106,9
20120107,4
20120108,3
20120109,32
20120110,27
20120111,21
20120112,23
20120113,28
20120114,3
20120115,3
20120116,16
20120117,26
20120118,25
20120119,17
20120120,20
20120121,3
20120122,3
20120123,15
20120124,22
20120125,26
20120126,34
20120127,27
20120128,5
20120129,3
20120130,23
20120131,26
20120201,26
20120202,38
20120203,30
20120204,2
20120205,5
20120206,30
20120207,28
20120208,24
20120209,27
20120210,24
20120211,3
20120212,4
20120213,27
20120214,19
20120215,20
20120216,26
20120217,27
20120218,4
20120219,6
20120220,7
20120221,29
20120222,22
20120223,24
20120224,28
20120225,2
20120226,7
20120227,26
20120228,31
20120229,43
20120301,31
20120302,25
20120303,6
20120304,5
20120305,39
20120306,23
20120307,23
20120308,28
20120309,27
20120310,2
20120311,3
20120312,40
20120313,31
20120314,33
20120315,20
20120316,19
20120317,3
20120318,2
20120319,29
20120320,25
20120321,25
20120322,27
20120323,19
20120324,2
20120325,4
20120326,20
20120327,27
20120328,33
20120329,33
20120330,36
20120331,2
20120401,5
20120402,17
20120403,13
20120404,25
20120405,15
20120406,9
20120407,4
20120408,3
20120409,20
20120410,21
20120411,31
20120412,18
20120413,34
20120414,1
20120415,2
20120416,30
20120417,44
20120418,47
20120419,46
20120420,42
20120421,2
20120422,16
20120423,52
20120424,44
20120425,56
20120426,48
20120427,51
20120428,6
20120429,9
20120430,49
20120501,35
20120502,45
20120503,36
20120504,49
20120505,1
20120506,3
20120507,27
20120508,35
20120509,55
20120510,52
20120511,55
20120512,1
20120513,5
20120514,35
20120515,44
20120516,42
20120517,42
20120518,39
20120519,1
20120520,4
20120521,23
20120522,36
20120523,43
20120524,36
20120525,33
20120526,2
20120527,2
20120528,20
20120529,27
20120530,37
20120531,38
20120601,41
20120602,4
20120603,4
20120604,26
20120605,20
20120606,23
20120607,18
20120608,21
20120609,7
20120610,1
20120611,18
20120612,16
20120613,29
20120614,28
20120615,18
20120616,2
20120617,3
20120618,24
20120619,19
20120620,19
20120621,22
20120622,5
20120623,1
20120625,13
20120626,22
20120627,26
20120628,22
20120629,18
20120630,2
20120701,3
20120702,18
20120703,18
20120704,9
20120705,27
20120706,14
20120708,2
20120709,28
20120710,22
20120711,26
20120712,23
20120713,22
20120714,2
20120715,4
20120716,18
20120717,22
20120718,27
20120719,23
20120720,22
20120721,1
20120722,4
20120723,23
20120724,22
20120725,29
20120726,33
20120727,24
20120728,5
20120729,2
20120730,18
20120731,28
20120801,15
20120802,19
20120803,22
20120804,3
20120805,3
20120806,24
20120807,22
20120808,18
20120809,30
20120810,19
20120811,2
20120812,3
20120813,13
20120814,26
20120815,27
20120816,24
20120817,17
20120818,3
20120819,1
20120820,20
20120821,18
20120822,14
20120823,22
20120824,16
20120825,2
20120826,3
20120827,11
20120828,17
20120829,16
20120830,15
20120831,19
20120901,3
20120902,3
20120903,3
20120904,20
20120905,26
20120906,32
20120907,25
20120908,4
20120909,2
20120910,21
20120911,19
20120912,23
20120913,21
20120914,25
20120915,3
20120916,3
20120917,22
20120918,25
20120919,23
20120920,39
20120921,23
20120922,2
20120924,17
20120925,15
20120926,30
20120927,32
20120928,25
20120929,2
20120930,3
20121001,25
20121002,23
20121003,26
20121004,17
20121005,32
20121007,3
20121008,18
20121009,25
20121010,24
20121011,21
20121012,27
20121013,4
20121014,2
20121015,24
20121016,19
20121017,25
20121018,22
20121019,27
20121020,1
20121021,2
20121022,16
20121023,33
20121024,23
20121025,23
20121026,26
20121028,5
20121029,37
20121030,14
20121031,16
20121101,31
20121102,22
20121104,6
20121105,19
20121106,16
20121107,26
20121108,24
20121109,29
20121110,2
20121111,6
20121112,12
20121113,18
20121114,23
20121115,23
20121116,16
20121117,2
20121118,8
20121119,17
20121120,21
20121121,19
20121122,8
20121123,13
20121124,1
20121125,4
20121126,15
20121127,19
20121128,14
20121129,18
20121130,28
20121201,2
20121202,5
20121203,21
20121204,23
20121205,25
20121206,20
20121207,25
20121208,1
20121209,4
20121210,22
20121211,17
20121212,24
20121213,16
20121214,18
20121215,3
20121216,7
20121217,16
20121218,17
20121219,19
20121220,13
20121221,19
20121223,2
20121224,5
20121225,1
20121226,11
20121227,14
20121228,9
20121229,3
20121230,3
20121231,9
20130101,7
20130102,21
20130103,30
20130104,19
20130106,6
20130107,13
20130108,18
20130109,20
20130110,20
20130111,18
20130113,4
20130114,17
20130115,18
20130116,19
20130117,19
20130118,22
20130119,1
20130120,6
20130121,8
20130122,23
20130123,25
20130124,23
20130125,16
20130126,1
20130127,4
20130128,18
20130129,23
20130130,16
20130131,25
20130201,26
20130202,2
20130203,6
20130204,20
20130205,21
20130206,22
20130207,20
20130208,24
20130210,5
20130211,15
20130212,12
20130213,21
20130214,17
20130215,20
20130216,1
20130217,3
20130218,5
20130219,12
20130220,12
20130221,17
20130222,16
20130224,4
20130225,17
20130226,23
20130227,19
20130228,12
20130301,28
20130303,9
20130304,20
20130305,51
20130306,43
20130307,32
20130308,28
20130310,4
20130311,20
20130312,13
20130313,21
20130314,23
20130315,21
20130316,5
20130317,3
20130318,25
20130319,16
20130320,20
20130321,11
20130322,13
20130323,1
20130324,2
20130325,15
20130326,13
20130327,18
20130328,18
20130329,2
20130331,8
20130401,12
20130402,18
20130403,26
20130404,14
20130405,22
20130407,12
20130408,18
20130409,12
20130410,17
20130411,13
20130412,17
20130414,3
20130415,15
20130416,18
20130417,10
20130418,19
20130419,16
20130420,1
20130421,3
20130422,10
20130423,22
20130424,19
20130425,16
20130426,12
20130428,4
20130429,13
20130430,16
20130501,13
20130502,12
20130503,21
20130504,1
20130505,7
20130506,19
20130507,28
20130508,25
20130509,21
20130510,22
20130511,2
20130512,7
20130513,19
20130514,17
20130515,14
20130516,9
20130517,16
20130518,3
20130519,5
20130520,14
20130521,13
20130522,13
20130523,19
20130524,12
20130525,2
20130526,5
20130527,1
20130528,14
20130529,10
20130530,13
20130531,13
20130601,1
20130602,7
20130603,8
20130604,15
20130605,19
20130606,13
20130607,21
20130608,2
20130609,5
20130610,11
20130611,8
20130612,14
20130613,13
20130614,9
20130616,4
20130617,17
20130618,2
20130619,21
20130620,14
20130621,15
20130622,3
20130623,4
20130624,10
20130625,8
20130626,9
20130627,10
20130628,15
20130629,3
20130630,4
20130701,13
20130702,14
20130703,5
20130704,3
20130705,12
20130707,7
20130708,15
20130709,15
20130710,12
20130711,15
20130712,12
20130714,3
20130715,12
20130716,11
20130717,9
20130718,12
20130719,10
20130721,5
20130722,8
20130723,15
20130724,10
20130725,15
20130726,13
20130727,2
20130728,2
20130729,9
20130730,12
20130731,12
20130801,14
20130802,15
20130803,3
20130804,3
20130805,9
20130806,14
20130807,10
20130808,9
20130809,11
20130811,1
20130812,13
20130813,6
20130814,7
20130815,16
20130816,14
20130817,1
20130818,2
20130819,5
20130820,11
20130821,8
20130822,10
20130823,10
20130824,1
20130825,2
20130826,8
20130827,13
20130828,4
20130829,8
20130830,10
20130831,1
20130901,2
20130902,3
20130903,9
20130904,6
20130905,8
20130906,14
20130907,2
20130908,3
20130909,13
20130910,23
20130911,5
20130912,8
20130913,8
20130914,2
20130915,5
20130916,8
20130917,5
20130918,15
20130919,11
20130920,15
20130921,1
20130922,5
20130923,6
20130924,6
20130925,6
20130926,14
20130927,16
20130928,1
20130929,4
20130930,13
20131001,8
20131002,8
20131003,12
20131004,8
20131005,1
20131006,6
20131007,13
20131008,11
20131009,7
20131010,8
20131011,13
20131012,1
20131013,6
20131014,10
20131015,13
20131016,13
20131017,12
20131018,10
20131019,3
20131021,14
20131022,13
20131023,7
20131024,4
20131025,6
20131027,1
20131028,8
20131029,10
20131030,12
20131031,9
20131101,7
20131103,4
20131104,10
20131105,5
20131106,9
20131107,11
20131108,12
20131109,1
20131110,4
20131111,7
20131112,5
20131113,8
20131114,14
20131115,10
20131116,1
20131117,2
20131118,15
20131119,8
20131120,6
20131121,22
20131122,20
20131123,1
20131124,3
20131125,14
20131126,10
20131127,10
20131129,7
20131201,3
20131202,9
20131203,10
20131204,10
20131205,16
20131206,18
20131207,1
20131208,4
20131209,12
20131210,6
20131211,12
20131212,11
20131213,11
20131215,4
20131216,6
20131217,8
20131218,12
20131219,17
20131220,15
20131221,1
20131222,5
20131223,13
20131224,9
20131225,2
20131226,7
20131227,8
20131228,1
20131229,3
20131230,10
20131231,10
20140101,5
20140102,10
20140103,11
20140104,2
20140105,2
20140106,9
20140107,11
20140108,12
20140109,9
20140110,12
20140111,2
20140112,4
20140113,13
20140114,9
20140115,5
20140116,10
20140117,11
20140118,1
20140119,1
20140120,2
20140121,13
20140122,10
20140123,9
20140124,23
20140125,1
20140126,3
20140127,7
20140128,9
20140129,14
20140130,9
20140131,8
20140201,3
20140202,4
20140203,21
20140204,14
20140205,16
20140206,12
20140207,14
20140208,1
20140209,5
20140210,6
20140211,9
20140212,9
20140213,8
20140214,9
20140216,2
20140217,2
20140218,6
20140219,9
20140220,8
20140221,15
20140223,3
20140224,7
20140225,6
20140226,7
20140227,9
20140228,13
20140301,2
20140302,2
20140303,10
20140304,8
20140305,9
20140306,5
20140307,12
20140308,3
20140309,2
20140310,8
20140311,7
20140312,5
20140313,11
20140314,12
20140315,2
20140316,4
20140317,12
20140318,10
20140319,11
20140320,12
20140321,11
20140322,2
20140323,3
20140324,10
20140325,8
20140326,7
20140327,8
20140328,9
20140329,2
20140330,2
20140331,10
20140401,7
20140402,3
20140403,6
20140404,12
20140406,2
20140407,7
20140408,6
20140409,15
20140410,9
20140411,8
20140413,4
20140414,13
20140415,10
20140416,11
20140417,11
20140418,7
20140419,1
20140420,3
20140421,7
20140422,11
20140423,11
20140424,15
20140425,14
20140427,1
20140428,11
20140429,14
20140430,18
20140501,11
20140502,9
20140504,3
20140505,12
20140506,7
20140507,7
20140508,12
20140509,10
20140510,1
20140511,2
20140512,9
20140513,4
20140514,15
20140515,10
20140516,9
20140517,1
20140518,3
20140519,5
20140520,9
20140521,6
20140522,10
20140523,6
20140525,1
20140526,2
20140527,8
20140528,13
20140529,11
20140530,8
20140601,3
20140602,13
20140603,12
20140604,11
20140605,8
20140606,12
20140607,1
20140608,3
20140609,10
20140610,6
20140611,8
20140612,10
20140613,8
20140614,1
20140615,2
20140616,6
20140617,6
20140618,6
20140619,7
20140620,10
20140621,1
20140622,1
20140623,9
20140624,8
20140625,9
20140626,10
20140627,8
20140629,3
20140630,8
20140701,12
20140702,9
20140703,17
20140704,6
20140706,5
20140707,18
20140708,19
20140709,12
20140710,10
20140711,12
20140713,2
20140714,5
20140715,6
20140716,9
20140717,7
20140718,10
20140720,2
20140721,8
20140722,5
20140723,6
20140724,7
20140725,10
20140726,1
20140727,2
20140728,5
20140729,10
20140730,14
20140731,14
20140801,18
20140802,1
20140803,7
20140804,11
20140805,16
20140806,9
20140807,15
20140808,9
20140809,1
20140810,3
20140811,11
20140812,4
20140813,34
20140814,11
20140815,6
20140816,3
20140817,1
20140818,6
20140819,11
20140820,9
20140821,5
20140822,6
20140823,3
20140824,4
20140825,15
20140826,10
20140827,9
20140828,8
20140829,10
20140830,2
20140901,4
20140902,10
20140903,7
20140904,9
20140905,6
20140906,2
20140907,5
20140908,13
20140909,10
20140910,8
20140911,7
20140912,5
20140913,3
20140914,5
20140915,6
20140916,12
20140917,15
20140918,11
20140919,14
20140921,2
20140922,8
20140923,10
20140924,12
20140925,14
20140926,10
20140927,2
20140928,4
20140929,8
20140930,19
20141001,11
20141002,14
20141003,16
20141004,3
20141005,5
20141006,7
20141007,16
20141008,8
20141009,15
20141010,23
20141011,2
20141012,5
20141013,14
20141014,8
20141015,22
20141016,24
20141017,11
20141018,2
20141019,3
20141020,14
20141021,14
20141022,9
20141023,16
20141024,8
20141025,1
20141026,2
20141027,14
20141028,14
20141029,19
20141030,19
20141031,14
20141101,1
20141102,6
20141103,15
20141104,8
20141105,5
20141106,11
20141107,12
20141109,3
20141110,6
20141111,11
20141112,8
20141113,7
20141114,12
20141115,1
20141116,1
20141117,9
20141118,10
20141119,11
20141120,10
20141121,6
20141123,5
20141124,5
20141125,13
20141126,9
20141127,2
20141128,10
20141129,1
20141130,6
20141201,11
20141202,11
20141203,9
20141204,9
20141205,11
20141207,3
20141208,16
20141209,13
20141210,8
20141211,9
20141212,9
20141214,4
20141215,8
20141216,11
20141217,11
20141218,10
20141219,12
20141221,4
20141222,6
20141223,11
20141224,8
20141225,1
20141226,9
20141228,2
20141229,10
20141230,7
20141231,4
20150101,5
20150102,9
20150105,18
20150106,9
20150107,4
20150108,8
20150109,11
20150111,7
20150112,8
20150113,16
20150114,11
20150115,9
20150116,8
20150118,1
20150119,4
20150120,13
20150121,6
20150122,17
20150123,9
20150125,2
20150126,8
20150127,17
20150128,10
20150129,12
20150130,12
20150131,1
20150201,4
20150202,13
20150203,13
20150204,17
20150205,11
20150206,10
20150207,1
20150208,3
20150209,10
20150210,10
20150211,9
20150212,14
20150213,14
20150216,2
20150217,9
20150218,14
20150219,12
20150220,9
20150222,5
20150223,13
20150224,13
20150225,9
20150226,8
20150227,14
20150301,4
20150302,9
20150303,11
20150304,9
20150305,10
20150306,29
20150308,6
20150309,14
20150310,19
20150311,12
20150312,12
20150313,5
20150315,1
20150316,9
20150317,8
20150318,12
20150319,21
20150320,10
20150322,2
20150323,12
20150324,11
20150325,4
20150326,8
20150327,14
20150329,4
20150330,12
20150331,12
20150401,4
20150402,5
20150403,7
20150405,1
20150406,12
20150407,9
20150408,8
20150409,10
20150410,9
20150412,2
20150413,7
20150414,7
20150415,9
20150416,15
20150417,15
20150419,5
20150420,10
20150421,15
20150422,18
20150423,10
20150424,15
20150426,2
20150427,12
20150428,14
20150429,7
20150430,8
