20050103,3
20050104,1
20050105,1
20050107,1
20050108,1
20050110,1
20050113,1
20050123,1
20050124,1
20050125,2
20050126,2
20050128,1
20050204,1
20050207,2
20050208,1
20050209,1
20050211,1
20050222,1
20050223,1
20050225,1
20050304,2
20050308,2
20050310,1
20050311,1
20050316,2
20050321,1
20050325,1
20050329,1
20050330,1
20050401,3
20050414,1
20050415,2
20050419,1
20050421,1
20050424,1
20050427,4
20050509,2
20050519,3
20050520,2
20050527,1
20050531,1
20050607,1
20050614,1
20050623,1
20050629,2
20050630,1
20050701,4
20050708,1
20050711,2
20050714,1
20050719,1
20050720,1
20050724,1
20050726,1
20050727,5
20050731,1
20050802,1
20050818,1
20050819,1
20050901,1
20050903,1
20050913,2
20050914,1
20050916,2
20050921,1
20050922,2
20050923,2
20050928,1
20051001,1
20051003,1
20051006,4
20051010,1
20051011,1
20051021,1
20051023,1
20051024,2
20051025,6
20051026,4
20051027,4
20051029,1
20051031,2
20051101,1
20051102,3
20051104,1
20051108,4
20051114,1
20051115,1
20051116,1
20051117,1
20051129,1
20051201,1
20051202,2
20051206,4
20051209,1
20051214,3
20051215,2
20051221,2
20051228,1
20051230,1
20060103,1
20060104,1
20060106,2
20060111,5
20060112,4
20060113,1
20060117,1
20060120,3
20060121,1
20060122,1
20060124,2
20060125,3
20060126,3
20060128,1
20060131,2
20060206,1
20060208,3
20060209,1
20060210,1
20060223,2
20060302,1
20060303,1
20060315,3
20060316,3
20060320,1
20060322,1
20060323,1
20060328,2
20060330,1
20060331,2
20060407,2
20060411,1
20060420,1
20060425,3
20060426,3
20060427,1
20060428,1
20060503,1
20060504,1
20060505,1
20060509,1
20060518,1
20060601,1
20060603,2
20060606,1
20060607,3
20060608,3
20060619,1
20060620,1
20060621,1
20060622,1
20060623,2
20060627,2
20060628,2
20060629,1
20060701,1
20060706,2
20060707,1
20060721,1
20060722,1
20060724,1
20060725,2
20060726,3
20060727,1
20060729,1
20060731,1
20060801,2
20060809,2
20060816,1
20060819,1
20060823,2
20060828,2
20060829,3
20060908,1
20060911,1
20060912,1
20060914,2
20060915,2
20060916,1
20060918,1
20060928,1
20060929,1
20061002,2
20061005,1
20061007,2
20061012,1
20061013,1
20061019,2
20061020,1
20061021,1
20061023,1
20061024,1
20061025,3
20061027,1
20061031,1
20061101,1
20061103,1
20061109,1
20061118,1
20061120,2
20061127,1
20061130,1
20061201,1
20061211,4
20061212,2
20061213,2
20061215,1
20061216,1
20061219,3
20061221,1
20061222,2
20061227,1
20070103,1
20070104,1
20070116,2
20070117,1
20070118,2
20070119,1
20070120,1
20070122,2
20070123,4
20070124,5
20070125,1
20070126,3
20070127,1
20070131,1
20070201,1
20070203,1
20070205,1
20070207,1
20070216,2
20070227,1
20070301,2
20070303,1
20070307,2
20070316,1
20070320,1
20070321,1
20070327,1
20070331,1
20070404,1
20070410,1
20070412,1
20070418,1
20070419,1
20070424,4
20070425,2
20070428,1
20070501,1
20070502,1
20070508,1
20070519,1
20070526,1
20070601,1
20070606,2
20070608,1
20070612,1
20070619,2
20070622,3
20070623,1
20070625,2
20070628,3
20070629,2
20070702,1
20070705,1
20070716,1
20070717,3
20070718,1
20070719,1
20070722,1
20070723,1
20070724,3
20070725,3
20070727,1
20070731,1
20070803,2
20070806,1
20070809,1
20070822,1
20070901,1
20070907,1
20070910,1
20070913,1
20070914,1
20070915,1
20070920,1
20071001,1
20071002,1
20071017,1
20071019,1
20071020,1
20071023,3
20071024,2
20071026,1
20071029,1
20071107,1
20071108,1
20071112,1
20071113,1
20071119,1
20071124,1
20071128,1
20071201,1
20071206,1
20071214,1
20071226,1
20080102,1
20080105,1
20080109,1
20080110,3
20080111,2
20080112,1
20080116,1
20080122,2
20080123,2
20080129,1
20080130,1
20080204,1
20080209,1
20080301,2
20080303,1
20080305,2
20080307,1
20080308,1
20080319,1
20080329,1
20080404,1
20080410,2
20080411,6
20080415,1
20080418,1
20080419,1
20080422,3
20080423,4
20080430,1
20080514,1
20080515,1
20080516,1
20080519,1
20080521,1
20080527,2
20080529,1
20080605,1
20080606,1
20080607,1
20080611,2
20080613,2
20080617,1
20080618,2
20080625,1
20080626,1
20080627,1
20080630,2
20080703,1
20080711,1
20080722,2
20080723,4
20080724,2
20080725,2
20080731,1
20080807,1
20080811,1
20080812,1
20080819,1
20080902,1
20080903,1
20080913,1
20080915,2
20080917,1
20080922,1
20080923,2
20080924,1
20081003,1
20081014,1
20081021,4
20081022,4
20081025,1
20081028,1
20081103,1
20081105,1
20081110,4
20081111,1
20081114,1
20081117,1
20081120,1
20081121,1
20081204,2
20081205,3
20081208,1
20081209,1
20081215,1
20081217,1
20081218,1
20090102,1
20090106,1
20090107,1
20090108,3
20090109,1
20090114,1
20090120,1
20090125,1
20090126,1
20090127,1
20090128,4
20090211,1
20090212,1
20090218,1
20090306,1
20090309,1
20090318,1
20090401,1
20090406,3
20090407,1
20090413,1
20090416,1
20090419,1
20090421,8
20090422,1
20090423,2
20090424,2
20090429,1
20090501,1
20090504,1
20090507,2
20090512,1
20090521,1
20090528,2
20090605,1
20090606,1
20090608,1
20090610,1
20090612,1
20090615,1
20090617,1
20090706,1
20090707,1
20090713,1
20090714,1
20090721,1
20090722,3
20090728,2
20090731,1
20090808,1
20090813,1
20090819,1
20090820,1
20090821,1
20090831,2
20090901,1
20090910,1
20090913,1
20090915,1
20090916,1
20090921,3
20090923,1
20090925,1
20091001,1
20091002,1
20091005,1
20091008,1
20091009,2
20091015,1
20091019,1
20091020,2
20091021,3
20091026,2
20091027,1
20091104,2
20091110,1
20091118,1
20091119,1
20091120,1
20091202,1
20091204,1
20091205,1
20091207,1
20091208,1
20091217,1
20091218,2
20091223,1
20091224,3
20091226,1
20091228,1
20091231,1
20100115,1
20100119,1
20100125,1
20100126,4
20100129,1
20100202,1
20100204,1
20100207,1
20100210,1
20100213,2
20100218,1
20100222,1
20100305,1
20100311,1
20100315,2
20100316,1
20100318,2
20100319,1
20100322,1
20100324,1
20100329,1
20100406,2
20100407,1
20100408,1
20100410,1
20100420,1
20100426,1
20100427,2
20100428,3
20100429,1
20100430,1
20100504,1
20100513,1
20100518,1
20100526,1
20100604,2
20100607,2
20100608,1
20100609,1
20100611,1
20100612,1
20100613,1
20100615,3
20100618,1
20100629,1
20100713,1
20100726,1
20100727,4
20100728,1
20100730,2
20100731,1
20100802,1
20100803,1
20100805,1
20100810,1
20100813,2
20100816,1
20100818,1
20100819,1
20100828,1
20100913,2
20100914,3
20100915,2
20100923,1
20100924,1
20100927,3
20100929,1
20101001,1
20101005,1
20101008,1
20101009,2
20101017,1
20101019,1
20101020,1
20101022,1
20101026,5
20101027,1
20101028,2
20101102,1
20101110,1
20101111,1
20101115,1
20101119,1
20101120,2
20101126,2
20101127,1
20101202,1
20101208,1
20101209,5
20101214,1
20101216,1
20101218,1
20101230,1
20110103,1
20110105,1
20110107,2
20110109,1
20110110,10
20110111,2
20110113,1
20110115,1
20110119,4
20110121,2
20110124,1
20110125,6
20110126,2
20110127,1
20110130,1
20110201,1
20110202,1
20110203,1
20110206,1
20110208,1
20110209,2
20110211,1
20110215,1
20110217,1
20110218,2
20110221,1
20110222,1
20110223,3
20110224,2
20110225,1
20110301,1
20110304,1
20110307,3
20110309,2
20110310,1
20110311,1
20110312,1
20110315,2
20110317,2
20110318,1
20110324,1
20110330,2
20110401,2
20110404,3
20110405,1
20110406,2
20110407,2
20110412,1
20110414,1
20110415,1
20110418,1
20110420,1
20110421,3
20110423,1
20110428,2
20110502,6
20110503,1
20110506,3
20110509,2
20110510,3
20110511,2
20110512,1
20110513,2
20110516,3
20110517,1
20110518,3
20110520,1
20110523,2
20110525,3
20110601,2
20110607,3
20110608,1
20110609,1
20110610,1
20110613,2
20110614,1
20110615,3
20110616,1
20110617,2
20110620,6
20110621,3
20110622,3
20110624,1
20110627,4
20110628,1
20110629,4
20110630,1
20110705,1
20110706,1
20110707,1
20110708,1
20110711,2
20110712,3
20110713,1
20110714,2
20110715,1
20110719,1
20110721,6
20110722,4
20110724,1
20110725,3
20110726,2
20110727,3
20110728,5
20110801,1
20110802,1
20110803,1
20110805,1
20110806,1
20110808,1
20110811,1
20110812,1
20110818,3
20110819,1
20110820,1
20110825,2
20110830,1
20110831,3
20110905,1
20110907,1
20110909,1
20110912,1
20110913,2
20110914,1
20110915,1
20110918,1
20110922,2
20110929,2
20110930,1
20111003,1
20111010,1
20111013,1
20111014,1
20111015,1
20111024,2
20111025,7
20111026,2
20111027,2
20111028,3
20111029,1
20111031,1
20111104,1
20111107,3
20111108,2
20111118,2
20111121,3
20111128,1
20111129,2
20111203,1
20111209,3
20111210,2
20111212,2
20111213,4
20111214,2
20111215,4
20111216,1
20111221,1
20111222,1
20111228,1
20111230,1
20120103,1
20120104,2
20120105,1
20120114,1
20120121,2
20120123,2
20120124,5
20120125,6
20120126,1
20120127,2
20120130,1
20120202,4
20120203,1
20120207,1
20120208,2
20120209,3
20120210,1
20120211,1
20120214,2
20120215,1
20120216,1
20120224,1
20120301,1
20120302,1
20120306,1
20120308,1
20120309,3
20120310,1
20120316,1
20120321,1
20120322,2
20120401,1
20120402,3
20120403,2
20120406,1
20120409,1
20120410,1
20120413,1
20120418,4
20120419,1
20120427,1
20120430,1
20120502,1
20120507,1
20120509,1
20120510,1
20120511,1
20120513,1
20120517,1
20120518,1
20120522,2
20120523,2
20120524,1
20120611,2
20120612,2
20120613,3
20120614,1
20120617,1
20120618,1
20120621,3
20120626,1
20120629,1
20120702,3
20120708,1
20120709,2
20120710,2
20120711,2
20120716,1
20120717,1
20120720,2
20120723,2
20120724,3
20120725,4
20120731,1
20120801,5
20120806,1
20120807,1
20120808,2
20120814,1
20120815,2
20120821,1
20120828,3
20120829,1
20120830,4
20120831,3
20120904,3
20120905,2
20120914,2
20120918,1
20120921,4
20120925,1
20120930,1
20121002,2
20121003,1
20121015,1
20121017,1
20121018,2
20121019,1
20121022,2
20121023,26
20121024,5
20121025,1
20121030,2
20121031,1
20121102,1
20121104,1
20121106,1
20121107,1
20121108,2
20121109,2
20121112,1
20121116,1
20121117,1
20121126,2
20121127,1
20121128,3
20121129,1
20121203,1
20121204,2
20121205,1
20121206,2
20121211,1
20121212,3
20121216,1
20121225,1
20130102,1
20130103,2
20130106,1
20130114,2
20130117,2
20130118,2
20130121,1
20130122,8
20130124,2
20130125,1
20130128,1
20130129,1
20130206,3
20130207,1
20130212,2
20130213,1
20130220,3
20130221,4
20130228,1
20130305,3
20130312,2
20130313,1
20130314,1
20130319,1
20130320,1
20130321,3
20130325,2
20130326,3
20130402,1
20130403,2
20130404,1
20130412,1
20130416,1
20130417,1
20130422,1
20130423,10
20130424,2
20130506,2
20130507,1
20130508,1
20130515,2
20130521,2
20130528,1
20130604,1
20130605,2
20130608,1
20130613,2
20130621,1
20130623,2
20130626,2
20130704,1
20130718,2
20130719,2
20130723,8
20130724,1
20130725,2
20130731,1
20130806,2
20130814,2
20130815,2
20130819,3
20130820,3
20130822,1
20130828,2
20130829,2
20130830,1
20130907,1
20130908,1
20130910,2
20130912,1
20130919,1
20130922,1
20130923,3
20130926,1
20131002,2
20131016,1
20131021,2
20131022,7
20131023,2
20131024,2
20131025,6
20131028,1
20131103,1
20131104,2
20131106,1
20131107,1
20131111,1
20131112,2
20131115,1
20131118,1
20131119,1
20131120,1
20131121,1
20131126,1
20131202,2
20131205,2
20131210,10
20131211,2
20131213,1
20131215,1
20131216,3
20131217,3
20131219,1
20131223,2
20131226,1
20140101,1
20140103,1
20140105,2
20140107,3
20140108,1
20140113,2
20140115,2
20140121,3
20140122,1
20140123,2
20140127,3
20140128,3
20140129,1
20140130,1
20140131,1
20140206,2
20140208,1
20140211,3
20140213,3
20140218,1
20140220,1
20140225,1
20140226,3
20140227,1
20140228,1
20140305,1
20140313,2
20140319,1
20140324,1
20140325,1
20140331,1
20140401,1
20140402,1
20140403,2
20140411,2
20140417,4
20140422,1
20140423,1
20140425,1
20140502,1
20140506,1
20140507,1
20140509,1
20140514,1
20140516,1
20140521,1
20140529,1
20140603,1
20140609,1
20140611,1
20140612,2
20140613,1
20140618,1
20140623,2
20140626,5
20140627,6
20140701,1
20140702,3
20140703,1
20140707,2
20140709,1
20140711,1
20140716,1
20140721,1
20140722,4
20140729,1
20140807,1
20140812,1
20140813,2
20140814,2
20140817,1
20140819,1
20140821,1
20140825,1
20140826,4
20140827,1
20140828,2
20140829,1
20140902,1
20140903,2
20140904,1
20140905,2
20140907,1
20140908,2
20140909,2
20140910,1
20140916,2
20140917,16
20140918,8
20140919,2
20140922,1
20140923,3
20140928,1
20141001,1
20141003,1
20141006,2
20141021,4
20141022,2
20141023,1
20141024,1
20141027,2
20141028,6
20141029,2
20141030,4
20141031,1
20141102,1
20141104,4
20141105,1
20141111,3
20141112,1
20141113,3
20141114,3
20141115,1
20141116,2
20141117,4
20141118,1
20141123,1
20141124,2
20141125,2
20141128,1
20141201,1
20141202,2
20141203,3
20141204,2
20141210,1
20141215,1
20141217,1
20141218,1
20141223,1
20150101,2
20150103,1
20150108,1
20150109,10
20150112,6
20150113,5
20150115,2
20150116,3
20150121,1
20150122,1
20150126,2
20150127,10
20150128,3
20150129,2
20150130,1
20150202,2
20150204,1
20150205,3
20150206,2
20150209,1
20150210,5
20150211,3
20150212,4
20150213,1
20150217,1
20150218,1
20150226,1
20150227,1
20150303,2
20150304,3
20150305,2
20150309,1
20150311,1
20150316,6
20150322,1
20150323,3
20150325,3
20150326,2
20150327,1
20150329,1
20150330,2
20150401,1
20150406,2
20150407,5
20150409,1
20150413,3
20150414,1
20150416,1
20150417,1
20150419,1
20150421,5
20150422,2
20150423,3
20150424,2
20150427,1
20150428,3
20150429,1
20150430,9
