20050102,5
20050103,17
20050104,16
20050105,14
20050106,18
20050107,17
20050109,5
20050110,18
20050111,26
20050112,25
20050113,32
20050114,23
20050116,4
20050117,24
20050118,16
20050119,41
20050120,29
20050121,39
20050123,5
20050124,31
20050125,28
20050126,44
20050127,46
20050128,49
20050130,6
20050131,25
20050201,29
20050202,31
20050203,32
20050204,36
20050206,5
20050207,28
20050208,35
20050209,36
20050210,28
20050211,34
20050213,4
20050214,27
20050215,39
20050216,22
20050217,26
20050218,32
20050220,2
20050221,11
20050222,25
20050223,36
20050224,21
20050225,36
20050227,4
20050228,30
20050301,33
20050302,31
20050303,28
20050304,27
20050306,4
20050307,33
20050308,25
20050309,27
20050310,19
20050311,23
20050312,1
20050313,4
20050314,20
20050315,29
20050316,40
20050317,37
20050318,28
20050320,4
20050321,18
20050322,20
20050323,18
20050324,15
20050325,16
20050327,3
20050328,19
20050329,14
20050330,22
20050331,15
20050401,25
20050402,1
20050403,3
20050404,18
20050405,21
20050406,30
20050407,31
20050408,19
20050410,2
20050411,24
20050412,26
20050413,32
20050414,25
20050415,29
20050417,4
20050418,34
20050419,37
20050420,45
20050421,40
20050422,37
20050424,5
20050425,25
20050426,26
20050427,54
20050428,39
20050429,40
20050430,1
20050501,5
20050502,31
20050503,22
20050504,44
20050505,28
20050506,31
20050508,4
20050509,19
20050510,32
20050511,35
20050512,25
20050513,24
20050514,1
20050515,4
20050516,28
20050517,23
20050518,27
20050519,17
20050520,14
20050521,1
20050522,2
20050523,19
20050524,14
20050525,20
20050526,19
20050527,28
20050528,1
20050529,3
20050530,3
20050531,16
20050601,18
20050602,16
20050603,19
20050605,1
20050606,17
20050607,18
20050608,21
20050609,20
20050610,18
20050612,4
20050613,19
20050614,23
20050615,21
20050616,29
20050617,21
20050619,2
20050620,15
20050621,17
20050622,22
20050623,16
20050624,14
20050626,3
20050627,20
20050628,18
20050629,23
20050630,23
20050701,21
20050703,2
20050704,2
20050705,14
20050706,17
20050707,15
20050708,21
20050710,6
20050711,18
20050712,27
20050713,29
20050714,30
20050715,34
20050717,5
20050718,16
20050719,30
20050720,42
20050721,38
20050722,35
20050723,1
20050724,3
20050725,19
20050726,31
20050727,46
20050728,56
20050729,38
20050731,4
20050801,30
20050802,26
20050803,29
20050804,34
20050805,35
20050807,5
20050808,28
20050809,29
20050810,33
20050811,35
20050812,32
20050814,3
20050815,21
20050816,27
20050817,32
20050818,28
20050819,30
20050820,1
20050821,3
20050822,14
20050823,33
20050824,19
20050825,19
20050826,26
20050828,5
20050829,15
20050830,14
20050831,23
20050901,18
20050902,15
20050903,1
20050904,4
20050905,5
20050906,12
20050907,21
20050908,27
20050909,24
20050910,1
20050911,3
20050912,17
20050913,19
20050914,21
20050915,21
20050916,17
20050917,6
20050918,3
20050919,15
20050920,19
20050921,17
20050922,19
20050923,24
20050924,6
20050925,4
20050926,16
20050927,11
20050928,19
20050929,20
20050930,22
20051001,7
20051002,2
20051003,11
20051004,20
20051005,17
20051006,18
20051007,15
20051008,8
20051009,3
20051010,13
20051011,29
20051012,31
20051013,18
20051014,20
20051015,13
20051016,4
20051017,26
20051018,25
20051019,32
20051020,37
20051021,35
20051022,9
20051023,4
20051024,26
20051025,32
20051026,39
20051027,51
20051028,24
20051029,8
20051030,2
20051031,20
20051101,35
20051102,35
20051103,34
20051104,23
20051105,11
20051106,4
20051107,11
20051108,22
20051109,34
20051110,37
20051111,32
20051112,12
20051113,4
20051114,19
20051115,16
20051116,31
20051117,23
20051118,25
20051119,7
20051120,1
20051121,15
20051122,20
20051123,20
20051124,5
20051125,20
20051126,7
20051127,1
20051128,15
20051129,19
20051130,21
20051201,17
20051202,23
20051203,8
20051204,2
20051205,9
20051206,21
20051207,18
20051208,18
20051209,22
20051210,4
20051211,3
20051212,12
20051213,11
20051214,21
20051215,18
20051216,22
20051217,6
20051218,4
20051219,14
20051220,11
20051221,15
20051222,21
20051223,16
20051224,2
20051225,2
20051227,5
20051228,9
20051229,12
20051230,15
20051231,5
20060101,3
20060102,1
20060103,19
20060104,14
20060105,28
20060106,22
20060107,11
20060108,5
20060109,14
20060110,28
20060111,25
20060112,20
20060113,26
20060114,11
20060115,2
20060116,14
20060117,17
20060118,37
20060119,29
20060120,27
20060121,11
20060122,6
20060123,21
20060124,38
20060125,39
20060126,40
20060127,37
20060128,15
20060129,5
20060130,16
20060131,35
20060201,38
20060202,34
20060203,33
20060204,16
20060205,4
20060206,23
20060207,30
20060208,33
20060209,33
20060210,28
20060211,17
20060212,3
20060213,21
20060214,25
20060215,31
20060216,35
20060217,31
20060218,8
20060219,3
20060220,10
20060221,16
20060222,32
20060223,29
20060224,33
20060225,4
20060226,4
20060227,22
20060228,22
20060301,37
20060302,23
20060303,19
20060304,6
20060305,6
20060306,15
20060307,21
20060308,29
20060309,17
20060310,27
20060311,10
20060312,2
20060313,21
20060314,20
20060315,23
20060316,26
20060317,25
20060318,8
20060319,4
20060320,17
20060321,24
20060322,22
20060323,34
20060324,17
20060325,2
20060326,2
20060327,14
20060328,13
20060329,24
20060330,22
20060331,15
20060401,4
20060402,4
20060403,21
20060404,22
20060405,24
20060406,15
20060407,18
20060408,5
20060409,4
20060410,18
20060411,19
20060412,25
20060413,30
20060414,15
20060415,10
20060416,4
20060417,16
20060418,23
20060419,42
20060420,49
20060421,34
20060422,8
20060423,3
20060424,16
20060425,37
20060426,40
20060427,42
20060428,37
20060429,11
20060430,3
20060501,22
20060502,22
20060503,25
20060504,37
20060505,34
20060506,8
20060507,2
20060508,24
20060509,25
20060510,33
20060511,29
20060512,30
20060513,3
20060514,3
20060515,18
20060516,23
20060517,26
20060518,24
20060519,24
20060520,10
20060521,2
20060522,27
20060523,27
20060524,37
20060525,16
20060526,19
20060527,8
20060528,3
20060529,3
20060530,15
20060531,22
20060601,19
20060602,22
20060603,8
20060604,1
20060605,9
20060606,10
20060607,16
20060608,15
20060609,12
20060610,8
20060611,4
20060612,17
20060613,26
20060614,15
20060615,17
20060616,21
20060617,9
20060618,1
20060619,18
20060620,14
20060621,23
20060622,25
20060623,18
20060624,7
20060625,5
20060626,18
20060627,17
20060628,17
20060629,15
20060630,21
20060701,6
20060702,3
20060703,3
20060704,5
20060705,23
20060706,19
20060707,17
20060708,13
20060709,3
20060710,19
20060711,24
20060712,23
20060713,26
20060714,25
20060715,11
20060716,3
20060717,18
20060718,25
20060719,44
20060720,36
20060721,36
20060722,16
20060723,4
20060724,22
20060725,39
20060726,46
20060727,49
20060728,38
20060729,16
20060730,6
20060731,24
20060801,37
20060802,35
20060803,33
20060804,35
20060805,12
20060806,5
20060807,22
20060808,19
20060809,34
20060810,32
20060811,26
20060812,7
20060813,3
20060814,19
20060815,23
20060816,25
20060817,20
20060818,25
20060819,10
20060820,4
20060821,16
20060822,25
20060823,23
20060824,29
20060825,11
20060826,7
20060827,5
20060828,16
20060829,14
20060830,22
20060831,21
20060901,29
20060902,9
20060903,3
20060904,4
20060905,14
20060906,17
20060907,27
20060908,23
20060909,7
20060910,4
20060911,19
20060912,14
20060913,24
20060914,20
20060915,22
20060916,5
20060917,3
20060918,16
20060919,11
20060920,25
20060921,27
20060922,20
20060923,6
20060924,3
20060925,15
20060926,14
20060927,17
20060928,15
20060929,16
20060930,9
20061001,4
20061002,17
20061003,13
20061004,27
20061005,13
20061006,14
20061007,10
20061008,1
20061009,19
20061010,19
20061011,29
20061012,25
20061013,19
20061014,10
20061015,5
20061016,17
20061017,25
20061018,42
20061019,42
20061020,37
20061021,11
20061022,3
20061023,24
20061024,34
20061025,40
20061026,44
20061027,42
20061028,12
20061029,4
20061030,16
20061031,27
20061101,38
20061102,35
20061103,32
20061104,16
20061105,2
20061106,23
20061107,23
20061108,23
20061109,31
20061110,34
20061111,6
20061112,3
20061113,12
20061114,25
20061115,23
20061116,18
20061117,24
20061118,7
20061119,1
20061120,17
20061121,19
20061122,22
20061123,11
20061124,15
20061125,2
20061126,3
20061127,16
20061128,16
20061129,23
20061130,16
20061201,15
20061202,5
20061203,1
20061204,23
20061205,23
20061206,12
20061207,23
20061208,20
20061209,7
20061210,3
20061211,12
20061212,19
20061213,23
20061214,23
20061215,26
20061216,10
20061217,5
20061218,10
20061219,21
20061220,25
20061221,18
20061222,12
20061223,10
20061224,2
20061226,4
20061227,10
20061228,13
20061229,15
20061230,9
20061231,3
20070101,2
20070102,18
20070103,19
20070104,21
20070105,21
20070106,12
20070107,1
20070108,14
20070109,22
20070110,29
20070111,30
20070112,22
20070113,7
20070114,3
20070115,5
20070116,21
20070117,26
20070118,32
20070119,27
20070120,14
20070121,2
20070122,24
20070123,29
20070124,41
20070125,42
20070126,39
20070127,9
20070128,4
20070129,24
20070130,34
20070131,44
20070201,52
20070202,37
20070203,13
20070204,1
20070205,19
20070206,34
20070207,42
20070208,27
20070209,40
20070210,11
20070211,5
20070212,17
20070213,22
20070214,28
20070215,29
20070216,26
20070217,13
20070218,3
20070219,5
20070220,17
20070221,36
20070222,31
20070223,31
20070224,13
20070225,3
20070226,26
20070227,25
20070228,27
20070301,43
20070302,32
20070303,7
20070304,4
20070305,15
20070306,25
20070307,32
20070308,28
20070309,24
20070310,13
20070311,2
20070312,15
20070313,29
20070314,23
20070315,21
20070316,29
20070317,5
20070318,3
20070319,17
20070320,23
20070321,25
20070322,29
20070323,25
20070324,8
20070325,5
20070326,25
20070327,21
20070328,20
20070329,23
20070330,13
20070331,5
20070401,5
20070402,21
20070403,22
20070404,22
20070405,17
20070406,14
20070407,10
20070408,3
20070409,18
20070410,23
20070411,31
20070412,23
20070413,30
20070414,16
20070415,4
20070416,18
20070417,27
20070418,35
20070419,38
20070420,36
20070421,13
20070422,3
20070423,33
20070424,46
20070425,53
20070426,46
20070427,45
20070428,11
20070429,3
20070430,25
20070501,27
20070502,30
20070503,38
20070504,37
20070505,18
20070506,4
20070507,26
20070508,22
20070509,40
20070510,39
20070511,24
20070512,12
20070513,2
20070514,15
20070515,35
20070516,38
20070517,31
20070518,23
20070519,7
20070520,1
20070521,27
20070522,24
20070523,30
20070524,31
20070525,24
20070526,7
20070527,5
20070529,16
20070530,29
20070531,28
20070601,27
20070602,5
20070603,3
20070604,19
20070605,17
20070606,19
20070607,18
20070608,19
20070609,6
20070610,4
20070611,16
20070612,22
20070613,13
20070614,23
20070615,10
20070616,8
20070617,3
20070618,21
20070619,28
20070620,23
20070621,27
20070622,26
20070623,8
20070624,1
20070625,15
20070626,29
20070627,30
20070628,28
20070629,19
20070630,7
20070701,5
20070702,18
20070703,17
20070704,7
20070705,12
20070706,19
20070707,5
20070708,3
20070709,26
20070710,24
20070711,29
20070712,24
20070713,27
20070714,14
20070715,4
20070716,21
20070717,33
20070718,38
20070719,44
20070720,48
20070721,12
20070722,6
20070723,32
20070724,29
20070725,63
20070726,47
20070727,39
20070728,15
20070729,5
20070730,31
20070731,32
20070801,48
20070802,40
20070803,33
20070804,11
20070805,2
20070806,23
20070807,21
20070808,34
20070809,40
20070810,26
20070811,8
20070812,4
20070813,14
20070814,25
20070815,29
20070816,28
20070817,28
20070818,3
20070819,5
20070820,16
20070821,16
20070822,26
20070823,30
20070824,28
20070825,8
20070826,3
20070827,16
20070828,19
20070829,23
20070830,37
20070831,32
20070901,3
20070902,3
20070903,8
20070904,15
20070905,20
20070906,19
20070907,18
20070908,7
20070909,1
20070910,18
20070911,21
20070912,18
20070913,18
20070914,22
20070915,8
20070916,4
20070917,15
20070918,25
20070919,26
20070920,29
20070921,26
20070922,11
20070923,4
20070924,15
20070925,26
20070926,20
20070927,19
20070928,10
20070929,5
20070930,4
20071001,25
20071002,30
20071003,20
20071004,27
20071005,24
20071006,11
20071007,5
20071008,25
20071009,19
20071010,35
20071011,25
20071012,27
20071013,11
20071014,3
20071015,26
20071016,37
20071017,42
20071018,44
20071019,44
20071020,20
20071021,3
20071022,40
20071023,36
20071024,53
20071025,54
20071026,45
20071027,15
20071028,4
20071029,31
20071030,35
20071031,42
20071101,47
20071102,41
20071103,18
20071104,4
20071105,33
20071106,35
20071107,46
20071108,45
20071109,42
20071110,13
20071111,1
20071112,26
20071113,31
20071114,42
20071115,36
20071116,36
20071117,10
20071118,2
20071119,26
20071120,35
20071121,29
20071122,9
20071123,17
20071124,7
20071125,3
20071126,13
20071127,22
20071128,25
20071129,31
20071130,30
20071201,13
20071202,3
20071203,18
20071204,26
20071205,26
20071206,19
20071207,25
20071208,8
20071209,1
20071210,16
20071211,18
20071212,19
20071213,22
20071214,20
20071215,11
20071216,2
20071217,19
20071218,32
20071219,33
20071220,32
20071221,30
20071222,10
20071223,4
20071224,11
20071225,3
20071226,16
20071227,22
20071228,12
20071229,6
20071230,3
20071231,12
20080102,21
20080103,28
20080104,20
20080105,10
20080106,1
20080107,21
20080108,25
20080109,31
20080110,31
20080111,31
20080112,15
20080113,3
20080114,26
20080115,44
20080116,35
20080117,42
20080118,40
20080119,15
20080120,4
20080121,9
20080122,42
20080123,49
20080124,40
20080125,38
20080126,9
20080127,3
20080128,19
20080129,48
20080130,51
20080131,58
20080201,54
20080202,13
20080203,3
20080204,29
20080205,44
20080206,35
20080207,48
20080208,31
20080209,8
20080210,2
20080211,29
20080212,39
20080213,37
20080214,43
20080215,39
20080216,13
20080217,2
20080218,5
20080219,32
20080220,38
20080221,34
20080222,24
20080223,9
20080224,2
20080225,31
20080226,37
20080227,37
20080228,33
20080229,52
20080301,16
20080302,1
20080303,23
20080304,25
20080305,28
20080306,27
20080307,26
20080308,9
20080309,2
20080310,20
20080311,28
20080312,30
20080313,25
20080314,29
20080315,5
20080316,3
20080317,30
20080318,34
20080319,39
20080320,35
20080321,16
20080322,4
20080323,3
20080324,22
20080325,25
20080326,29
20080327,23
20080328,30
20080329,7
20080330,5
20080331,12
20080401,29
20080402,27
20080403,22
20080404,23
20080405,7
20080406,4
20080407,24
20080408,28
20080409,34
20080410,28
20080411,35
20080412,14
20080413,1
20080414,21
20080415,38
20080416,40
20080417,58
20080418,57
20080419,16
20080420,3
20080421,45
20080422,52
20080423,48
20080424,67
20080425,51
20080426,15
20080427,4
20080428,37
20080429,40
20080430,54
20080501,51
20080502,41
20080503,13
20080504,3
20080505,24
20080506,31
20080507,52
20080508,32
20080509,37
20080510,13
20080511,5
20080512,14
20080513,21
20080514,29
20080515,40
20080516,23
20080517,8
20080518,3
20080519,39
20080520,27
20080521,28
20080522,34
20080523,16
20080524,10
20080525,4
20080526,3
20080527,16
20080528,28
20080529,27
20080530,26
20080531,12
20080601,1
20080602,27
20080603,18
20080604,20
20080605,23
20080606,11
20080607,7
20080609,11
20080610,31
20080611,23
20080612,21
20080613,24
20080614,10
20080615,3
20080616,23
20080617,26
20080618,34
20080619,31
20080620,25
20080621,11
20080622,3
20080623,19
20080624,21
20080625,23
20080626,29
20080627,25
20080628,7
20080629,2
20080630,15
20080701,30
20080702,27
20080703,37
20080704,6
20080705,5
20080706,2
20080707,20
20080708,25
20080709,27
20080710,30
20080711,36
20080712,14
20080713,3
20080714,19
20080715,22
20080716,30
20080717,56
20080718,47
20080719,9
20080720,3
20080721,35
20080722,55
20080723,50
20080724,54
20080725,44
20080726,14
20080727,3
20080728,27
20080729,40
20080730,51
20080731,52
20080801,53
20080802,20
20080803,3
20080804,26
20080805,39
20080806,58
20080807,51
20080808,43
20080809,6
20080810,3
20080811,17
20080812,27
20080813,34
20080814,39
20080815,22
20080816,6
20080817,3
20080818,21
20080819,25
20080820,33
20080821,33
20080822,26
20080823,14
20080824,3
20080825,17
20080826,25
20080827,32
20080828,34
20080829,35
20080830,14
20080831,5
20080901,2
20080902,14
20080903,21
20080904,26
20080905,16
20080906,10
20080907,1
20080908,13
20080909,23
20080910,31
20080911,19
20080912,22
20080913,7
20080914,3
20080915,17
20080916,22
20080917,23
20080918,21
20080919,22
20080920,1
20080921,2
20080922,8
20080923,19
20080924,9
20080925,17
20080926,21
20080927,6
20080928,3
20080929,14
20080930,10
20081001,30
20081002,28
20081003,23
20081004,12
20081005,2
20081006,15
20081007,24
20081008,22
20081009,24
20081010,25
20081011,9
20081012,3
20081013,27
20081014,22
20081015,46
20081016,43
20081017,38
20081018,16
20081019,3
20081020,21
20081021,46
20081022,55
20081023,48
20081024,50
20081025,19
20081026,3
20081027,13
20081028,38
20081029,33
20081030,51
20081031,50
20081101,16
20081102,3
20081103,25
20081104,29
20081105,36
20081106,38
20081107,39
20081108,19
20081109,3
20081110,24
20081111,36
20081112,26
20081113,29
20081114,32
20081115,13
20081116,3
20081117,17
20081118,20
20081119,31
20081120,21
20081121,18
20081122,7
20081123,3
20081124,11
20081125,15
20081126,25
20081127,3
20081128,16
20081129,4
20081130,3
20081201,8
20081202,15
20081203,28
20081204,19
20081205,16
20081206,6
20081207,3
20081208,17
20081209,19
20081210,15
20081211,21
20081212,20
20081213,5
20081214,4
20081215,10
20081216,19
20081217,24
20081218,24
20081219,19
20081220,6
20081221,1
20081222,6
20081223,25
20081224,12
20081225,1
20081226,12
20081227,4
20081228,2
20081229,9
20081230,14
20081231,9
20090102,15
20090103,5
20090104,4
20090105,11
20090106,17
20090107,16
20090108,27
20090109,24
20090110,8
20090111,2
20090112,12
20090113,39
20090114,26
20090115,24
20090116,30
20090117,11
20090118,3
20090119,4
20090120,32
20090121,22
20090122,55
20090123,30
20090124,13
20090125,4
20090126,24
20090127,42
20090128,40
20090129,52
20090130,44
20090131,12
20090201,6
20090202,27
20090203,32
20090204,46
20090205,45
20090206,45
20090207,8
20090208,5
20090209,16
20090210,28
20090211,40
20090212,47
20090213,35
20090214,8
20090215,2
20090216,12
20090217,23
20090218,30
20090219,34
20090220,33
20090221,11
20090222,3
20090223,13
20090224,33
20090225,40
20090226,45
20090227,46
20090228,7
20090301,2
20090302,21
20090303,32
20090304,37
20090305,34
20090306,22
20090307,8
20090308,2
20090309,26
20090310,18
20090311,31
20090312,42
20090313,25
20090314,6
20090315,2
20090316,14
20090317,27
20090318,25
20090319,24
20090320,22
20090321,6
20090322,2
20090323,15
20090324,18
20090325,26
20090326,23
20090327,25
20090328,4
20090329,2
20090330,16
20090331,13
20090401,26
20090402,13
20090403,24
20090404,3
20090405,3
20090406,28
20090407,31
20090408,27
20090409,34
20090410,18
20090411,9
20090412,2
20090413,27
20090414,34
20090415,46
20090416,38
20090417,35
20090418,11
20090419,4
20090420,30
20090421,41
20090422,49
20090423,58
20090424,46
20090425,7
20090426,3
20090427,20
20090428,45
20090429,49
20090430,52
20090501,29
20090502,16
20090503,6
20090504,27
20090505,40
20090506,50
20090507,49
20090508,38
20090509,9
20090510,2
20090511,28
20090512,30
20090513,35
20090514,34
20090515,32
20090516,10
20090517,3
20090518,19
20090519,23
20090520,28
20090521,20
20090522,25
20090523,13
20090524,3
20090525,4
20090526,20
20090527,15
20090528,33
20090529,19
20090530,5
20090531,1
20090601,16
20090602,13
20090603,10
20090604,9
20090605,10
20090606,6
20090607,2
20090608,6
20090609,12
20090610,14
20090611,18
20090612,10
20090613,7
20090614,3
20090615,10
20090616,10
20090617,16
20090618,19
20090619,13
20090620,9
20090621,3
20090622,10
20090623,15
20090624,18
20090625,20
20090626,22
20090627,3
20090628,3
20090629,7
20090630,12
20090701,12
20090702,13
20090703,12
20090704,3
20090706,9
20090707,21
20090708,21
20090709,23
20090710,15
20090711,6
20090712,4
20090713,20
20090714,28
20090715,31
20090716,41
20090717,36
20090718,14
20090719,2
20090720,23
20090721,38
20090722,52
20090723,47
20090724,54
20090725,11
20090726,5
20090727,39
20090728,38
20090729,41
20090730,77
20090731,54
20090801,9
20090802,3
20090803,25
20090804,28
20090805,54
20090806,51
20090807,43
20090808,10
20090809,4
20090810,20
20090811,17
20090812,27
20090813,37
20090814,32
20090815,13
20090816,1
20090817,19
20090818,32
20090819,25
20090820,31
20090821,28
20090822,7
20090823,4
20090824,21
20090825,17
20090826,25
20090827,27
20090828,26
20090829,8
20090830,2
20090831,21
20090901,16
20090902,21
20090903,12
20090904,17
20090905,5
20090906,2
20090907,5
20090908,18
20090909,16
20090910,16
20090911,18
20090912,10
20090913,1
20090914,8
20090915,11
20090916,15
20090917,18
20090918,17
20090919,6
20090920,2
20090921,10
20090922,11
20090923,14
20090924,19
20090925,17
20090926,3
20090927,3
20090928,14
20090929,15
20090930,18
20091001,21
20091002,16
20091003,5
20091004,2
20091005,20
20091006,19
20091007,23
20091008,27
20091009,22
20091010,6
20091011,4
20091012,16
20091013,25
20091014,35
20091015,38
20091016,39
20091017,16
20091018,1
20091019,40
20091020,49
20091021,51
20091022,53
20091023,42
20091024,13
20091025,3
20091026,19
20091027,47
20091028,47
20091029,57
20091030,57
20091031,10
20091101,3
20091102,24
20091103,43
20091104,42
20091105,46
20091106,42
20091107,16
20091108,2
20091109,30
20091110,31
20091111,39
20091112,36
20091113,32
20091114,8
20091115,7
20091116,23
20091117,20
20091118,24
20091119,29
20091120,24
20091121,3
20091122,7
20091123,18
20091124,18
20091125,26
20091126,6
20091127,12
20091128,3
20091129,4
20091130,10
20091201,18
20091202,14
20091203,20
20091204,19
20091205,5
20091206,4
20091207,16
20091208,33
20091209,23
20091210,16
20091211,11
20091212,5
20091213,4
20091214,16
20091215,19
20091216,25
20091217,31
20091218,23
20091219,8
20091220,5
20091221,14
20091222,18
20091223,19
20091224,11
20091226,2
20091227,1
20091228,10
20091229,13
20091230,14
20091231,8
20100102,2
20100103,2
20100104,14
20100105,20
20100106,19
20100107,29
20100108,23
20100109,8
20100110,4
20100111,27
20100112,29
20100113,31
20100114,33
20100115,39
20100116,12
20100117,3
20100118,16
20100119,40
20100120,46
20100121,47
20100122,37
20100123,10
20100124,7
20100125,32
20100126,55
20100127,40
20100128,57
20100129,55
20100130,10
20100131,5
20100201,30
20100202,46
20100203,52
20100204,49
20100205,39
20100206,13
20100207,4
20100208,33
20100209,27
20100210,35
20100211,39
20100212,31
20100213,10
20100214,5
20100215,9
20100216,29
20100217,37
20100218,43
20100219,26
20100220,10
20100221,10
20100222,20
20100223,57
20100224,42
20100225,45
20100226,30
20100227,5
20100228,6
20100301,25
20100302,29
20100303,30
20100304,24
20100305,31
20100306,2
20100307,5
20100308,24
20100309,25
20100310,28
20100311,33
20100312,18
20100313,10
20100314,4
20100315,19
20100316,20
20100317,26
20100318,26
20100319,30
20100320,7
20100321,1
20100322,21
20100323,26
20100324,28
20100325,21
20100326,18
20100327,8
20100328,2
20100329,11
20100330,21
20100331,18
20100401,26
20100402,10
20100403,4
20100404,2
20100405,11
20100406,16
20100407,20
20100408,11
20100409,19
20100410,8
20100411,6
20100412,18
20100413,24
20100414,16
20100415,28
20100416,18
20100417,15
20100418,3
20100419,28
20100420,47
20100421,50
20100422,34
20100423,30
20100424,13
20100425,3
20100426,21
20100427,44
20100428,40
20100429,60
20100430,37
20100501,13
20100502,5
20100503,17
20100504,30
20100505,34
20100506,40
20100507,13
20100508,10
20100509,4
20100510,22
20100511,29
20100512,25
20100513,30
20100514,23
20100515,12
20100516,6
20100517,18
20100518,19
20100519,26
20100520,21
20100521,20
20100522,10
20100523,1
20100524,4
20100525,34
20100526,14
20100527,25
20100528,16
20100529,8
20100530,3
20100531,3
20100601,11
20100602,17
20100603,15
20100604,15
20100605,4
20100606,2
20100607,15
20100608,31
20100609,26
20100610,18
20100611,17
20100612,7
20100613,7
20100614,15
20100615,20
20100616,29
20100617,18
20100618,24
20100619,3
20100620,7
20100621,18
20100622,25
20100623,26
20100624,27
20100625,26
20100626,9
20100627,6
20100628,13
20100629,27
20100630,17
20100701,15
20100702,10
20100703,2
20100704,2
20100705,7
20100706,24
20100707,37
20100708,19
20100709,26
20100710,6
20100711,5
20100712,42
20100713,52
20100714,46
20100715,46
20100716,36
20100717,20
20100718,9
20100719,25
20100720,41
20100721,54
20100722,86
20100723,58
20100724,15
20100725,7
20100726,31
20100727,57
20100728,81
20100729,76
20100730,63
20100731,20
20100801,3
20100802,42
20100803,64
20100804,58
20100805,47
20100806,42
20100807,20
20100808,5
20100809,30
20100810,39
20100811,38
20100812,55
20100813,34
20100814,10
20100815,3
20100816,31
20100817,34
20100818,41
20100819,33
20100820,25
20100821,8
20100822,4
20100823,25
20100824,20
20100825,29
20100826,34
20100827,30
20100828,7
20100829,5
20100830,18
20100831,40
20100901,28
20100902,17
20100903,18
20100904,10
20100905,2
20100906,15
20100907,19
20100908,21
20100909,17
20100910,15
20100911,15
20100912,5
20100913,26
20100914,30
20100915,23
20100916,20
20100917,30
20100918,5
20100919,3
20100920,17
20100921,33
20100922,31
20100923,17
20100924,18
20100925,4
20100926,4
20100927,16
20100928,22
20100929,21
20100930,25
20101001,16
20101002,5
20101003,7
20101004,27
20101005,25
20101006,31
20101007,26
20101008,31
20101009,4
20101010,8
20101011,20
20101012,37
20101013,49
20101014,35
20101015,48
20101016,11
20101017,8
20101018,54
20101019,72
20101020,64
20101021,80
20101022,61
20101023,15
20101024,4
20101025,29
20101026,59
20101027,68
20101028,92
20101029,69
20101030,11
20101031,9
20101101,17
20101102,19
20101103,3
20101104,6
20101105,5
20101106,3
20101107,1
20101108,3
20101109,6
20101110,8
20101111,7
20101112,5
20101113,3
20101114,3
20101115,9
20101116,10
20101117,7
20101118,7
20101119,7
20101120,3
20101121,1
20101122,11
20101123,7
20101124,5
20101125,3
20101126,5
20101127,1
20101128,2
20101129,5
20101130,5
20101201,18
20101202,22
20101203,14
20101204,5
20101205,5
20101206,14
20101207,23
20101208,34
20101209,31
20101210,15
20101211,6
20101212,5
20101213,16
20101214,24
20101215,29
20101216,29
20101217,29
20101218,10
20101219,2
20101220,27
20101221,20
20101222,19
20101223,12
20101224,6
20101226,4
20101227,13
20101228,9
20101229,7
20101230,11
20101231,7
20110101,1
20110102,7
20110103,20
20110104,19
20110105,14
20110106,30
20110107,21
20110108,7
20110109,5
20110110,43
20110111,44
20110112,30
20110113,38
20110114,44
20110115,14
20110116,3
20110117,10
20110118,62
20110119,75
20110120,60
20110121,46
20110122,19
20110123,8
20110124,36
20110125,63
20110126,42
20110127,86
20110128,54
20110129,9
20110130,5
20110131,42
20110201,55
20110202,48
20110203,69
20110204,39
20110205,12
20110206,4
20110207,37
20110208,54
20110209,56
20110210,67
20110211,39
20110212,10
20110213,5
20110214,33
20110215,38
20110216,56
20110217,51
20110218,37
20110219,10
20110220,5
20110221,9
20110222,39
20110223,63
20110224,56
20110225,37
20110226,15
20110227,7
20110228,34
20110301,35
20110302,38
20110303,32
20110304,29
20110305,8
20110306,4
20110307,26
20110308,27
20110309,33
20110310,37
20110311,18
20110312,4
20110313,4
20110314,21
20110315,18
20110316,17
20110317,33
20110318,29
20110319,6
20110320,3
20110321,21
20110322,43
20110323,30
20110324,41
20110325,33
20110326,11
20110327,7
20110328,26
20110329,33
20110330,33
20110331,25
20110401,31
20110402,8
20110403,2
20110404,24
20110405,31
20110406,20
20110407,25
20110408,18
20110409,4
20110410,2
20110411,35
20110412,32
20110413,40
20110414,47
20110415,49
20110416,15
20110417,5
20110418,50
20110419,69
20110420,82
20110421,98
20110422,28
20110423,9
20110424,4
20110425,44
20110426,71
20110427,74
20110428,90
20110429,64
20110430,17
20110501,6
20110502,49
20110503,60
20110504,62
20110505,69
20110506,53
20110507,6
20110508,3
20110509,45
20110510,67
20110511,65
20110512,48
20110513,39
20110514,9
20110515,1
20110516,45
20110517,45
20110518,51
20110519,49
20110520,31
20110521,6
20110522,4
20110523,31
20110524,39
20110525,41
20110526,51
20110527,40
20110528,9
20110530,11
20110531,27
20110601,31
20110602,25
20110603,25
20110604,11
20110605,2
20110606,25
20110607,20
20110608,21
20110609,30
20110610,22
20110611,5
20110612,5
20110613,28
20110614,30
20110615,26
20110616,24
20110617,32
20110618,8
20110619,2
20110620,19
20110621,31
20110622,38
20110623,31
20110624,31
20110625,3
20110626,4
20110627,34
20110628,29
20110629,35
20110630,31
20110701,35
20110702,8
20110703,2
20110704,6
20110705,37
20110706,25
20110707,26
20110708,41
20110709,8
20110710,3
20110711,37
20110712,37
20110713,43
20110714,49
20110715,57
20110716,12
20110717,2
20110718,44
20110719,75
20110720,80
20110721,76
20110722,69
20110723,12
20110724,5
20110725,54
20110726,76
20110727,79
20110728,110
20110729,69
20110730,13
20110731,2
20110801,37
20110802,62
20110803,55
20110804,74
20110805,64
20110806,17
20110807,3
20110808,48
20110809,61
20110810,60
20110811,51
20110812,38
20110813,10
20110814,5
20110815,42
20110816,47
20110817,51
20110818,51
20110819,39
20110820,9
20110821,2
20110822,23
20110823,27
20110824,39
20110825,41
20110826,30
20110827,12
20110828,2
20110829,27
20110830,26
20110831,38
20110901,23
20110902,26
20110903,2
20110904,3
20110905,4
20110906,27
20110907,30
20110908,22
20110909,14
20110910,6
20110911,2
20110912,26
20110913,30
20110914,27
20110915,34
20110916,37
20110917,8
20110918,1
20110919,28
20110920,29
20110921,39
20110922,35
20110923,27
20110924,8
20110925,2
20110926,22
20110927,28
20110928,27
20110929,21
20110930,19
20111001,1
20111004,1
20111005,2
20111007,8
20111008,1
20111010,5
20111011,8
20111012,13
20111013,10
20111014,8
20111015,1
20111017,9
20111018,30
20111019,16
20111020,14
20111021,14
20111022,1
20111023,3
20111024,23
20111025,27
20111026,27
20111027,17
20111028,15
20111029,2
20111030,1
20111031,13
20111101,54
20111102,45
20111103,68
20111104,52
20111105,11
20111106,6
20111107,44
20111108,51
20111109,51
20111110,45
20111111,37
20111112,8
20111113,3
20111114,29
20111115,40
20111116,43
20111117,33
20111118,25
20111119,6
20111120,2
20111121,43
20111122,27
20111123,20
20111124,9
20111125,25
20111126,4
20111127,3
20111128,11
20111129,32
20111130,21
20111201,21
20111202,19
20111203,6
20111204,3
20111205,22
20111206,22
20111207,20
20111208,32
20111209,24
20111210,6
20111211,1
20111212,29
20111213,37
20111214,35
20111215,49
20111216,37
20111217,3
20111218,2
20111219,26
20111220,29
20111221,38
20111222,26
20111223,17
20111224,3
20111226,2
20111227,11
20111228,19
20111229,7
20111230,7
20111231,2
20120101,1
20120103,29
20120104,20
20120105,35
20120106,40
20120107,6
20120108,3
20120109,47
20120110,51
20120111,27
20120112,41
20120113,52
20120114,12
20120115,1
20120116,7
20120117,59
20120118,48
20120119,85
20120120,65
20120121,10
20120122,3
20120123,46
20120124,66
20120125,65
20120126,69
20120127,58
20120128,11
20120129,1
20120130,45
20120131,74
20120201,51
20120202,72
20120203,64
20120204,10
20120205,6
20120206,44
20120207,53
20120208,83
20120209,71
20120210,62
20120211,13
20120212,2
20120213,36
20120214,54
20120215,59
20120216,63
20120217,46
20120218,7
20120219,5
20120220,12
20120221,53
20120222,54
20120223,49
20120224,53
20120225,12
20120226,5
20120227,38
20120228,44
20120229,60
20120301,27
20120302,19
20120303,2
20120304,1
20120305,22
20120306,21
20120307,22
20120308,34
20120309,41
20120310,2
20120311,8
20120312,43
20120313,36
20120314,29
20120315,41
20120316,25
20120317,4
20120318,5
20120319,33
20120320,39
20120321,39
20120322,29
20120323,25
20120325,14
20120326,26
20120327,26
20120328,24
20120329,41
20120330,31
20120331,3
20120401,6
20120402,35
20120403,34
20120404,37
20120405,31
20120406,22
20120407,3
20120408,9
20120409,39
20120410,45
20120411,41
20120412,37
20120413,51
20120414,1
20120415,11
20120416,48
20120417,61
20120418,66
20120419,83
20120420,53
20120421,3
20120422,9
20120423,61
20120424,75
20120425,63
20120426,91
20120427,71
20120428,6
20120429,15
20120430,45
20120501,64
20120502,46
20120503,70
20120504,55
20120505,3
20120506,8
20120507,41
20120508,48
20120509,41
20120510,85
20120511,31
20120512,1
20120513,18
20120514,35
20120515,46
20120516,41
20120517,39
20120518,36
20120519,2
20120520,7
20120521,39
20120522,35
20120523,48
20120524,37
20120525,24
20120526,2
20120527,6
20120528,10
20120529,31
20120530,21
20120531,28
20120601,19
20120602,3
20120603,9
20120604,25
20120605,25
20120606,29
20120607,23
20120608,23
20120609,2
20120610,6
20120611,20
20120612,33
20120613,31
20120614,31
20120615,20
20120617,6
20120618,32
20120619,34
20120620,37
20120621,27
20120622,14
20120623,1
20120624,6
20120625,24
20120626,30
20120627,41
20120628,41
20120629,41
20120630,2
20120701,6
20120702,23
20120703,26
20120704,14
20120705,28
20120706,19
20120707,1
20120708,6
20120709,48
20120710,34
20120711,38
20120712,44
20120713,48
20120714,2
20120715,7
20120716,42
20120717,69
20120718,70
20120719,76
20120720,39
20120721,2
20120722,9
20120723,58
20120724,67
20120725,87
20120726,105
20120727,66
20120728,1
20120729,11
20120730,43
20120731,71
20120801,46
20120802,60
20120803,62
20120804,5
20120805,13
20120806,41
20120807,60
20120808,53
20120809,55
20120810,32
20120811,1
20120812,7
20120813,53
20120814,67
20120815,51
20120816,53
20120817,39
20120818,2
20120819,4
20120820,31
20120821,47
20120822,45
20120823,32
20120824,25
20120825,1
20120826,6
20120827,33
20120828,28
20120829,31
20120830,32
20120831,23
20120901,2
20120902,1
20120903,8
20120904,25
20120905,33
20120906,25
20120907,26
20120908,1
20120909,6
20120910,41
20120911,27
20120912,25
20120913,26
20120914,27
20120915,3
20120916,3
20120917,24
20120918,44
20120919,21
20120920,43
20120921,34
20120922,3
20120923,4
20120924,35
20120925,31
20120926,29
20120927,33
20120928,24
20120930,6
20121001,29
20121002,40
20121003,39
20121004,24
20121005,33
20121007,7
20121008,40
20121009,52
20121010,36
20121011,33
20121012,50
20121014,10
20121015,44
20121016,61
20121017,63
20121018,89
20121019,60
20121020,1
20121021,9
20121022,84
20121023,94
20121024,76
20121025,87
20121026,65
20121028,12
20121029,49
20121030,48
20121031,60
20121101,64
20121102,43
20121103,1
20121104,7
20121105,45
20121106,42
20121107,47
20121108,55
20121109,41
20121111,12
20121112,36
20121113,46
20121114,51
20121115,36
20121116,31
20121118,9
20121119,26
20121120,40
20121121,39
20121122,10
20121123,11
20121125,8
20121126,20
20121127,31
20121128,32
20121129,43
20121130,25
20121201,1
20121202,8
20121203,22
20121204,31
20121205,28
20121206,25
20121207,26
20121208,1
20121209,8
20121210,20
20121211,26
20121212,23
20121213,25
20121214,30
20121215,2
20121216,5
20121217,29
20121218,25
20121219,36
20121220,51
20121221,27
20121222,1
20121223,5
20121224,5
20121225,4
20121226,18
20121227,11
20121228,12
20121229,2
20121230,9
20121231,8
20130101,14
20130102,15
20130103,26
20130104,20
20130105,1
20130106,12
20130107,32
20130108,40
20130109,45
20130110,33
20130111,40
20130112,1
20130113,9
20130114,46
20130115,39
20130116,49
20130117,59
20130118,55
20130120,8
20130121,17
20130122,54
20130123,74
20130124,78
20130125,55
20130126,1
20130127,11
20130128,57
20130129,62
20130130,58
20130131,71
20130201,44
20130202,2
20130203,16
20130204,41
20130205,47
20130206,53
20130207,77
20130208,43
20130209,2
20130210,7
20130211,26
20130212,46
20130213,57
20130214,68
20130215,40
20130217,6
20130218,17
20130219,45
20130220,56
20130221,50
20130222,40
20130224,12
20130225,33
20130226,50
20130227,48
20130228,59
20130301,43
20130302,1
20130303,8
20130304,32
20130305,41
20130306,27
20130307,39
20130308,28
20130310,5
20130311,36
20130312,23
20130313,42
20130314,29
20130315,23
20130316,2
20130317,4
20130318,19
20130319,22
20130320,52
20130321,50
20130322,34
20130324,11
20130325,27
20130326,39
20130327,40
20130328,41
20130329,16
20130331,9
20130401,16
20130402,24
20130403,36
20130404,22
20130405,22
20130407,9
20130408,34
20130409,48
20130410,35
20130411,37
20130412,53
20130413,1
20130414,8
20130415,30
20130416,55
20130417,50
20130418,92
20130419,49
20130421,12
20130422,67
20130423,81
20130424,85
20130425,81
20130426,52
20130427,3
20130428,12
20130429,49
20130430,66
20130501,67
20130502,53
20130503,42
20130504,3
20130505,13
20130506,38
20130507,59
20130508,77
20130509,58
20130510,39
20130511,1
20130512,19
20130513,31
20130514,37
20130515,48
20130516,49
20130517,35
20130518,5
20130519,8
20130520,53
20130521,57
20130522,50
20130523,50
20130524,31
20130525,2
20130526,3
20130527,17
20130528,34
20130529,37
20130530,26
20130531,20
20130601,2
20130602,7
20130603,27
20130604,22
20130605,29
20130606,20
20130607,15
20130608,2
20130609,6
20130610,26
20130611,31
20130612,31
20130613,22
20130614,24
20130615,1
20130616,9
20130617,21
20130618,5
20130619,43
20130620,33
20130621,34
20130622,3
20130623,9
20130624,26
20130625,43
20130626,38
20130627,41
20130628,46
20130629,3
20130630,12
20130701,30
20130702,32
20130703,26
20130704,16
20130705,30
20130706,2
20130707,18
20130708,41
20130709,39
20130710,24
20130711,41
20130712,64
20130713,2
20130714,9
20130715,58
20130716,65
20130717,64
20130718,91
20130719,65
20130720,2
20130721,15
20130722,64
20130723,73
20130724,74
20130725,101
20130726,53
20130727,4
20130728,13
20130729,74
20130730,90
20130731,84
20130801,90
20130802,54
20130803,4
20130804,13
20130805,50
20130806,61
20130807,69
20130808,82
20130809,41
20130810,4
20130811,10
20130812,43
20130813,40
20130814,52
20130815,49
20130816,31
20130817,3
20130818,6
20130819,30
20130820,50
20130821,43
20130822,46
20130823,25
20130825,11
20130826,28
20130827,57
20130828,34
20130829,42
20130830,32
20130831,2
20130901,2
20130902,16
20130903,24
20130904,33
20130905,22
20130906,29
20130908,8
20130909,31
20130910,31
20130911,35
20130912,28
20130913,13
20130914,2
20130915,8
20130916,41
20130917,44
20130918,39
20130919,33
20130920,33
20130921,2
20130922,10
20130923,27
20130924,32
20130925,32
20130926,50
20130927,31
20130928,1
20130929,9
20130930,30
20131001,41
20131002,35
20131003,30
20131004,40
20131005,1
20131006,10
20131007,31
20131008,35
20131009,40
20131010,32
20131011,36
20131012,1
20131013,10
20131014,32
20131015,60
20131016,70
20131017,90
20131018,56
20131019,2
20131020,16
20131021,58
20131022,63
20131023,63
20131024,95
20131025,63
20131026,2
20131027,16
20131028,66
20131029,101
20131030,91
20131031,82
20131101,63
20131103,22
20131104,38
20131105,66
20131106,80
20131107,61
20131108,43
20131109,2
20131110,18
20131111,42
20131112,53
20131113,51
20131114,66
20131115,33
20131116,1
20131117,10
20131118,37
20131119,48
20131120,39
20131121,43
20131122,23
20131123,5
20131124,7
20131125,19
20131126,44
20131127,28
20131128,12
20131129,10
20131130,4
20131201,6
20131202,22
20131203,31
20131204,40
20131205,49
20131206,40
20131207,3
20131208,9
20131209,25
20131210,41
20131211,31
20131212,46
20131213,29
20131214,1
20131215,13
20131216,49
20131217,40
20131218,41
20131219,44
20131220,42
20131221,1
20131222,7
20131223,20
20131224,12
20131225,6
20131226,10
20131227,8
20131228,1
20131229,7
20131230,16
20131231,13
20140101,10
20140102,31
20140103,35
20140104,3
20140105,17
20140106,37
20140107,45
20140108,50
20140109,64
20140110,42
20140111,2
20140112,7
20140113,59
20140114,57
20140115,53
20140116,71
20140117,65
20140118,5
20140119,7
20140120,30
20140121,70
20140122,79
20140123,72
20140124,61
20140125,2
20140126,12
20140127,71
20140128,76
20140129,80
20140130,124
20140131,67
20140201,2
20140202,11
20140203,55
20140204,79
20140205,77
20140206,101
20140207,54
20140208,1
20140209,11
20140210,64
20140211,78
20140212,76
20140213,88
20140214,45
20140215,1
20140216,3
20140217,26
20140218,68
20140219,65
20140220,79
20140221,47
20140223,8
20140224,55
20140225,71
20140226,81
20140227,89
20140228,40
20140301,6
20140302,9
20140303,35
20140304,53
20140305,50
20140306,43
20140307,35
20140308,3
20140309,10
20140310,38
20140311,33
20140312,42
20140313,40
20140314,34
20140315,3
20140316,5
20140317,35
20140318,46
20140319,43
20140320,52
20140321,45
20140322,1
20140323,9
20140324,32
20140325,53
20140326,42
20140327,39
20140328,39
20140329,2
20140330,10
20140331,36
20140401,32
20140402,42
20140403,30
20140404,44
20140405,2
20140406,14
20140407,44
20140408,48
20140409,36
20140410,44
20140411,52
20140412,3
20140413,14
20140414,57
20140415,67
20140416,99
20140417,85
20140418,23
20140420,13
20140421,54
20140422,83
20140423,91
20140424,141
20140425,67
20140426,1
20140427,13
20140428,71
20140429,118
20140430,98
20140501,88
20140502,62
20140503,2
20140504,19
20140505,60
20140506,74
20140507,93
20140508,93
20140509,44
20140510,2
20140511,7
20140512,50
20140513,47
20140514,66
20140515,55
20140516,33
20140517,2
20140518,12
20140519,34
20140520,61
20140521,49
20140522,54
20140523,33
20140525,2
20140526,11
20140527,35
20140528,42
20140529,46
20140530,22
20140531,1
20140601,10
20140602,38
20140603,32
20140604,36
20140605,38
20140606,33
20140607,1
20140608,12
20140609,32
20140610,32
20140611,36
20140612,36
20140613,32
20140614,4
20140615,9
20140616,42
20140617,30
20140618,36
20140619,43
20140620,29
20140621,2
20140622,6
20140623,27
20140624,32
20140625,34
20140626,47
20140627,34
20140629,6
20140630,31
20140701,31
20140702,23
20140703,27
20140704,17
20140706,10
20140707,37
20140708,55
20140709,40
20140710,37
20140711,29
20140712,1
20140713,13
20140714,67
20140715,62
20140716,79
20140717,74
20140718,39
20140719,3
20140720,11
20140721,56
20140722,89
20140723,79
20140724,115
20140725,58
20140726,1
20140727,9
20140728,53
20140729,108
20140730,104
20140731,140
20140801,68
20140802,1
20140803,10
20140804,46
20140805,76
20140806,84
20140807,82
20140808,49
20140809,1
20140810,9
20140811,50
20140812,58
20140813,165
20140814,46
20140815,28
20140816,3
20140817,13
20140818,41
20140819,56
20140820,62
20140821,58
20140822,36
20140823,3
20140824,8
20140825,35
20140826,42
20140827,43
20140828,62
20140829,33
20140830,3
20140831,4
20140901,15
20140902,39
20140903,51
20140904,40
20140905,29
20140906,3
20140907,11
20140908,45
20140909,37
20140910,31
20140911,48
20140912,21
20140913,3
20140914,11
20140915,34
20140916,46
20140917,41
20140918,42
20140919,23
20140920,2
20140921,8
20140922,34
20140923,45
20140924,42
20140925,30
20140926,21
20140927,7
20140928,8
20140929,35
20140930,38
20141001,23
20141002,33
20141003,28
20141004,2
20141005,15
20141006,44
20141007,47
20141008,37
20141009,44
20141010,40
20141011,5
20141012,10
20141013,30
20141014,75
20141015,54
20141016,75
20141017,45
20141018,4
20141019,16
20141020,75
20141021,80
20141022,81
20141023,115
20141024,56
20141025,2
20141026,13
20141027,51
20141028,118
20141029,121
20141030,133
20141031,73
20141101,3
20141102,12
20141103,61
20141104,110
20141105,71
20141106,101
20141107,60
20141108,3
20141109,12
20141110,44
20141111,39
20141112,61
20141113,67
20141114,40
20141115,5
20141116,11
20141117,34
20141118,48
20141119,48
20141120,52
20141121,28
20141122,1
20141123,14
20141124,26
20141125,48
20141126,23
20141127,11
20141128,16
20141129,5
20141130,10
20141201,19
20141202,23
20141203,35
20141204,47
20141205,32
20141206,2
20141207,12
20141208,40
20141209,44
20141210,50
20141211,38
20141212,16
20141213,1
20141214,16
20141215,36
20141216,41
20141217,39
20141218,43
20141219,35
20141220,4
20141221,13
20141222,23
20141223,23
20141224,8
20141225,4
20141226,7
20141227,1
20141228,8
20141229,14
20141230,25
20141231,14
20150101,11
20150102,21
20150103,3
20150104,3
20150105,23
20150106,27
20150107,38
20150108,37
20150109,43
20150110,1
20150111,18
20150112,54
20150113,54
20150114,46
20150115,61
20150116,47
20150117,3
20150118,4
20150119,26
20150120,67
20150121,65
20150122,69
20150123,56
20150124,2
20150125,14
20150126,57
20150127,99
20150128,97
20150129,124
20150130,63
20150131,3
20150201,16
20150202,73
20150203,83
20150204,76
20150205,117
20150206,60
20150207,5
20150208,19
20150209,45
20150210,65
20150211,81
20150212,89
20150213,48
20150214,2
20150215,5
20150216,19
20150217,54
20150218,52
20150219,64
20150220,37
20150222,16
20150223,45
20150224,74
20150225,76
20150226,82
20150227,53
20150228,7
20150301,11
20150302,45
20150303,59
20150304,58
20150305,49
20150306,32
20150307,1
20150308,15
20150309,36
20150310,50
20150311,42
20150312,57
20150313,43
20150315,10
20150316,37
20150317,38
20150318,48
20150319,33
20150320,31
20150321,1
20150322,13
20150323,25
20150324,33
20150325,42
20150326,46
20150327,38
20150328,2
20150329,9
20150330,32
20150331,40
20150401,35
20150402,38
20150403,19
20150405,12
20150406,29
20150407,38
20150408,48
20150409,38
20150410,24
20150411,1
20150412,14
20150413,39
20150414,76
20150415,56
20150416,62
20150417,50
20150418,2
20150419,18
20150420,67
20150421,86
20150422,87
20150423,113
20150424,56
20150426,11
20150427,58
20150428,128
20150429,111
20150430,125
