20050102,2
20050103,32
20050104,22
20050105,19
20050106,21
20050107,22
20050108,1
20050109,7
20050110,20
20050111,30
20050112,25
20050113,23
20050114,17
20050116,3
20050117,16
20050118,22
20050119,26
20050120,20
20050121,21
20050122,1
20050123,2
20050124,20
20050125,19
20050126,23
20050127,19
20050128,25
20050130,2
20050131,18
20050201,15
20050202,24
20050203,18
20050204,27
20050206,4
20050207,13
20050208,23
20050209,15
20050210,14
20050211,14
20050214,17
20050215,17
20050216,26
20050217,27
20050218,29
20050219,1
20050220,1
20050221,13
20050222,20
20050223,24
20050224,12
20050225,29
20050227,1
20050228,32
20050301,22
20050302,25
20050303,23
20050304,30
20050306,2
20050307,25
20050308,20
20050309,24
20050310,19
20050311,23
20050312,1
20050313,1
20050314,19
20050315,22
20050316,37
20050317,32
20050318,20
20050320,1
20050321,21
20050322,25
20050323,31
20050324,17
20050325,15
20050327,1
20050328,15
20050329,14
20050330,23
20050331,19
20050401,23
20050403,6
20050404,23
20050405,22
20050406,25
20050407,32
20050408,21
20050410,1
20050411,19
20050412,18
20050413,27
20050414,27
20050415,22
20050417,1
20050418,26
20050419,23
20050420,24
20050421,26
20050422,28
20050423,1
20050424,3
20050425,20
20050426,21
20050427,23
20050428,28
20050429,28
20050430,1
20050501,3
20050502,29
20050503,23
20050504,36
20050505,21
20050506,22
20050508,2
20050509,25
20050510,21
20050511,21
20050512,23
20050513,21
20050514,1
20050515,1
20050516,26
20050517,27
20050518,28
20050519,30
20050520,29
20050521,1
20050522,3
20050523,33
20050524,20
20050525,31
20050526,26
20050527,23
20050529,4
20050530,12
20050531,29
20050601,26
20050602,26
20050603,19
20050604,1
20050605,3
20050606,24
20050607,21
20050608,27
20050609,32
20050610,21
20050611,1
20050612,2
20050613,27
20050614,24
20050615,27
20050616,38
20050617,22
20050619,1
20050620,21
20050621,20
20050622,22
20050623,20
20050624,25
20050626,4
20050627,15
20050628,17
20050629,31
20050630,30
20050701,33
20050703,4
20050704,9
20050705,20
20050706,26
20050707,34
20050708,28
20050710,2
20050711,15
20050712,19
20050713,19
20050714,27
20050715,17
20050716,1
20050717,3
20050718,23
20050719,21
20050720,24
20050721,28
20050722,27
20050723,2
20050724,2
20050725,26
20050726,21
20050727,19
20050728,29
20050729,21
20050731,4
20050801,20
20050802,23
20050803,15
20050804,21
20050805,15
20050807,3
20050808,17
20050809,39
20050810,23
20050811,20
20050812,24
20050814,2
20050815,21
20050816,24
20050817,29
20050818,18
20050819,18
20050820,1
20050822,10
20050823,23
20050824,25
20050825,24
20050826,26
20050827,1
20050828,3
20050829,29
20050830,24
20050831,30
20050901,47
20050902,31
20050903,6
20050904,5
20050905,8
20050906,31
20050907,33
20050908,36
20050909,35
20050910,2
20050911,3
20050912,22
20050913,34
20050914,27
20050915,31
20050916,27
20050917,8
20050918,1
20050919,29
20050920,29
20050921,38
20050922,25
20050923,24
20050924,11
20050925,3
20050926,33
20050927,27
20050928,26
20050929,23
20050930,25
20051001,5
20051002,1
20051003,25
20051004,29
20051005,30
20051006,28
20051007,25
20051008,10
20051009,1
20051010,24
20051011,26
20051012,30
20051013,21
20051014,22
20051015,12
20051016,3
20051017,32
20051018,19
20051019,21
20051020,24
20051021,28
20051022,8
20051023,4
20051024,27
20051025,29
20051026,22
20051027,26
20051028,19
20051029,13
20051030,3
20051031,31
20051101,26
20051102,27
20051103,20
20051104,30
20051105,11
20051106,2
20051107,23
20051108,23
20051109,28
20051110,21
20051111,21
20051112,12
20051113,3
20051114,22
20051115,29
20051116,26
20051117,33
20051118,23
20051119,13
20051120,3
20051121,25
20051122,24
20051123,19
20051124,8
20051125,16
20051126,12
20051127,2
20051128,25
20051129,28
20051130,37
20051201,36
20051202,30
20051203,14
20051204,1
20051205,16
20051206,32
20051207,26
20051208,21
20051209,24
20051210,15
20051211,1
20051212,28
20051213,24
20051214,29
20051215,21
20051216,28
20051217,15
20051218,4
20051219,23
20051220,23
20051221,27
20051222,23
20051223,25
20051224,8
20051225,3
20051226,3
20051227,17
20051228,24
20051229,22
20051230,17
20051231,13
20060101,3
20060103,33
20060104,26
20060105,22
20060106,17
20060107,11
20060108,3
20060109,15
20060110,29
20060111,27
20060112,28
20060113,25
20060114,6
20060115,4
20060116,18
20060117,20
20060118,29
20060119,25
20060120,26
20060121,17
20060122,4
20060123,17
20060124,21
20060125,27
20060126,24
20060127,30
20060128,13
20060129,4
20060130,20
20060131,26
20060201,19
20060202,22
20060203,25
20060204,9
20060205,2
20060206,24
20060207,24
20060208,19
20060209,26
20060210,27
20060211,14
20060212,3
20060213,24
20060214,25
20060215,31
20060216,31
20060217,28
20060218,6
20060220,10
20060221,21
20060222,32
20060223,29
20060224,30
20060225,13
20060226,1
20060227,22
20060228,23
20060301,34
20060302,29
20060303,24
20060304,12
20060305,2
20060306,14
20060307,24
20060308,22
20060309,25
20060310,31
20060311,18
20060312,3
20060313,16
20060314,21
20060315,31
20060316,31
20060317,25
20060318,11
20060319,1
20060320,23
20060321,25
20060322,28
20060323,20
20060324,28
20060325,11
20060326,1
20060327,23
20060328,29
20060329,27
20060330,26
20060331,33
20060401,10
20060403,26
20060404,31
20060405,24
20060406,26
20060407,28
20060408,8
20060409,2
20060410,28
20060411,24
20060412,21
20060413,22
20060414,17
20060415,11
20060416,2
20060417,22
20060418,29
20060419,27
20060420,29
20060421,23
20060422,13
20060423,1
20060424,21
20060425,23
20060426,27
20060427,37
20060428,33
20060429,16
20060430,5
20060501,26
20060502,33
20060503,39
20060504,13
20060505,30
20060506,10
20060507,1
20060508,24
20060509,21
20060510,35
20060511,32
20060512,31
20060513,11
20060514,1
20060515,20
20060516,33
20060517,29
20060518,28
20060519,33
20060520,9
20060521,1
20060522,26
20060523,31
20060524,35
20060525,26
20060526,25
20060527,10
20060528,2
20060529,6
20060530,32
20060531,29
20060601,31
20060602,33
20060603,10
20060604,1
20060605,25
20060606,26
20060607,25
20060608,20
20060609,40
20060610,9
20060611,1
20060612,17
20060613,30
20060614,26
20060615,29
20060616,22
20060617,7
20060618,1
20060619,26
20060620,21
20060621,30
20060622,25
20060623,28
20060624,10
20060625,1
20060626,21
20060627,25
20060628,24
20060629,26
20060630,25
20060701,11
20060702,3
20060703,28
20060704,13
20060705,27
20060706,29
20060707,40
20060708,12
20060710,30
20060711,35
20060712,20
20060713,31
20060714,27
20060715,15
20060716,3
20060717,29
20060718,24
20060719,39
20060720,29
20060721,30
20060722,13
20060723,3
20060724,23
20060725,18
20060726,34
20060727,25
20060728,27
20060729,16
20060730,2
20060731,19
20060801,24
20060802,35
20060803,29
20060804,25
20060805,15
20060806,2
20060807,26
20060808,20
20060809,33
20060810,33
20060811,39
20060812,15
20060814,18
20060815,21
20060816,22
20060817,23
20060818,25
20060819,11
20060820,5
20060821,25
20060822,26
20060823,28
20060824,27
20060825,21
20060826,15
20060827,1
20060828,28
20060829,25
20060830,33
20060831,23
20060901,35
20060902,13
20060903,2
20060904,8
20060905,27
20060906,26
20060907,27
20060908,25
20060909,7
20060910,2
20060911,34
20060912,35
20060913,36
20060914,27
20060915,32
20060916,13
20060917,1
20060918,26
20060919,28
20060920,36
20060921,26
20060922,31
20060923,14
20060925,31
20060926,27
20060927,34
20060928,25
20060929,23
20060930,12
20061001,3
20061002,35
20061003,34
20061004,37
20061005,22
20061006,34
20061007,17
20061008,1
20061009,29
20061010,21
20061011,26
20061012,25
20061013,33
20061014,14
20061015,3
20061016,32
20061017,24
20061018,26
20061019,20
20061020,26
20061021,12
20061022,2
20061023,18
20061024,21
20061025,38
20061026,34
20061027,30
20061028,18
20061029,2
20061030,22
20061031,24
20061101,29
20061102,34
20061103,31
20061104,15
20061105,1
20061106,26
20061107,21
20061108,29
20061109,18
20061110,19
20061111,14
20061112,2
20061113,20
20061114,26
20061115,30
20061116,22
20061117,35
20061118,14
20061119,1
20061120,20
20061121,26
20061122,28
20061123,7
20061124,21
20061125,8
20061127,17
20061128,25
20061129,26
20061130,27
20061201,20
20061202,14
20061203,1
20061204,27
20061205,23
20061206,28
20061207,20
20061208,27
20061209,14
20061210,2
20061211,20
20061212,32
20061213,27
20061214,22
20061215,37
20061216,15
20061217,3
20061218,16
20061219,27
20061220,27
20061221,23
20061222,23
20061223,9
20061224,2
20061225,1
20061226,15
20061227,19
20061228,21
20061229,21
20061230,13
20061231,2
20070101,4
20070102,36
20070103,33
20070104,27
20070105,26
20070106,11
20070107,4
20070108,22
20070109,21
20070110,37
20070111,32
20070112,34
20070113,14
20070114,1
20070115,8
20070116,26
20070117,30
20070118,28
20070119,30
20070120,6
20070121,2
20070122,28
20070123,34
20070124,34
20070125,34
20070126,33
20070127,12
20070128,1
20070129,24
20070130,20
20070131,39
20070201,31
20070202,26
20070203,14
20070204,2
20070205,29
20070206,26
20070207,26
20070208,20
20070209,21
20070210,10
20070211,1
20070212,33
20070213,17
20070214,31
20070215,27
20070216,24
20070217,14
20070218,1
20070219,2
20070220,16
20070221,22
20070222,20
20070223,15
20070224,9
20070225,1
20070226,23
20070227,23
20070228,31
20070301,33
20070302,33
20070303,15
20070304,3
20070305,26
20070306,24
20070307,25
20070308,20
20070309,31
20070310,14
20070311,1
20070312,29
20070313,24
20070314,27
20070315,23
20070316,27
20070317,12
20070318,1
20070319,23
20070320,17
20070321,25
20070322,23
20070323,19
20070324,12
20070325,3
20070326,18
20070327,20
20070328,37
20070329,24
20070330,24
20070331,18
20070401,2
20070402,33
20070403,29
20070404,24
20070405,23
20070406,14
20070407,8
20070408,2
20070409,18
20070410,15
20070411,17
20070412,22
20070413,26
20070414,10
20070415,1
20070416,23
20070417,21
20070418,27
20070419,24
20070420,34
20070421,13
20070422,1
20070423,23
20070424,25
20070425,27
20070426,23
20070427,26
20070428,17
20070429,1
20070430,30
20070501,20
20070502,22
20070503,23
20070504,20
20070505,19
20070506,1
20070507,26
20070508,18
20070509,33
20070510,29
20070511,33
20070512,13
20070513,1
20070514,23
20070515,34
20070516,32
20070517,26
20070518,32
20070519,16
20070520,2
20070521,22
20070522,29
20070523,24
20070524,27
20070525,27
20070526,5
20070529,26
20070530,25
20070531,38
20070601,35
20070602,11
20070603,2
20070604,28
20070605,37
20070606,29
20070607,30
20070608,24
20070609,13
20070610,4
20070611,38
20070612,16
20070613,36
20070614,26
20070615,28
20070616,9
20070617,2
20070618,19
20070619,21
20070620,32
20070621,27
20070622,22
20070623,13
20070624,2
20070625,23
20070626,29
20070627,33
20070628,27
20070629,24
20070630,7
20070702,26
20070703,17
20070704,9
20070705,19
20070706,30
20070707,9
20070708,2
20070709,25
20070710,21
20070711,34
20070712,33
20070713,24
20070714,12
20070715,2
20070716,20
20070717,24
20070718,35
20070719,38
20070720,26
20070721,13
20070722,2
20070723,26
20070724,22
20070725,31
20070726,44
20070727,32
20070728,10
20070729,6
20070730,26
20070731,18
20070801,28
20070802,24
20070803,33
20070804,11
20070805,2
20070806,33
20070807,32
20070808,31
20070809,41
20070810,31
20070811,10
20070812,2
20070813,25
20070814,27
20070815,26
20070816,27
20070817,38
20070818,8
20070819,3
20070820,32
20070821,25
20070822,28
20070823,34
20070824,29
20070825,8
20070826,7
20070827,28
20070828,33
20070829,26
20070830,30
20070831,36
20070901,12
20070902,2
20070903,11
20070904,30
20070905,41
20070906,39
20070907,38
20070908,16
20070909,6
20070910,33
20070911,30
20070912,42
20070913,43
20070914,27
20070915,18
20070916,2
20070917,28
20070918,35
20070919,46
20070920,36
20070921,31
20070922,11
20070923,6
20070924,25
20070925,36
20070926,30
20070927,30
20070928,25
20070929,12
20070930,4
20071001,37
20071002,34
20071003,34
20071004,27
20071005,39
20071006,14
20071007,7
20071008,29
20071009,26
20071010,29
20071011,28
20071012,27
20071013,11
20071014,3
20071015,31
20071016,27
20071017,38
20071018,26
20071019,32
20071020,16
20071021,2
20071022,29
20071023,37
20071024,40
20071025,40
20071026,35
20071027,8
20071028,1
20071029,37
20071030,23
20071031,37
20071101,38
20071102,22
20071103,6
20071104,2
20071105,30
20071106,29
20071107,24
20071108,40
20071109,50
20071110,8
20071111,1
20071112,29
20071113,26
20071114,47
20071115,32
20071116,36
20071117,17
20071118,4
20071119,33
20071120,34
20071121,38
20071122,10
20071123,26
20071124,6
20071125,2
20071126,33
20071127,27
20071128,38
20071129,32
20071130,41
20071201,6
20071202,4
20071203,38
20071204,37
20071205,46
20071206,36
20071207,43
20071208,14
20071209,5
20071210,33
20071211,43
20071212,43
20071213,44
20071214,42
20071215,18
20071216,3
20071217,38
20071218,43
20071219,40
20071220,44
20071221,46
20071222,17
20071223,2
20071224,18
20071225,1
20071226,23
20071227,35
20071228,42
20071229,15
20071230,3
20071231,34
20080101,1
20080102,62
20080103,59
20080104,46
20080105,17
20080106,2
20080107,40
20080108,36
20080109,47
20080110,48
20080111,61
20080112,22
20080113,9
20080114,43
20080115,55
20080116,56
20080117,58
20080118,58
20080119,24
20080120,7
20080121,12
20080122,69
20080123,75
20080124,69
20080125,57
20080126,27
20080127,3
20080128,63
20080129,71
20080130,66
20080131,64
20080201,57
20080202,17
20080203,2
20080204,40
20080205,49
20080206,54
20080207,51
20080208,41
20080209,11
20080210,4
20080211,39
20080212,33
20080213,47
20080214,46
20080215,43
20080216,16
20080217,1
20080218,8
20080219,43
20080220,42
20080221,34
20080222,43
20080223,15
20080224,2
20080225,38
20080226,40
20080227,53
20080228,53
20080229,47
20080301,18
20080302,2
20080303,52
20080304,46
20080305,54
20080306,47
20080307,47
20080308,10
20080309,3
20080310,46
20080311,42
20080312,37
20080313,51
20080314,38
20080315,19
20080316,7
20080317,42
20080318,38
20080319,53
20080320,40
20080321,23
20080322,20
20080323,3
20080324,41
20080325,44
20080326,40
20080327,47
20080328,48
20080329,20
20080330,3
20080331,44
20080401,44
20080402,55
20080403,57
20080404,54
20080405,17
20080406,3
20080407,35
20080408,40
20080409,65
20080410,60
20080411,54
20080412,26
20080413,4
20080414,46
20080415,44
20080416,59
20080417,51
20080418,49
20080419,21
20080420,4
20080421,50
20080422,43
20080423,49
20080424,58
20080425,50
20080426,20
20080427,8
20080428,43
20080429,42
20080430,56
20080501,50
20080502,54
20080503,25
20080504,5
20080505,37
20080506,40
20080507,55
20080508,49
20080509,38
20080510,11
20080511,1
20080512,31
20080513,54
20080514,48
20080515,36
20080516,40
20080517,17
20080518,2
20080519,54
20080520,36
20080521,37
20080522,32
20080523,45
20080524,8
20080525,3
20080526,12
20080527,27
20080528,51
20080529,42
20080530,42
20080531,21
20080601,2
20080602,38
20080603,44
20080604,42
20080605,42
20080606,44
20080607,12
20080608,3
20080609,38
20080610,38
20080611,51
20080612,44
20080613,42
20080614,14
20080615,3
20080616,39
20080617,42
20080618,38
20080619,43
20080620,49
20080621,16
20080622,5
20080623,30
20080624,41
20080625,51
20080626,53
20080627,37
20080628,14
20080629,3
20080630,39
20080701,38
20080702,55
20080703,55
20080704,16
20080705,20
20080706,2
20080707,48
20080708,50
20080709,38
20080710,41
20080711,52
20080712,17
20080713,3
20080714,41
20080715,48
20080716,63
20080717,55
20080718,52
20080719,16
20080720,4
20080721,36
20080722,44
20080723,64
20080724,54
20080725,56
20080726,15
20080727,5
20080728,50
20080729,39
20080730,53
20080731,52
20080801,48
20080802,16
20080803,3
20080804,33
20080805,51
20080806,58
20080807,41
20080808,48
20080809,14
20080810,7
20080811,40
20080812,43
20080813,40
20080814,65
20080815,43
20080816,12
20080817,3
20080818,28
20080819,44
20080820,48
20080821,52
20080822,49
20080823,26
20080824,6
20080825,41
20080826,37
20080827,65
20080828,39
20080829,42
20080830,23
20080831,3
20080901,22
20080902,41
20080903,54
20080904,47
20080905,48
20080906,24
20080907,9
20080908,52
20080909,36
20080910,44
20080911,38
20080912,50
20080913,20
20080914,5
20080915,47
20080916,61
20080917,69
20080918,63
20080919,60
20080920,19
20080921,8
20080922,52
20080923,53
20080924,53
20080925,55
20080926,57
20080927,24
20080928,8
20080929,53
20080930,61
20081001,60
20081002,71
20081003,54
20081004,24
20081005,7
20081006,54
20081007,72
20081008,68
20081009,61
20081010,69
20081011,34
20081012,7
20081013,58
20081014,58
20081015,84
20081016,72
20081017,58
20081018,29
20081019,8
20081020,47
20081021,71
20081022,66
20081023,69
20081024,59
20081025,28
20081026,9
20081027,44
20081028,74
20081029,75
20081030,74
20081031,69
20081101,34
20081102,8
20081103,57
20081104,73
20081105,83
20081106,60
20081107,73
20081108,33
20081109,7
20081110,50
20081111,60
20081112,68
20081113,60
20081114,58
20081115,31
20081116,7
20081117,70
20081118,69
20081119,62
20081120,85
20081121,52
20081122,27
20081123,9
20081124,59
20081125,65
20081126,75
20081127,16
20081128,52
20081129,18
20081130,7
20081201,56
20081202,70
20081203,68
20081204,68
20081205,75
20081206,30
20081207,5
20081208,57
20081209,60
20081210,56
20081211,60
20081212,55
20081213,21
20081214,5
20081215,61
20081216,65
20081217,64
20081218,63
20081219,51
20081220,25
20081221,9
20081222,37
20081223,48
20081224,41
20081225,4
20081226,30
20081227,15
20081228,5
20081229,37
20081230,38
20081231,53
20090101,2
20090102,49
20090103,21
20090104,6
20090105,51
20090106,55
20090107,59
20090108,64
20090109,62
20090110,18
20090111,9
20090112,55
20090113,70
20090114,72
20090115,68
20090116,67
20090117,19
20090118,4
20090119,9
20090120,67
20090121,63
20090122,69
20090123,66
20090124,17
20090125,4
20090126,30
20090127,52
20090128,80
20090129,69
20090130,77
20090131,30
20090201,10
20090202,57
20090203,52
20090204,58
20090205,61
20090206,55
20090207,30
20090208,7
20090209,54
20090210,71
20090211,73
20090212,68
20090213,61
20090214,25
20090215,6
20090216,24
20090217,65
20090218,68
20090219,61
20090220,55
20090221,21
20090222,8
20090223,46
20090224,79
20090225,65
20090226,66
20090227,65
20090228,26
20090301,5
20090302,47
20090303,62
20090304,72
20090305,55
20090306,57
20090307,28
20090308,9
20090309,68
20090310,55
20090311,58
20090312,53
20090313,54
20090314,23
20090315,5
20090316,42
20090317,56
20090318,45
20090319,63
20090320,51
20090321,18
20090322,8
20090323,41
20090324,54
20090325,53
20090326,50
20090327,48
20090328,19
20090329,4
20090330,59
20090331,62
20090401,63
20090402,60
20090403,83
20090404,22
20090405,2
20090406,52
20090407,53
20090408,62
20090409,71
20090410,44
20090411,18
20090412,9
20090413,43
20090414,62
20090415,70
20090416,60
20090417,55
20090418,16
20090419,5
20090420,37
20090421,51
20090422,74
20090423,73
20090424,54
20090425,22
20090426,2
20090427,43
20090428,51
20090429,65
20090430,60
20090501,38
20090502,17
20090503,11
20090504,53
20090505,54
20090506,65
20090507,60
20090508,61
20090509,25
20090510,3
20090511,57
20090512,47
20090513,62
20090514,55
20090515,40
20090516,19
20090517,9
20090518,44
20090519,50
20090520,58
20090521,48
20090522,51
20090523,21
20090524,2
20090525,12
20090526,60
20090527,58
20090528,60
20090529,54
20090530,19
20090531,8
20090601,43
20090602,55
20090603,54
20090604,52
20090605,53
20090606,25
20090607,2
20090608,39
20090609,45
20090610,48
20090611,59
20090612,63
20090613,23
20090614,1
20090615,50
20090616,52
20090617,49
20090618,54
20090619,56
20090620,14
20090621,3
20090622,37
20090623,37
20090624,48
20090625,49
20090626,48
20090627,17
20090628,5
20090629,36
20090630,44
20090701,58
20090702,49
20090703,31
20090704,3
20090705,2
20090706,38
20090707,46
20090708,42
20090709,34
20090710,51
20090711,20
20090712,6
20090713,56
20090714,37
20090715,44
20090716,64
20090717,53
20090718,12
20090719,1
20090720,45
20090721,43
20090722,56
20090723,53
20090724,46
20090725,16
20090726,7
20090727,40
20090728,55
20090729,49
20090730,36
20090731,41
20090801,21
20090802,9
20090803,31
20090804,47
20090805,45
20090806,49
20090807,41
20090808,17
20090809,6
20090810,48
20090811,42
20090812,48
20090813,64
20090814,50
20090815,17
20090816,6
20090817,37
20090818,53
20090819,42
20090820,53
20090821,48
20090822,16
20090823,7
20090824,38
20090825,48
20090826,48
20090827,42
20090828,45
20090829,16
20090830,9
20090831,42
20090901,52
20090902,46
20090903,51
20090904,50
20090905,21
20090906,4
20090907,19
20090908,41
20090909,47
20090910,40
20090911,49
20090912,14
20090913,7
20090914,42
20090915,45
20090916,53
20090917,60
20090918,42
20090919,18
20090920,2
20090921,36
20090922,44
20090923,55
20090924,46
20090925,67
20090926,14
20090927,9
20090928,51
20090929,46
20090930,62
20091001,50
20091002,44
20091003,16
20091004,13
20091005,46
20091006,41
20091007,55
20091008,44
20091009,36
20091010,14
20091011,11
20091012,41
20091013,38
20091014,47
20091015,57
20091016,41
20091017,13
20091018,4
20091019,57
20091020,46
20091021,53
20091022,63
20091023,59
20091024,21
20091025,8
20091026,60
20091027,38
20091028,58
20091029,67
20091030,58
20091031,18
20091101,9
20091102,46
20091103,62
20091104,63
20091105,72
20091106,59
20091107,12
20091108,10
20091109,48
20091110,64
20091111,63
20091112,54
20091113,61
20091114,15
20091115,12
20091116,51
20091117,57
20091118,62
20091119,60
20091120,47
20091121,8
20091122,11
20091123,61
20091124,42
20091125,53
20091126,25
20091127,57
20091128,11
20091129,11
20091130,63
20091201,57
20091202,60
20091203,63
20091204,72
20091205,20
20091206,8
20091207,54
20091208,65
20091209,65
20091210,50
20091211,63
20091212,11
20091213,9
20091214,45
20091215,58
20091216,58
20091217,47
20091218,53
20091219,14
20091220,10
20091221,49
20091222,49
20091223,41
20091224,33
20091225,2
20091226,15
20091227,9
20091228,41
20091229,32
20091230,33
20091231,35
20100101,6
20100102,14
20100103,18
20100104,54
20100105,35
20100106,44
20100107,70
20100108,69
20100109,15
20100110,8
20100111,51
20100112,63
20100113,77
20100114,61
20100115,55
20100116,12
20100117,13
20100118,37
20100119,66
20100120,72
20100121,69
20100122,57
20100123,15
20100124,20
20100125,56
20100126,60
20100127,103
20100128,58
20100129,61
20100130,19
20100131,19
20100201,58
20100202,42
20100203,66
20100204,58
20100205,52
20100206,18
20100207,19
20100208,48
20100209,46
20100210,57
20100211,60
20100212,46
20100213,14
20100214,4
20100215,25
20100216,44
20100217,57
20100218,55
20100219,55
20100220,14
20100221,15
20100222,40
20100223,69
20100224,76
20100225,62
20100226,68
20100227,26
20100228,15
20100301,57
20100302,64
20100303,48
20100304,50
20100305,61
20100306,10
20100307,7
20100308,53
20100309,53
20100310,55
20100311,50
20100312,39
20100313,19
20100314,11
20100315,61
20100316,53
20100317,57
20100318,45
20100319,45
20100320,23
20100321,11
20100322,58
20100323,43
20100324,41
20100325,41
20100326,37
20100327,14
20100328,13
20100329,44
20100330,48
20100331,35
20100401,56
20100402,26
20100403,16
20100404,5
20100405,34
20100406,47
20100407,45
20100408,42
20100409,37
20100410,17
20100411,18
20100412,33
20100413,40
20100414,45
20100415,53
20100416,33
20100417,27
20100418,13
20100419,33
20100420,29
20100421,42
20100422,41
20100423,48
20100424,22
20100425,10
20100426,49
20100427,50
20100428,57
20100429,63
20100430,53
20100501,22
20100502,18
20100503,46
20100504,39
20100505,48
20100506,53
20100507,44
20100508,35
20100509,14
20100510,51
20100511,48
20100512,38
20100513,46
20100514,35
20100515,28
20100516,12
20100517,44
20100518,37
20100519,37
20100520,49
20100521,42
20100522,23
20100523,13
20100524,43
20100525,57
20100526,44
20100527,36
20100528,46
20100529,16
20100530,6
20100531,23
20100601,38
20100602,51
20100603,43
20100604,53
20100605,25
20100606,7
20100607,46
20100608,51
20100609,85
20100610,72
20100611,66
20100612,24
20100613,11
20100614,59
20100615,47
20100616,56
20100617,68
20100618,52
20100619,22
20100620,25
20100621,80
20100622,51
20100623,76
20100624,67
20100625,72
20100626,47
20100627,13
20100628,52
20100629,66
20100630,84
20100701,70
20100702,65
20100703,29
20100704,8
20100705,32
20100706,64
20100707,49
20100708,55
20100709,64
20100710,33
20100711,10
20100712,62
20100713,58
20100714,73
20100715,84
20100716,45
20100717,21
20100718,12
20100719,48
20100720,54
20100721,56
20100722,74
20100723,71
20100724,17
20100725,11
20100726,51
20100727,55
20100728,65
20100729,80
20100730,68
20100731,27
20100801,13
20100802,67
20100803,62
20100804,69
20100805,67
20100806,70
20100807,28
20100808,8
20100809,62
20100810,66
20100811,77
20100812,76
20100813,73
20100814,19
20100815,8
20100816,61
20100817,71
20100818,53
20100819,76
20100820,60
20100821,24
20100822,11
20100823,61
20100824,60
20100825,72
20100826,75
20100827,86
20100828,36
20100829,19
20100830,73
20100831,70
20100901,99
20100902,63
20100903,61
20100904,25
20100905,7
20100906,29
20100907,72
20100908,64
20100909,77
20100910,64
20100911,21
20100912,17
20100913,70
20100914,74
20100915,78
20100916,79
20100917,62
20100918,27
20100919,7
20100920,59
20100921,75
20100922,72
20100923,88
20100924,70
20100925,27
20100926,13
20100927,83
20100928,65
20100929,81
20100930,73
20101001,77
20101002,28
20101003,14
20101004,74
20101005,67
20101006,72
20101007,80
20101008,84
20101009,23
20101010,15
20101011,56
20101012,73
20101013,62
20101014,57
20101015,68
20101016,23
20101017,17
20101018,65
20101019,60
20101020,75
20101021,83
20101022,63
20101023,23
20101024,11
20101025,52
20101026,80
20101027,59
20101028,80
20101029,71
20101030,21
20101031,18
20101101,60
20101102,88
20101103,106
20101104,88
20101105,73
20101106,41
20101107,18
20101108,76
20101109,74
20101110,82
20101111,76
20101112,76
20101113,32
20101114,14
20101115,73
20101116,78
20101117,67
20101118,76
20101119,55
20101120,14
20101121,15
20101122,66
20101123,57
20101124,72
20101125,34
20101126,58
20101127,28
20101128,13
20101129,57
20101130,61
20101201,67
20101202,74
20101203,82
20101204,23
20101205,11
20101206,61
20101207,68
20101208,69
20101209,67
20101210,64
20101211,18
20101212,12
20101213,63
20101214,69
20101215,71
20101216,61
20101217,60
20101218,29
20101219,15
20101220,49
20101221,41
20101222,44
20101223,51
20101224,23
20101225,2
20101226,10
20101227,32
20101228,40
20101229,46
20101230,56
20101231,27
20110101,3
20110102,18
20110103,68
20110104,57
20110105,71
20110106,84
20110107,65
20110108,31
20110109,10
20110110,52
20110111,59
20110112,69
20110113,58
20110114,71
20110115,26
20110116,6
20110117,33
20110118,69
20110119,65
20110120,82
20110121,67
20110122,34
20110123,7
20110124,62
20110125,86
20110126,114
20110127,74
20110128,65
20110129,25
20110130,7
20110131,54
20110201,71
20110202,55
20110203,59
20110204,60
20110205,25
20110206,11
20110207,78
20110208,51
20110209,71
20110210,63
20110211,62
20110212,27
20110213,12
20110214,80
20110215,70
20110216,70
20110217,70
20110218,72
20110219,31
20110220,9
20110221,34
20110222,79
20110223,71
20110224,80
20110225,76
20110226,32
20110227,11
20110228,70
20110301,94
20110302,75
20110303,86
20110304,72
20110305,23
20110306,12
20110307,64
20110308,53
20110309,61
20110310,64
20110311,79
20110312,26
20110313,15
20110314,85
20110315,71
20110316,81
20110317,77
20110318,63
20110319,30
20110320,7
20110321,59
20110322,64
20110323,71
20110324,66
20110325,57
20110326,19
20110327,8
20110328,49
20110329,63
20110330,62
20110331,70
20110401,87
20110402,23
20110403,5
20110404,73
20110405,76
20110406,74
20110407,55
20110408,65
20110409,22
20110410,9
20110411,76
20110412,73
20110413,87
20110414,75
20110415,67
20110416,28
20110417,8
20110418,59
20110419,59
20110420,85
20110421,80
20110422,37
20110423,20
20110424,7
20110425,58
20110426,66
20110427,72
20110428,74
20110429,68
20110430,22
20110501,15
20110502,54
20110503,58
20110504,63
20110505,75
20110506,77
20110507,19
20110508,3
20110509,67
20110510,77
20110511,58
20110512,77
20110513,71
20110514,27
20110515,10
20110516,73
20110517,73
20110518,81
20110519,71
20110520,73
20110521,19
20110522,6
20110523,57
20110524,60
20110525,86
20110526,74
20110527,77
20110528,25
20110529,10
20110530,23
20110531,87
20110601,79
20110602,93
20110603,85
20110604,31
20110605,8
20110606,58
20110607,92
20110608,94
20110609,88
20110610,89
20110611,34
20110612,10
20110613,95
20110614,97
20110615,96
20110616,85
20110617,84
20110618,26
20110619,21
20110620,74
20110621,75
20110622,100
20110623,85
20110624,85
20110625,28
20110626,12
20110627,79
20110628,75
20110629,93
20110630,84
20110701,90
20110702,21
20110703,8
20110704,29
20110705,79
20110706,82
20110707,76
20110708,82
20110709,33
20110710,15
20110711,85
20110712,81
20110713,89
20110714,71
20110715,67
20110716,20
20110717,7
20110718,57
20110719,57
20110720,63
20110721,93
20110722,65
20110723,17
20110724,7
20110725,71
20110726,72
20110727,90
20110728,82
20110729,99
20110730,39
20110731,15
20110801,91
20110802,110
20110803,105
20110804,117
20110805,123
20110806,49
20110807,31
20110808,133
20110809,130
20110810,113
20110811,115
20110812,92
20110813,39
20110814,8
20110815,90
20110816,87
20110817,110
20110818,125
20110819,107
20110820,31
20110821,10
20110822,92
20110823,69
20110824,105
20110825,90
20110826,86
20110827,33
20110828,7
20110829,95
20110830,96
20110831,92
20110901,101
20110902,123
20110903,32
20110904,7
20110905,39
20110906,132
20110907,113
20110908,146
20110909,149
20110910,34
20110911,7
20110912,100
20110913,109
20110914,114
20110915,113
20110916,86
20110917,29
20110918,15
20110919,101
20110920,108
20110921,125
20110922,122
20110923,112
20110924,30
20110925,10
20110926,74
20110927,87
20110928,67
20110929,74
20110930,89
20111001,32
20111002,10
20111003,89
20111004,104
20111005,106
20111006,103
20111007,114
20111008,26
20111009,10
20111010,77
20111011,115
20111012,97
20111013,93
20111014,82
20111015,33
20111016,8
20111017,86
20111018,95
20111019,98
20111020,103
20111021,93
20111022,30
20111023,10
20111024,91
20111025,78
20111026,90
20111027,100
20111028,78
20111029,21
20111030,6
20111031,74
20111101,96
20111102,101
20111103,91
20111104,88
20111105,25
20111106,8
20111107,95
20111108,94
20111109,77
20111110,100
20111111,84
20111112,21
20111113,14
20111114,88
20111115,85
20111116,74
20111117,89
20111118,97
20111119,15
20111120,9
20111121,117
20111122,98
20111123,74
20111124,48
20111125,75
20111126,26
20111127,9
20111128,88
20111129,88
20111130,86
20111201,90
20111202,76
20111203,20
20111204,5
20111205,78
20111206,66
20111207,77
20111208,79
20111209,86
20111210,21
20111211,8
20111212,81
20111213,79
20111214,89
20111215,92
20111216,82
20111217,21
20111218,10
20111219,74
20111220,60
20111221,60
20111222,54
20111223,53
20111224,23
20111225,5
20111226,15
20111227,54
20111228,39
20111229,55
20111230,47
20111231,26
20120101,4
20120102,18
20120103,126
20120104,77
20120105,101
20120106,85
20120107,23
20120108,19
20120109,90
20120110,101
20120111,84
20120112,89
20120113,105
20120114,26
20120115,4
20120116,38
20120117,104
20120118,86
20120119,84
20120120,74
20120121,29
20120122,9
20120123,75
20120124,113
20120125,98
20120126,108
20120127,103
20120128,30
20120129,15
20120130,87
20120131,93
20120201,101
20120202,100
20120203,88
20120204,29
20120205,10
20120206,75
20120207,88
20120208,75
20120209,85
20120210,96
20120211,21
20120212,9
20120213,89
20120214,75
20120215,88
20120216,99
20120217,78
20120218,21
20120219,9
20120220,41
20120221,89
20120222,86
20120223,94
20120224,74
20120225,21
20120226,14
20120227,82
20120228,90
20120229,124
20120301,90
20120302,80
20120303,9
20120304,19
20120305,81
20120306,84
20120307,89
20120308,87
20120309,80
20120310,18
20120311,18
20120312,87
20120313,96
20120314,92
20120315,87
20120316,76
20120317,6
20120318,16
20120319,70
20120320,94
20120321,78
20120322,100
20120323,81
20120324,8
20120325,23
20120326,70
20120327,76
20120328,75
20120329,98
20120330,77
20120331,9
20120401,29
20120402,85
20120403,95
20120404,108
20120405,75
20120406,62
20120407,11
20120408,21
20120409,69
20120410,82
20120411,71
20120412,86
20120413,77
20120414,5
20120415,31
20120416,83
20120417,90
20120418,98
20120419,104
20120420,80
20120421,8
20120422,27
20120423,88
20120424,82
20120425,111
20120426,106
20120427,94
20120428,7
20120429,21
20120430,104
20120501,91
20120502,93
20120503,99
20120504,106
20120505,4
20120506,31
20120507,89
20120508,104
20120509,91
20120510,141
20120511,99
20120512,5
20120513,43
20120514,91
20120515,126
20120516,117
20120517,97
20120518,76
20120519,5
20120520,30
20120521,79
20120522,79
20120523,92
20120524,110
20120525,78
20120526,3
20120527,11
20120528,52
20120529,90
20120530,87
20120531,101
20120601,129
20120602,5
20120603,20
20120604,92
20120605,74
20120606,115
20120607,125
20120608,110
20120609,14
20120610,29
20120611,97
20120612,83
20120613,95
20120614,92
20120615,101
20120616,13
20120617,25
20120618,93
20120619,97
20120620,119
20120621,98
20120622,43
20120623,1
20120624,19
20120625,75
20120626,85
20120627,85
20120628,105
20120629,81
20120630,7
20120701,32
20120702,90
20120703,75
20120704,51
20120705,82
20120706,59
20120707,4
20120708,24
20120709,99
20120710,85
20120711,99
20120712,95
20120713,90
20120714,2
20120715,22
20120716,90
20120717,120
20120718,111
20120719,104
20120720,90
20120721,3
20120722,23
20120723,105
20120724,107
20120725,112
20120726,107
20120727,92
20120728,5
20120729,18
20120730,88
20120731,102
20120801,107
20120802,97
20120803,105
20120804,9
20120805,26
20120806,63
20120807,81
20120808,87
20120809,84
20120810,80
20120811,14
20120812,21
20120813,82
20120814,90
20120815,87
20120816,85
20120817,73
20120818,2
20120819,23
20120820,61
20120821,75
20120822,110
20120823,100
20120824,93
20120825,7
20120826,17
20120827,87
20120828,111
20120829,112
20120830,96
20120831,101
20120901,13
20120902,14
20120903,51
20120904,104
20120905,117
20120906,113
20120907,117
20120908,5
20120909,27
20120910,95
20120911,86
20120912,90
20120913,125
20120914,124
20120915,19
20120916,21
20120917,84
20120918,118
20120919,88
20120920,101
20120921,83
20120922,9
20120923,28
20120924,86
20120925,99
20120926,82
20120927,111
20120928,90
20120929,9
20120930,28
20121001,102
20121002,73
20121003,100
20121004,81
20121005,115
20121006,6
20121007,31
20121008,90
20121009,115
20121010,112
20121011,101
20121012,106
20121013,11
20121014,23
20121015,109
20121016,82
20121017,101
20121018,103
20121019,93
20121020,7
20121021,18
20121022,145
20121023,108
20121024,107
20121025,122
20121026,91
20121027,8
20121028,30
20121029,71
20121030,65
20121031,63
20121101,80
20121102,84
20121103,7
20121104,26
20121105,97
20121106,105
20121107,119
20121108,104
20121109,99
20121110,6
20121111,24
20121112,86
20121113,98
20121114,89
20121115,96
20121116,76
20121117,7
20121118,37
20121119,84
20121120,84
20121121,88
20121122,55
20121123,57
20121124,3
20121125,28
20121126,76
20121127,90
20121128,67
20121129,94
20121130,101
20121201,6
20121202,33
20121203,79
20121204,84
20121205,100
20121206,83
20121207,72
20121208,5
20121209,25
20121210,81
20121211,83
20121212,104
20121213,87
20121214,81
20121215,6
20121216,21
20121217,67
20121218,66
20121219,83
20121220,76
20121221,74
20121222,4
20121223,16
20121224,22
20121225,16
20121226,39
20121227,61
20121228,49
20121229,11
20121230,30
20121231,39
20130101,43
20130102,77
20130103,86
20130104,64
20130105,7
20130106,24
20130107,58
20130108,87
20130109,76
20130110,84
20130111,87
20130112,4
20130113,27
20130114,93
20130115,81
20130116,79
20130117,88
20130118,89
20130119,2
20130120,16
20130121,66
20130122,91
20130123,105
20130124,97
20130125,78
20130126,6
20130127,29
20130128,81
20130129,73
20130130,96
20130131,84
20130201,108
20130202,5
20130203,26
20130204,59
20130205,90
20130206,86
20130207,84
20130208,90
20130209,4
20130210,14
20130211,51
20130212,89
20130213,108
20130214,95
20130215,54
20130216,8
20130217,19
20130218,44
20130219,78
20130220,85
20130221,83
20130222,102
20130223,7
20130224,33
20130225,76
20130226,90
20130227,92
20130228,111
20130301,110
20130302,2
20130303,27
20130304,80
20130305,106
20130306,112
20130307,83
20130308,93
20130309,6
20130310,25
20130311,81
20130312,73
20130313,89
20130314,84
20130315,81
20130316,10
20130317,23
20130318,68
20130319,70
20130320,104
20130321,85
20130322,70
20130323,4
20130324,28
20130325,58
20130326,81
20130327,77
20130328,70
20130329,44
20130330,7
20130331,26
20130401,46
20130402,80
20130403,85
20130404,93
20130405,98
20130406,9
20130407,28
20130408,92
20130409,87
20130410,106
20130411,84
20130412,82
20130413,5
20130414,33
20130415,79
20130416,99
20130417,91
20130418,93
20130419,80
20130420,13
20130421,29
20130422,65
20130423,92
20130424,79
20130425,83
20130426,105
20130427,1
20130428,30
20130429,71
20130430,78
20130501,81
20130502,100
20130503,86
20130504,6
20130505,24
20130506,60
20130507,92
20130508,100
20130509,91
20130510,97
20130511,4
20130512,41
20130513,94
20130514,82
20130515,94
20130516,86
20130517,78
20130518,4
20130519,20
20130520,73
20130521,82
20130522,92
20130523,100
20130524,83
20130525,1
20130526,6
20130527,44
20130528,66
20130529,106
20130530,95
20130531,85
20130601,14
20130602,28
20130603,98
20130604,86
20130605,99
20130606,82
20130607,108
20130608,10
20130609,19
20130610,76
20130611,74
20130612,80
20130613,79
20130614,83
20130615,5
20130616,19
20130617,77
20130618,9
20130619,126
20130620,112
20130621,96
20130622,6
20130623,20
20130624,97
20130625,100
20130626,101
20130627,107
20130628,90
20130629,5
20130630,28
20130701,86
20130702,82
20130703,69
20130704,75
20130705,58
20130706,4
20130707,43
20130708,85
20130709,85
20130710,100
20130711,98
20130712,87
20130713,2
20130714,21
20130715,101
20130716,106
20130717,100
20130718,94
20130719,84
20130720,4
20130721,28
20130722,87
20130723,85
20130724,93
20130725,92
20130726,74
20130727,5
20130728,20
20130729,78
20130730,92
20130731,117
20130801,109
20130802,85
20130803,8
20130804,30
20130805,89
20130806,84
20130807,89
20130808,80
20130809,79
20130810,7
20130811,21
20130812,75
20130813,93
20130814,86
20130815,90
20130816,72
20130817,6
20130818,25
20130819,69
20130820,77
20130821,81
20130822,82
20130823,74
20130824,8
20130825,27
20130826,68
20130827,69
20130828,71
20130829,79
20130830,81
20130831,11
20130901,10
20130902,50
20130903,70
20130904,95
20130905,101
20130906,104
20130907,13
20130908,35
20130909,84
20130910,69
20130911,65
20130912,83
20130913,65
20130914,7
20130915,33
20130916,98
20130917,82
20130918,119
20130919,83
20130920,84
20130921,4
20130922,23
20130923,78
20130924,69
20130925,71
20130926,100
20130927,70
20130928,9
20130929,27
20130930,103
20131001,105
20131002,94
20131003,81
20131004,71
20131005,5
20131006,29
20131007,81
20131008,102
20131009,118
20131010,89
20131011,70
20131012,12
20131013,31
20131014,72
20131015,79
20131016,87
20131017,100
20131018,88
20131019,7
20131020,22
20131021,73
20131022,84
20131023,81
20131024,78
20131025,78
20131026,3
20131027,24
20131028,51
20131029,68
20131030,86
20131031,79
20131101,70
20131102,3
20131103,27
20131104,62
20131105,75
20131106,79
20131107,92
20131108,83
20131109,8
20131110,32
20131111,65
20131112,79
20131113,102
20131114,107
20131115,67
20131116,5
20131117,26
20131118,82
20131119,101
20131120,80
20131121,84
20131122,75
20131123,8
20131124,30
20131125,74
20131126,71
20131127,87
20131128,54
20131129,61
20131130,5
20131201,20
20131202,71
20131203,83
20131204,101
20131205,107
20131206,84
20131207,4
20131208,29
20131209,103
20131210,88
20131211,87
20131212,116
20131213,69
20131214,13
20131215,31
20131216,90
20131217,85
20131218,123
20131219,99
20131220,75
20131221,7
20131222,22
20131223,65
20131224,30
20131225,22
20131226,42
20131227,45
20131228,2
20131229,30
20131230,65
20131231,37
20140101,39
20140102,70
20140103,73
20140104,10
20140105,46
20140106,83
20140107,79
20140108,84
20140109,88
20140110,108
20140111,6
20140112,26
20140113,89
20140114,94
20140115,93
20140116,96
20140117,70
20140118,13
20140119,14
20140120,49
20140121,92
20140122,109
20140123,96
20140124,85
20140125,9
20140126,27
20140127,74
20140128,106
20140129,111
20140130,97
20140131,72
20140201,6
20140202,27
20140203,69
20140204,87
20140205,97
20140206,77
20140207,98
20140208,10
20140209,23
20140210,72
20140211,90
20140212,98
20140213,93
20140214,86
20140215,3
20140216,16
20140217,50
20140218,108
20140219,72
20140220,80
20140221,85
20140222,8
20140223,32
20140224,83
20140225,91
20140226,79
20140227,113
20140228,71
20140301,7
20140302,26
20140303,93
20140304,98
20140305,108
20140306,88
20140307,86
20140308,11
20140309,19
20140310,72
20140311,73
20140312,83
20140313,91
20140314,69
20140315,5
20140316,34
20140317,74
20140318,68
20140319,102
20140320,87
20140321,87
20140322,6
20140323,19
20140324,90
20140325,88
20140326,83
20140327,96
20140328,71
20140329,7
20140330,27
20140331,96
20140401,91
20140402,70
20140403,97
20140404,98
20140405,3
20140406,21
20140407,79
20140408,100
20140409,84
20140410,95
20140411,80
20140412,11
20140413,27
20140414,69
20140415,79
20140416,98
20140417,67
20140418,38
20140419,3
20140420,20
20140421,64
20140422,69
20140423,83
20140424,97
20140425,90
20140426,6
20140427,24
20140428,91
20140429,111
20140430,132
20140501,89
20140502,95
20140503,3
20140504,32
20140505,72
20140506,83
20140507,104
20140508,97
20140509,95
20140510,7
20140511,27
20140512,78
20140513,88
20140514,112
20140515,103
20140516,76
20140517,7
20140518,22
20140519,77
20140520,112
20140521,115
20140522,105
20140523,80
20140524,9
20140525,14
20140526,49
20140527,81
20140528,87
20140529,104
20140530,94
20140531,5
20140601,20
20140602,88
20140603,82
20140604,101
20140605,113
20140606,110
20140607,5
20140608,34
20140609,94
20140610,76
20140611,88
20140612,85
20140613,76
20140614,10
20140615,27
20140616,90
20140617,86
20140618,117
20140619,74
20140620,74
20140621,5
20140622,17
20140623,75
20140624,71
20140625,94
20140626,97
20140627,70
20140628,4
20140629,28
20140630,90
20140701,88
20140702,85
20140703,108
20140704,37
20140705,9
20140706,21
20140707,87
20140708,89
20140709,87
20140710,72
20140711,76
20140712,1
20140713,30
20140714,83
20140715,89
20140716,109
20140717,73
20140718,58
20140719,3
20140720,19
20140721,58
20140722,64
20140723,74
20140724,87
20140725,83
20140726,5
20140727,29
20140728,80
20140729,73
20140730,99
20140731,99
20140801,84
20140802,2
20140803,22
20140804,60
20140805,70
20140806,70
20140807,87
20140808,73
20140809,2
20140810,25
20140811,54
20140812,76
20140813,204
20140814,69
20140815,58
20140816,2
20140817,19
20140818,59
20140819,68
20140820,74
20140821,94
20140822,80
20140823,5
20140824,26
20140825,62
20140826,67
20140827,77
20140828,90
20140829,90
20140830,8
20140831,14
20140901,63
20140902,81
20140903,91
20140904,102
20140905,91
20140906,8
20140907,21
20140908,75
20140909,71
20140910,83
20140911,91
20140912,63
20140913,7
20140914,32
20140915,87
20140916,99
20140917,94
20140918,94
20140919,79
20140920,11
20140921,21
20140922,86
20140923,68
20140924,99
20140925,91
20140926,58
20140927,8
20140928,40
20140929,87
20140930,96
20141001,89
20141002,94
20141003,80
20141004,5
20141005,31
20141006,66
20141007,91
20141008,95
20141009,93
20141010,95
20141011,12
20141012,28
20141013,67
20141014,80
20141015,111
20141016,91
20141017,82
20141018,3
20141019,24
20141020,78
20141021,90
20141022,92
20141023,77
20141024,66
20141025,4
20141026,38
20141027,82
20141028,93
20141029,107
20141030,107
20141031,96
20141101,6
20141102,35
20141103,91
20141104,110
20141105,108
20141106,104
20141107,105
20141108,8
20141109,26
20141110,84
20141111,73
20141112,80
20141113,94
20141114,91
20141115,7
20141116,19
20141117,110
20141118,90
20141119,77
20141120,95
20141121,95
20141122,3
20141123,25
20141124,73
20141125,92
20141126,62
20141127,56
20141128,72
20141129,3
20141130,28
20141201,75
20141202,102
20141203,90
20141204,74
20141205,91
20141206,4
20141207,37
20141208,101
20141209,88
20141210,85
20141211,100
20141212,82
20141213,5
20141214,28
20141215,81
20141216,79
20141217,93
20141218,90
20141219,77
20141220,4
20141221,27
20141222,56
20141223,62
20141224,38
20141225,15
20141226,32
20141227,4
20141228,19
20141229,50
20141230,68
20141231,50
20150101,41
20150102,63
20150103,8
20150104,21
20150105,83
20150106,71
20150107,82
20150108,86
20150109,91
20150110,1
20150111,26
20150112,71
20150113,84
20150114,95
20150115,115
20150116,79
20150117,6
20150118,11
20150119,68
20150120,108
20150121,111
20150122,102
20150123,85
20150124,8
20150125,32
20150126,83
20150127,96
20150128,94
20150129,102
20150130,92
20150131,5
20150201,36
20150202,98
20150203,97
20150204,95
20150205,81
20150206,76
20150207,3
20150208,28
20150209,82
20150210,90
20150211,66
20150212,80
20150213,65
20150214,4
20150215,11
20150216,51
20150217,64
20150218,81
20150219,68
20150220,58
20150221,3
20150222,23
20150223,56
20150224,87
20150225,80
20150226,95
20150227,83
20150228,19
20150301,26
20150302,69
20150303,77
20150304,101
20150305,86
20150306,88
20150307,4
20150308,32
20150309,67
20150310,76
20150311,89
20150312,89
20150313,84
20150314,5
20150315,29
20150316,65
20150317,65
20150318,100
20150319,72
20150320,70
20150321,3
20150322,27
20150323,64
20150324,80
20150325,64
20150326,88
20150327,68
20150328,8
20150329,25
20150330,91
20150331,105
20150401,87
20150402,84
20150403,49
20150404,3
20150405,21
20150406,54
20150407,82
20150408,73
20150409,75
20150410,56
20150411,5
20150412,31
20150413,60
20150414,87
20150415,86
20150416,75
20150417,79
20150418,4
20150419,40
20150420,67
20150421,76
20150422,70
20150423,77
20150424,57
20150425,2
20150426,26
20150427,60
20150428,71
20150429,100
20150430,70
