20050105,2
20050106,1
20050113,1
20050114,1
20050117,1
20050118,1
20050121,1
20050127,3
20050128,2
20050131,1
20050207,1
20050209,1
20050210,1
20050211,1
20050214,1
20050216,1
20050301,1
20050311,1
20050318,1
20050323,1
20050329,1
20050406,1
20050412,2
20050413,2
20050415,3
20050418,2
20050419,3
20050427,1
20050428,1
20050510,1
20050513,1
20050516,2
20050517,1
20050527,1
20050531,1
20050608,1
20050610,2
20050613,1
20050614,2
20050615,1
20050616,2
20050617,1
20050619,1
20050620,1
20050621,2
20050622,1
20050627,1
20050629,1
20050630,1
20050701,1
20050708,1
20050721,1
20050722,1
20050727,1
20050803,2
20050804,1
20050805,1
20050808,1
20050809,1
20050824,3
20050826,1
20050831,1
20050908,1
20050909,1
20050914,2
20050920,1
20050927,1
20050929,1
20051005,2
20051010,1
20051011,1
20051013,1
20051017,1
20051018,1
20051020,2
20051021,2
20051102,1
20051103,1
20051104,1
20051108,1
20051110,2
20051129,1
20051209,3
20051210,1
20051222,1
20051223,1
20051228,1
20051229,1
20051230,1
20060109,1
20060110,1
20060113,1
20060117,2
20060125,2
20060126,2
20060127,1
20060128,1
20060205,1
20060214,1
20060311,1
20060313,2
20060314,2
20060317,1
20060320,1
20060322,1
20060326,1
20060328,1
20060329,3
20060401,1
20060403,1
20060417,1
20060418,1
20060420,2
20060421,1
20060424,1
20060504,1
20060505,3
20060510,1
20060522,1
20060622,1
20060626,1
20060629,1
20060705,1
20060709,1
20060710,1
20060711,1
20060721,2
20060722,2
20060804,1
20060816,1
20060819,1
20060912,2
20060913,1
20060914,1
20060919,1
20060930,1
20061002,1
20061009,1
20061011,1
20061013,1
20061017,3
20061018,2
20061019,1
20061020,2
20061021,1
20061025,1
20061026,1
20061101,1
20061106,1
20061109,1
20061127,1
20061201,2
20061202,1
20061206,1
20061207,3
20061208,1
20061213,1
20061214,1
20061216,1
20061218,2
20061219,2
20070104,4
20070105,2
20070107,2
20070119,1
20070125,3
20070131,2
20070201,1
20070203,1
20070209,1
20070213,2
20070215,1
20070216,1
20070218,1
20070220,1
20070306,1
20070313,1
20070326,1
20070330,1
20070403,1
20070408,1
20070409,1
20070412,1
20070413,1
20070416,3
20070417,3
20070418,1
20070423,3
20070424,1
20070501,1
20070507,3
20070521,1
20070522,1
20070605,1
20070606,3
20070607,1
20070611,1
20070619,1
20070628,1
20070703,1
20070710,1
20070713,1
20070723,1
20070724,1
20070725,1
20070727,1
20070730,1
20070731,2
20070815,1
20070820,1
20070821,1
20070822,1
20070823,1
20070830,1
20070904,1
20070906,1
20070907,2
20070914,1
20070915,2
20070921,2
20071005,2
20071012,1
20071018,1
20071019,2
20071024,1
20071025,3
20071026,1
20071030,1
20071031,1
20071101,1
20071102,1
20071105,2
20071115,1
20071127,1
20071205,2
20071206,4
20071207,2
20071211,3
20071217,2
20071218,1
20071219,1
20080104,1
20080108,1
20080109,2
20080114,1
20080117,1
20080118,1
20080129,1
20080130,4
20080131,3
20080201,2
20080205,1
20080212,1
20080221,1
20080222,1
20080225,1
20080226,1
20080228,2
20080229,1
20080302,1
20080303,1
20080304,1
20080306,2
20080307,1
20080308,1
20080311,1
20080318,1
20080319,1
20080326,1
20080327,3
20080331,1
20080409,2
20080410,1
20080411,2
20080414,1
20080415,1
20080422,3
20080424,1
20080428,1
20080430,3
20080501,1
20080512,1
20080522,2
20080604,1
20080605,1
20080617,1
20080618,1
20080623,1
20080624,2
20080630,2
20080701,1
20080703,1
20080710,2
20080716,1
20080724,2
20080725,2
20080731,1
20080806,2
20080807,1
20080814,1
20080819,1
20080820,4
20080825,3
20080826,1
20080827,1
20080829,1
20080904,1
20080908,1
20080917,1
20080921,1
20080922,2
20080925,1
20080927,1
20080929,2
20080930,2
20081002,2
20081007,2
20081017,1
20081018,1
20081021,1
20081022,2
20081023,2
20081024,1
20081027,1
20081028,1
20081030,1
20081105,2
20081117,2
20081126,2
20081128,1
20081201,1
20081212,3
20081217,1
20081224,1
20090101,1
20090102,2
20090103,1
20090109,1
20090110,1
20090115,3
20090127,2
20090128,1
20090130,3
20090202,1
20090203,1
20090204,1
20090209,1
20090212,1
20090213,1
20090225,1
20090226,1
20090227,2
20090305,1
20090310,1
20090331,1
20090402,1
20090403,2
20090404,1
20090410,1
20090415,2
20090420,2
20090421,1
20090423,1
20090505,3
20090507,1
20090511,1
20090514,1
20090518,2
20090520,2
20090526,1
20090527,1
20090602,2
20090604,3
20090605,1
20090610,1
20090618,1
20090622,1
20090625,2
20090626,1
20090703,1
20090710,1
20090717,1
20090723,2
20090724,1
20090728,1
20090806,1
20090812,1
20090813,1
20090814,1
20090817,1
20090818,1
20090819,1
20090904,1
20090915,1
20090921,1
20091011,1
20091013,1
20091022,1
20091024,1
20091030,1
20091104,1
20091110,2
20091112,1
20091114,1
20091120,1
20091205,1
20091210,2
20091223,1
20100105,1
20100115,1
20100116,1
20100119,2
20100126,3
20100128,3
20100129,1
20100201,1
20100203,1
20100204,1
20100205,1
20100207,1
20100208,1
20100210,1
20100212,1
20100217,1
20100222,1
20100225,1
20100303,1
20100304,1
20100306,1
20100313,1
20100315,1
20100316,2
20100317,1
20100320,1
20100322,3
20100323,2
20100325,1
20100328,1
20100401,1
20100419,1
20100420,2
20100421,1
20100423,2
20100427,1
20100429,4
20100503,1
20100504,1
20100519,1
20100520,1
20100526,3
20100601,1
20100605,1
20100607,1
20100608,1
20100611,1
20100618,1
20100625,1
20100629,1
20100702,1
20100703,1
20100706,3
20100709,2
20100722,2
20100726,2
20100727,1
20100728,2
20100729,1
20100813,3
20100816,1
20100818,2
20100819,1
20100820,1
20100821,1
20100901,1
20100904,1
20100909,1
20100910,2
20100913,1
20100920,1
20100927,1
20100928,1
20100930,1
20101004,2
20101005,1
20101012,1
20101015,1
20101018,2
20101020,3
20101021,2
20101022,2
20101024,1
20101025,1
20101026,1
20101027,1
20101028,1
20101102,1
20101103,1
20101104,1
20101108,2
20101109,2
20101120,1
20101122,1
20101124,1
20101213,1
20101214,1
20101217,1
20101231,1
20110106,1
20110107,1
20110110,1
20110111,2
20110112,2
20110113,1
20110118,1
20110119,1
20110120,1
20110124,1
20110125,2
20110127,3
20110128,1
20110203,1
20110204,3
20110209,1
20110217,1
20110218,1
20110224,2
20110226,1
20110227,1
20110303,2
20110304,1
20110306,1
20110309,1
20110314,1
20110316,1
20110317,1
20110320,1
20110322,1
20110330,2
20110331,2
20110407,1
20110408,1
20110409,1
20110415,1
20110418,3
20110419,2
20110427,2
20110429,1
20110503,2
20110504,1
20110510,1
20110511,1
20110512,2
20110513,1
20110516,3
20110521,1
20110525,1
20110607,2
20110613,1
20110616,1
20110628,2
20110701,1
20110708,4
20110716,1
20110718,2
20110720,2
20110721,4
20110809,1
20110812,1
20110816,1
20110822,1
20110902,2
20110908,1
20110917,1
20110924,1
20110930,1
20111010,2
20111013,1
20111015,1
20111020,3
20111025,1
20111102,1
20111103,3
20111104,1
20111108,2
20111109,1
20111112,1
20111116,3
20111119,2
20111122,1
20111123,2
20111209,1
20111221,1
20120105,1
20120106,1
20120109,1
20120110,1
20120114,1
20120119,2
20120127,1
20120131,6
20120201,5
20120203,1
20120206,2
20120215,1
20120216,1
20120217,1
20120301,1
20120313,1
20120320,1
20120326,2
20120404,2
20120409,2
20120413,1
20120424,1
20120425,2
20120427,1
20120503,1
20120504,1
20120507,1
20120510,3
20120511,1
20120516,1
20120529,1
20120530,2
20120601,2
20120603,1
20120607,1
20120612,1
20120629,1
20120630,1
20120701,1
20120702,1
20120703,1
20120711,1
20120716,1
20120717,1
20120719,2
20120720,1
20120723,1
20120725,2
20120726,2
20120727,1
20120806,1
20120807,1
20120819,1
20120820,1
20120824,3
20120829,1
20120831,1
20120905,2
20120906,1
20120918,1
20120930,1
20121008,1
20121011,1
20121015,2
20121018,1
20121019,1
20121024,4
20121108,1
20121109,1
20121114,1
20121128,1
20121130,1
20121205,2
20121206,1
20121211,1
20121212,3
20121218,1
20121220,2
20121221,1
20121223,2
20121231,1
20130102,1
20130103,1
20130104,2
20130111,1
20130114,1
20130129,3
20130131,1
20130201,2
20130205,1
20130206,1
20130207,1
20130213,1
20130214,1
20130222,1
20130225,1
20130226,2
20130306,1
20130314,1
20130317,1
20130328,1
20130329,1
20130403,1
20130404,1
20130408,1
20130411,1
20130412,2
20130416,1
20130421,1
20130422,1
20130424,2
20130501,1
20130506,2
20130507,1
20130605,1
20130612,1
20130613,1
20130614,1
20130622,1
20130704,1
20130708,3
20130716,3
20130717,1
20130721,1
20130723,1
20130724,3
20130728,1
20130729,1
20130808,1
20130809,1
20130816,1
20130818,2
20130819,1
20130820,1
20130822,3
20130825,1
20130904,2
20130924,1
20130926,3
20130927,2
20130930,1
20131003,1
20131004,1
20131011,1
20131019,1
20131020,1
20131023,1
20131028,1
20131029,1
20131103,1
20131106,1
20131114,2
20131117,1
20131119,1
20131203,1
20131205,1
20131212,2
20131213,1
20131217,1
20131219,2
20140106,1
20140107,2
20140113,1
20140120,1
20140123,1
20140130,2
20140131,1
20140202,1
20140203,1
20140219,1
20140223,1
20140224,1
20140225,1
20140305,1
20140324,1
20140325,3
20140326,2
20140330,1
20140331,1
20140403,1
20140406,1
20140408,4
20140414,1
20140415,1
20140417,1
20140422,7
20140423,2
20140424,2
20140427,2
20140428,4
20140429,2
20140501,2
20140506,1
20140507,1
20140509,1
20140515,2
20140516,1
20140528,1
20140604,2
20140606,2
20140611,1
20140612,1
20140616,2
20140618,1
20140625,2
20140627,1
20140714,1
20140716,2
20140717,1
20140724,5
20140728,1
20140729,1
20140731,1
20140801,2
20140805,1
20140811,1
20140819,1
20140821,1
20140826,1
20140829,1
20140902,2
20140911,1
20140912,1
20140916,3
20140917,1
20140918,1
20140919,1
20140924,1
20140930,1
20141002,2
20141010,1
20141019,1
20141020,1
20141022,1
20141023,3
20141027,4
20141028,1
20141029,2
20141104,1
20141105,2
20141106,4
20141111,4
20141117,3
20141125,1
20141126,1
20141203,1
20141205,1
20141209,2
20141210,2
20141215,2
20141217,1
20141219,2
20141222,2
20141223,1
20150101,1
20150102,1
20150107,7
20150112,1
20150113,3
20150123,1
20150127,1
20150130,1
20150202,1
20150205,2
20150209,1
20150219,2
20150220,2
20150223,2
20150224,1
20150225,1
20150306,1
20150312,2
20150319,3
20150320,2
20150323,1
20150324,1
20150327,3
20150329,1
20150412,1
20150413,1
20150416,3
20150422,1
20150423,4
20150427,1
20150428,1
