20050103,1
20050112,1
20050127,1
20050131,1
20050222,1
20050322,1
20050419,1
20050427,1
20050509,2
20050510,2
20050511,1
20050516,1
20050525,1
20050615,1
20050620,1
20050626,1
20050701,1
20050904,1
20050916,1
20051004,1
20051010,1
20051019,1
20051020,1
20051021,1
20051121,1
20051122,1
20051201,1
20051213,1
20051215,1
20060109,1
20060122,1
20060123,1
20060126,2
20060128,1
20060217,2
20060228,2
20060307,1
20060316,1
20060408,1
20060513,1
20060516,3
20060517,1
20060522,1
20060622,1
20060623,1
20060628,1
20060706,1
20060711,1
20060724,1
20060725,1
20060731,1
20060801,1
20060808,1
20060818,1
20060819,1
20060823,1
20060830,1
20060831,2
20060901,1
20060905,1
20060906,1
20060915,1
20060916,1
20060918,2
20061011,2
20061012,1
20061017,1
20061026,1
20061103,1
20061216,1
20070105,1
20070116,1
20070129,1
20070207,1
20070208,1
20070212,1
20070227,4
20070305,1
20070315,1
20070317,1
20070322,1
20070327,1
20070409,1
20070410,1
20070416,1
20070417,1
20070519,1
20070530,1
20070630,1
20070710,3
20070807,1
20070830,1
20070910,1
20070925,1
20070926,1
20071018,1
20071106,1
20071112,1
20071113,1
20071204,1
20071207,1
20071212,1
20080108,1
20080123,1
20080125,1
20080205,1
20080211,1
20080214,1
20080418,1
20080423,1
20080502,1
20080503,1
20080512,2
20080519,1
20080521,1
20080712,1
20080926,1
20080928,1
20081001,1
20081008,1
20081020,2
20081021,5
20081024,1
20081027,1
20081103,1
20081110,2
20081111,1
20081112,2
20081113,1
20081114,1
20081125,1
20081128,1
20081224,1
20090104,1
20090108,2
20090117,1
20090122,2
20090130,1
20090217,1
20090223,1
20090224,1
20090226,1
20090303,1
20090304,1
20090312,1
20090324,1
20090328,2
20090405,1
20090421,1
20090423,1
20090424,1
20090520,1
20090521,1
20090522,1
20090604,1
20090605,1
20090608,1
20090617,1
20090618,1
20090619,1
20090620,1
20090623,1
20090701,1
20090702,1
20090703,1
20090708,1
20090709,2
20090713,1
20090714,1
20090718,1
20090723,1
20090724,1
20090730,1
20090811,1
20090908,2
20090928,1
20090929,1
20090930,1
20091002,1
20091004,1
20091006,1
20091008,1
20091014,1
20091019,2
20091021,2
20091023,1
20091026,2
20091029,1
20091030,1
20091102,2
20091105,1
20091109,1
20091113,1
20091125,1
20091126,1
20091218,1
20091223,1
20091227,1
20091228,1
20100122,1
20100129,1
20100130,1
20100201,1
20100203,1
20100211,1
20100212,1
20100218,1
20100225,1
20100313,1
20100326,1
20100401,1
20100402,1
20100406,1
20100407,1
20100415,1
20100427,1
20100429,1
20100507,2
20100508,3
20100510,1
20100517,1
20100524,2
20100604,1
20100625,1
20100712,1
20100720,1
20100723,2
20100803,1
20100806,1
20100810,1
20100820,1
20100831,3
20100901,1
20100904,1
20100920,1
20100928,1
20101008,2
20101018,2
20101022,1
20101101,2
20101102,1
20101111,1
20101122,1
20101126,1
20101128,1
20101208,2
20101210,1
20101211,1
20101214,1
20101223,1
20101230,1
20110103,2
20110105,2
20110106,1
20110107,2
20110110,2
20110119,1
20110202,2
20110208,1
20110218,1
20110307,1
20110314,3
20110316,2
20110317,1
20110319,1
20110407,1
20110413,1
20110414,1
20110426,1
20110427,1
20110428,5
20110429,1
20110430,1
20110506,1
20110513,1
20110516,2
20110518,2
20110606,1
20110609,1
20110624,1
20110708,2
20110715,1
20110720,1
20110722,1
20110726,1
20110727,2
20110728,3
20110729,1
20110802,1
20110803,1
20110808,1
20110824,1
20110825,1
20110908,1
20110909,1
20110912,1
20110926,3
20110930,1
20111004,1
20111007,3
20111012,1
20111014,1
20111021,1
20111022,1
20111024,1
20111025,2
20111026,3
20111031,1
20111103,1
20111104,2
20111110,1
20111111,2
20111115,1
20111205,1
20111208,2
20111216,1
20111222,3
20120117,1
20120123,1
20120124,1
20120125,1
20120126,1
20120209,1
20120211,1
20120213,1
20120217,2
20120306,1
20120308,1
20120309,1
20120313,2
20120320,1
20120326,1
20120402,1
20120405,1
20120426,1
20120511,1
20120514,1
20120523,1
20120601,1
20120608,1
20120618,1
20120622,1
20120702,1
20120705,1
20120724,1
20120730,1
20120801,1
20120810,2
20120815,3
20120817,2
20120913,1
20120914,1
20120918,1
20120921,1
20120924,3
20120930,1
20121001,1
20121003,1
20121008,1
20121026,1
20121029,1
20121030,1
20121031,2
20121107,1
20121111,1
20121216,1
20121219,1
20121225,1
20121228,1
20121231,1
20130101,1
20130102,1
20130103,2
20130109,1
20130115,1
20130122,2
20130129,1
20130201,1
20130206,1
20130207,3
20130211,1
20130219,1
20130225,2
20130404,1
20130414,1
20130528,1
20130529,1
20130530,1
20130624,1
20130626,2
20130630,1
20130710,1
20130714,1
20130717,1
20130730,1
20130820,1
20130920,1
20130922,1
20131008,2
20131016,1
20131023,1
20131028,1
20131030,2
20131223,1
20131225,1
20140107,1
20140206,2
20140211,1
20140212,1
20140409,1
20140417,1
20140430,7
20140526,1
20140527,1
20140602,2
20140609,1
20140610,2
20140611,1
20140620,1
20140701,1
20140731,2
20140807,1
20140813,3
20140815,1
20140819,1
20140822,1
20140825,1
20140929,1
20141019,1
20141022,1
20141028,2
20141029,2
20141106,1
20141112,2
20141120,1
20141124,1
20141209,1
20141212,1
20150209,1
20150213,3
20150304,1
20150330,1
20150331,1
20150417,1
20150429,2
