20050106,1
20050109,2
20050110,1
20050111,1
20050112,1
20050118,1
20050125,1
20050126,2
20050127,3
20050131,2
20050201,1
20050202,1
20050203,1
20050204,1
20050207,1
20050209,1
20050211,2
20050212,1
20050215,2
20050217,2
20050218,1
20050222,2
20050223,1
20050224,1
20050228,2
20050302,1
20050303,3
20050308,1
20050309,2
20050310,1
20050311,2
20050317,1
20050318,2
20050321,1
20050322,1
20050323,1
20050325,1
20050328,2
20050329,1
20050330,1
20050401,1
20050404,2
20050405,3
20050406,2
20050407,1
20050408,2
20050412,2
20050415,1
20050419,1
20050420,3
20050425,2
20050426,1
20050427,1
20050429,1
20050502,2
20050504,1
20050523,1
20050525,3
20050527,1
20050531,1
20050601,2
20050614,1
20050615,3
20050616,2
20050620,3
20050621,1
20050622,1
20050623,3
20050624,1
20050627,2
20050628,3
20050629,2
20050701,1
20050704,1
20050705,1
20050706,1
20050707,1
20050711,2
20050712,2
20050713,1
20050714,1
20050715,1
20050718,1
20050719,1
20050721,1
20050726,1
20050727,3
20050728,1
20050729,3
20050731,1
20050801,2
20050804,1
20050805,4
20050810,2
20050812,1
20050816,1
20050817,1
20050818,1
20050822,1
20050823,2
20050826,2
20050829,3
20050830,1
20050831,1
20050901,5
20050902,4
20050903,1
20050905,2
20050906,2
20050907,2
20050908,1
20050909,1
20050911,1
20050913,1
20050915,1
20050916,2
20050917,1
20050919,3
20050920,1
20050922,3
20050923,1
20050924,2
20050925,1
20050926,2
20050927,1
20050929,1
20051001,1
20051003,3
20051004,2
20051005,3
20051006,1
20051007,3
20051010,1
20051011,1
20051012,1
20051017,1
20051019,1
20051025,1
20051026,2
20051027,5
20051029,1
20051031,2
20051101,2
20051103,1
20051104,1
20051105,1
20051107,1
20051108,2
20051109,2
20051110,3
20051111,1
20051114,1
20051117,2
20051118,1
20051128,1
20051129,1
20051205,2
20051206,4
20051207,1
20051209,1
20051210,1
20051212,2
20051213,3
20051216,1
20051220,3
20051221,1
20051222,1
20051228,1
20051229,1
20051230,1
20060103,1
20060110,1
20060112,2
20060117,1
20060118,3
20060119,1
20060123,3
20060127,1
20060128,2
20060130,1
20060131,4
20060202,1
20060203,1
20060206,1
20060207,1
20060208,2
20060209,1
20060211,1
20060216,1
20060220,1
20060222,1
20060223,1
20060227,1
20060228,1
20060302,1
20060307,1
20060308,4
20060309,2
20060311,2
20060314,1
20060315,3
20060316,2
20060321,1
20060322,1
20060323,1
20060324,1
20060327,2
20060328,1
20060329,1
20060403,1
20060404,1
20060406,2
20060408,1
20060410,1
20060411,2
20060412,2
20060413,1
20060419,1
20060424,1
20060426,1
20060427,2
20060428,3
20060429,2
20060501,1
20060502,1
20060505,4
20060509,1
20060510,3
20060511,3
20060516,2
20060517,1
20060519,1
20060520,2
20060522,1
20060523,1
20060524,3
20060525,1
20060526,2
20060527,2
20060529,1
20060531,3
20060601,3
20060602,2
20060603,1
20060606,1
20060607,3
20060608,1
20060612,2
20060613,2
20060614,3
20060618,1
20060619,1
20060620,1
20060623,2
20060624,1
20060626,1
20060706,1
20060707,1
20060717,2
20060718,2
20060719,2
20060720,2
20060721,3
20060724,1
20060725,2
20060726,4
20060727,3
20060728,2
20060729,1
20060731,1
20060801,1
20060802,3
20060803,2
20060804,2
20060808,3
20060809,3
20060811,1
20060812,3
20060814,2
20060815,2
20060817,2
20060818,1
20060819,2
20060821,1
20060822,1
20060823,2
20060824,2
20060825,1
20060828,5
20060829,3
20060830,1
20060831,2
20060901,1
20060905,3
20060906,1
20060907,1
20060908,1
20060911,3
20060912,1
20060914,6
20060915,3
20060918,1
20060919,4
20060920,2
20060921,3
20060922,3
20060925,1
20060926,2
20060927,2
20060928,1
20060929,2
20061002,1
20061004,2
20061009,3
20061010,3
20061011,2
20061012,1
20061013,2
20061016,1
20061023,3
20061024,4
20061025,5
20061026,4
20061027,5
20061030,1
20061031,2
20061101,2
20061102,2
20061103,3
20061106,3
20061107,2
20061108,1
20061111,1
20061115,1
20061117,1
20061128,1
20061129,2
20061130,2
20061201,2
20061204,1
20061205,2
20061206,1
20061207,1
20061208,2
20061211,1
20061212,1
20061213,1
20061214,3
20061215,1
20061218,1
20061219,2
20061222,1
20061226,1
20061227,3
20061228,1
20061229,1
20070102,2
20070103,1
20070104,2
20070105,2
20070108,2
20070109,2
20070111,3
20070113,2
20070115,1
20070116,2
20070118,2
20070119,2
20070120,1
20070122,2
20070123,2
20070124,3
20070125,2
20070126,2
20070129,2
20070130,1
20070131,3
20070201,4
20070202,6
20070203,2
20070205,1
20070206,1
20070207,4
20070208,1
20070209,2
20070212,2
20070213,1
20070214,1
20070215,1
20070216,2
20070223,1
20070226,3
20070228,1
20070301,1
20070307,2
20070308,2
20070309,2
20070312,1
20070313,2
20070314,1
20070320,2
20070323,1
20070326,1
20070327,1
20070329,2
20070331,1
20070402,1
20070404,2
20070405,1
20070407,1
20070409,1
20070410,1
20070411,1
20070412,2
20070416,1
20070417,1
20070420,2
20070421,1
20070424,1
20070425,3
20070427,3
20070428,1
20070501,1
20070502,1
20070503,1
20070504,2
20070505,1
20070507,2
20070509,1
20070511,1
20070512,1
20070515,1
20070516,2
20070518,1
20070522,1
20070523,1
20070525,1
20070530,1
20070531,1
20070602,1
20070604,1
20070606,3
20070612,1
20070613,1
20070615,1
20070621,2
20070626,4
20070627,4
20070628,1
20070629,1
20070702,1
20070703,1
20070707,1
20070709,1
20070711,1
20070713,2
20070716,1
20070718,1
20070720,1
20070722,1
20070723,1
20070725,2
20070727,4
20070728,2
20070730,2
20070731,1
20070801,3
20070807,1
20070808,1
20070814,1
20070815,1
20070816,1
20070822,2
20070827,2
20070828,1
20070830,2
20070904,2
20070905,1
20070906,1
20070907,1
20070910,1
20070911,1
20070914,2
20070915,1
20070917,2
20070918,2
20070926,1
20070927,2
20070928,2
20071003,1
20071009,2
20071010,2
20071011,2
20071012,1
20071015,1
20071016,4
20071019,2
20071023,2
20071029,3
20071030,3
20071101,1
20071102,3
20071103,1
20071105,2
20071106,1
20071109,2
20071112,1
20071113,5
20071119,1
20071120,1
20071121,2
20071127,1
20071130,2
20071203,2
20071205,1
20071212,3
20071213,2
20071214,1
20071218,1
20071219,1
20071221,1
20071222,1
20071227,1
20071228,1
20071229,1
20080102,4
20080103,1
20080107,1
20080110,1
20080114,2
20080115,2
20080116,1
20080118,1
20080123,1
20080125,1
20080128,1
20080130,1
20080131,9
20080201,1
20080202,2
20080204,4
20080205,1
20080208,1
20080209,2
20080211,7
20080212,6
20080213,2
20080214,2
20080215,3
20080216,1
20080219,2
20080221,1
20080225,1
20080227,2
20080228,4
20080301,1
20080302,1
20080303,1
20080306,3
20080310,2
20080311,1
20080312,1
20080313,2
20080318,2
20080319,1
20080320,1
20080324,1
20080328,1
20080329,1
20080402,2
20080404,1
20080408,1
20080409,1
20080410,2
20080411,2
20080415,1
20080416,2
20080418,1
20080422,1
20080423,3
20080425,1
20080426,1
20080428,5
20080429,2
20080430,3
20080501,6
20080502,5
20080503,1
20080508,2
20080509,2
20080510,1
20080512,1
20080513,2
20080516,4
20080517,1
20080519,3
20080521,1
20080522,2
20080523,1
20080524,2
20080528,2
20080529,2
20080530,1
20080603,1
20080605,1
20080606,2
20080607,1
20080609,3
20080610,3
20080611,3
20080613,1
20080615,1
20080616,2
20080617,2
20080619,2
20080620,2
20080626,2
20080627,3
20080701,2
20080703,1
20080705,1
20080707,1
20080709,1
20080712,1
20080714,1
20080715,1
20080717,1
20080718,1
20080721,2
20080722,1
20080723,1
20080724,3
20080731,1
20080801,3
20080802,1
20080804,1
20080805,2
20080806,1
20080811,2
20080812,1
20080813,1
20080814,1
20080820,2
20080821,2
20080827,2
20080828,2
20080829,1
20080830,1
20080831,1
20080908,3
20080909,1
20080910,1
20080911,1
20080915,1
20080916,1
20080919,1
20080922,1
20080925,1
20080930,1
20081002,2
20081003,1
20081006,1
20081007,1
20081009,1
20081013,2
20081020,1
20081021,3
20081022,1
20081023,1
20081029,3
20081030,2
20081031,1
20081101,2
20081107,1
20081110,2
20081111,2
20081112,1
20081113,2
20081118,1
20081119,1
20081121,2
20081124,1
20081126,2
20081203,1
20081205,1
20081208,1
20081211,2
20081215,1
20081216,2
20081217,1
20081218,1
20081219,1
20081220,2
20081226,1
20081227,1
20081229,1
20081230,1
20090105,1
20090108,3
20090109,2
20090112,3
20090116,2
20090117,1
20090120,1
20090123,1
20090129,1
20090130,2
20090131,1
20090201,1
20090202,1
20090204,1
20090209,2
20090213,2
20090217,2
20090218,2
20090219,4
20090220,2
20090221,1
20090225,1
20090226,2
20090227,1
20090302,1
20090303,1
20090306,3
20090309,2
20090318,1
20090319,1
20090320,2
20090323,2
20090324,1
20090326,1
20090330,2
20090331,1
20090403,1
20090406,3
20090407,1
20090410,1
20090413,1
20090414,1
20090415,1
20090417,1
20090420,1
20090421,1
20090422,2
20090423,1
20090424,2
20090427,3
20090501,1
20090502,1
20090504,1
20090508,1
20090512,2
20090513,3
20090514,1
20090515,3
20090518,3
20090520,2
20090522,1
20090525,1
20090526,1
20090528,4
20090529,1
20090601,2
20090604,1
20090605,1
20090608,2
20090609,1
20090610,1
20090611,1
20090613,1
20090615,1
20090616,1
20090617,1
20090619,1
20090622,2
20090624,1
20090626,2
20090629,3
20090630,2
20090702,1
20090706,1
20090707,1
20090708,1
20090711,1
20090713,2
20090714,1
20090715,1
20090717,1
20090720,1
20090721,1
20090727,1
20090729,2
20090730,1
20090731,3
20090803,3
20090804,2
20090805,1
20090806,1
20090810,1
20090812,1
20090813,2
20090818,4
20090819,1
20090822,1
20090826,4
20090827,2
20090828,1
20090901,2
20090902,1
20090903,1
20090904,1
20090905,1
20090908,1
20090909,1
20090910,2
20090911,1
20090914,2
20090915,3
20090916,2
20090921,1
20090922,1
20090925,1
20090930,1
20091001,1
20091005,2
20091007,1
20091008,1
20091009,2
20091012,3
20091013,1
20091019,5
20091020,2
20091021,1
20091023,1
20091027,1
20091028,1
20091029,3
20091102,3
20091103,4
20091104,6
20091105,1
20091106,1
20091108,1
20091109,2
20091112,1
20091117,1
20091118,1
20091120,2
20091121,1
20091122,1
20091123,1
20091125,1
20091130,1
20091202,2
20091204,1
20091205,1
20091208,3
20091210,2
20091211,1
20091214,7
20091215,6
20091216,5
20091217,2
20091219,1
20091221,1
20091222,3
20091228,1
20091230,2
20091231,1
20100101,2
20100102,1
20100104,3
20100106,2
20100107,2
20100111,1
20100112,1
20100114,1
20100115,2
20100118,1
20100119,1
20100120,1
20100121,1
20100122,2
20100124,2
20100125,3
20100127,2
20100128,1
20100130,2
20100201,2
20100202,5
20100203,1
20100204,4
20100205,3
20100209,2
20100211,1
20100212,1
20100214,1
20100216,1
20100217,2
20100218,1
20100219,2
20100222,1
20100223,3
20100226,1
20100301,1
20100303,1
20100305,1
20100306,1
20100308,2
20100309,2
20100310,2
20100311,2
20100316,8
20100319,1
20100322,2
20100323,2
20100324,2
20100325,1
20100326,1
20100329,1
20100330,1
20100331,1
20100401,1
20100409,1
20100414,1
20100415,1
20100416,3
20100418,1
20100419,1
20100421,1
20100425,1
20100426,1
20100428,2
20100429,5
20100430,1
20100501,2
20100504,1
20100505,1
20100506,2
20100507,2
20100510,2
20100514,1
20100515,1
20100517,1
20100518,1
20100519,3
20100521,1
20100522,1
20100526,1
20100528,3
20100529,1
20100601,1
20100607,1
20100608,1
20100610,1
20100611,2
20100614,2
20100616,1
20100617,1
20100618,2
20100621,2
20100622,1
20100623,3
20100624,2
20100626,2
20100629,3
20100630,3
20100701,3
20100702,3
20100707,2
20100708,4
20100709,1
20100713,1
20100714,2
20100716,1
20100719,2
20100721,2
20100722,1
20100723,1
20100726,1
20100727,1
20100728,1
20100729,1
20100730,5
20100731,1
20100802,1
20100803,1
20100806,1
20100818,3
20100819,3
20100820,4
20100822,1
20100823,1
20100825,1
20100826,2
20100827,1
20100830,1
20100831,1
20100907,1
20100913,3
20100915,1
20100917,1
20100920,2
20100923,1
20100924,1
20100927,2
20101002,1
20101003,2
20101005,1
20101006,1
20101007,1
20101011,1
20101013,2
20101016,1
20101018,1
20101019,1
20101022,5
20101025,1
20101028,3
20101029,2
20101030,1
20101101,1
20101102,4
20101104,1
20101108,2
20101109,2
20101110,3
20101111,2
20101112,1
20101115,1
20101116,3
20101118,1
20101123,2
20101130,3
20101201,1
20101202,1
20101203,2
20101206,1
20101207,2
20101209,2
20101213,1
20101214,2
20101215,1
20101217,3
20101220,1
20101221,2
20101222,1
20101223,1
20101224,1
20101228,1
20101229,1
20110105,1
20110106,1
20110107,1
20110109,1
20110110,3
20110111,3
20110112,1
20110115,1
20110117,1
20110118,1
20110119,2
20110120,2
20110121,2
20110124,1
20110125,1
20110126,4
20110127,2
20110128,3
20110129,1
20110131,2
20110201,1
20110202,1
20110204,1
20110207,2
20110208,1
20110211,1
20110214,1
20110215,1
20110216,2
20110221,1
20110222,2
20110225,2
20110301,1
20110308,5
20110309,1
20110310,2
20110311,3
20110315,2
20110316,3
20110317,1
20110321,1
20110322,1
20110323,1
20110324,1
20110325,2
20110329,1
20110330,2
20110331,3
20110401,2
20110408,1
20110410,1
20110411,4
20110412,2
20110413,1
20110414,1
20110415,2
20110416,1
20110420,1
20110421,2
20110425,3
20110426,1
20110427,2
20110428,5
20110429,5
20110430,1
20110501,1
20110502,1
20110505,1
20110506,2
20110510,4
20110511,3
20110512,3
20110513,4
20110514,1
20110518,2
20110524,2
20110526,2
20110601,5
20110602,1
20110603,1
20110606,2
20110608,3
20110609,2
20110610,2
20110611,1
20110614,1
20110617,1
20110620,1
20110621,3
20110622,2
20110627,1
20110628,1
20110629,1
20110630,1
20110701,1
20110702,2
20110703,1
20110704,1
20110706,2
20110708,2
20110709,2
20110710,1
20110712,1
20110713,1
20110714,1
20110715,3
20110718,1
20110719,2
20110725,2
20110728,4
20110729,2
20110730,1
20110801,3
20110803,1
20110804,1
20110805,3
20110806,1
20110808,5
20110809,4
20110810,3
20110812,1
20110814,1
20110815,1
20110816,1
20110817,1
20110818,2
20110819,3
20110820,2
20110822,1
20110823,1
20110824,1
20110825,3
20110826,1
20110827,1
20110829,1
20110830,1
20110831,5
20110901,2
20110902,1
20110903,1
20110906,1
20110907,2
20110908,1
20110910,2
20110913,3
20110914,1
20110915,1
20110916,1
20110921,2
20110922,5
20110926,2
20110927,3
20110928,2
20110929,2
20110930,1
20111005,1
20111011,1
20111012,2
20111013,1
20111014,1
20111017,2
20111018,2
20111019,3
20111021,2
20111024,1
20111025,1
20111026,2
20111027,2
20111028,1
20111031,1
20111103,2
20111107,2
20111108,1
20111109,1
20111110,2
20111111,1
20111112,2
20111114,1
20111115,3
20111117,2
20111118,1
20111119,1
20111122,1
20111129,1
20111130,2
20111201,2
20111205,2
20111206,4
20111208,3
20111209,2
20111210,1
20111212,1
20111215,3
20111216,2
20111220,1
20111222,1
20111223,2
20111229,1
20111230,1
20111231,2
20120103,4
20120105,2
20120107,1
20120109,1
20120118,1
20120120,1
20120123,3
20120124,1
20120125,1
20120126,1
20120127,1
20120128,1
20120130,4
20120131,2
20120201,3
20120202,2
20120206,1
20120208,1
20120210,2
20120211,1
20120213,2
20120214,3
20120215,1
20120216,2
20120217,3
20120223,2
20120224,2
20120227,1
20120229,2
20120301,2
20120302,1
20120304,1
20120305,1
20120306,2
20120307,2
20120308,1
20120309,1
20120312,3
20120313,3
20120316,2
20120319,2
20120320,2
20120321,4
20120322,1
20120327,1
20120328,1
20120329,3
20120331,1
20120402,1
20120403,1
20120404,1
20120405,1
20120406,1
20120408,1
20120409,3
20120412,1
20120413,1
20120416,3
20120417,1
20120418,3
20120419,2
20120420,1
20120421,1
20120422,1
20120425,2
20120426,3
20120427,3
20120429,1
20120430,1
20120501,1
20120502,1
20120503,4
20120504,2
20120506,1
20120507,1
20120508,1
20120511,1
20120513,3
20120514,1
20120515,2
20120520,1
20120522,1
20120524,1
20120525,1
20120529,1
20120530,3
20120531,1
20120601,3
20120602,1
20120603,1
20120604,1
20120605,2
20120606,1
20120607,1
20120608,1
20120615,1
20120618,2
20120619,2
20120620,3
20120621,2
20120626,1
20120627,2
20120701,2
20120702,1
20120704,2
20120708,1
20120709,2
20120710,2
20120713,1
20120716,1
20120719,2
20120720,2
20120723,2
20120724,4
20120725,1
20120726,3
20120727,1
20120730,1
20120731,1
20120802,1
20120805,1
20120806,1
20120807,1
20120810,1
20120817,1
20120819,1
20120820,3
20120821,1
20120822,1
20120824,1
20120827,1
20120828,1
20120829,1
20120830,1
20120831,2
20120903,1
20120906,1
20120907,2
20120909,1
20120911,1
20120912,1
20120913,1
20120914,4
20120917,3
20120920,3
20120921,1
20120923,1
20120925,2
20120928,2
20120930,1
20121002,1
20121003,1
20121004,5
20121005,1
20121007,2
20121008,1
20121010,1
20121011,1
20121017,6
20121018,2
20121019,1
20121021,2
20121022,2
20121024,1
20121025,1
20121026,1
20121029,2
20121030,1
20121101,3
20121102,3
20121104,1
20121105,1
20121106,1
20121107,1
20121108,2
20121112,1
20121113,3
20121114,2
20121119,1
20121120,2
20121126,2
20121127,3
20121128,3
20121130,1
20121202,1
20121203,4
20121204,1
20121205,1
20121206,1
20121207,2
20121209,1
20121210,1
20121211,3
20121214,2
20121216,1
20121225,2
20121226,1
20130102,1
20130103,2
20130104,1
20130108,1
20130109,2
20130110,1
20130115,1
20130117,1
20130118,3
20130123,1
20130124,1
20130125,3
20130128,3
20130129,2
20130130,1
20130131,3
20130201,1
20130204,1
20130205,2
20130206,1
20130212,2
20130213,2
20130219,3
20130220,3
20130221,1
20130222,2
20130225,2
20130227,3
20130228,1
20130305,3
20130306,3
20130307,1
20130308,3
20130311,1
20130312,1
20130314,2
20130318,2
20130319,1
20130320,1
20130322,5
20130324,1
20130325,3
20130326,2
20130327,3
20130328,2
20130329,2
20130330,1
20130331,1
20130401,3
20130402,4
20130404,2
20130405,1
20130408,2
20130409,3
20130410,4
20130411,1
20130412,2
20130415,4
20130417,2
20130418,4
20130419,3
20130421,1
20130422,2
20130424,2
20130425,6
20130426,2
20130429,3
20130430,1
20130501,2
20130506,2
20130507,1
20130508,1
20130509,1
20130510,2
20130511,1
20130513,2
20130514,1
20130519,1
20130520,4
20130521,1
20130524,2
20130527,1
20130529,1
20130603,1
20130604,2
20130605,2
20130611,1
20130613,2
20130614,4
20130616,1
20130617,1
20130619,5
20130621,2
20130622,1
20130624,1
20130625,2
20130626,1
20130627,1
20130702,1
20130703,1
20130704,1
20130705,1
20130707,1
20130710,2
20130711,2
20130715,1
20130716,1
20130718,1
20130719,1
20130723,1
20130725,1
20130728,3
20130731,1
20130801,2
20130802,2
20130805,1
20130807,1
20130808,1
20130812,2
20130813,2
20130814,1
20130816,1
20130818,1
20130819,2
20130820,1
20130823,1
20130825,1
20130827,2
20130828,1
20130829,1
20130901,1
20130902,2
20130905,6
20130909,1
20130910,1
20130912,1
20130913,1
20130916,2
20130918,2
20130919,1
20130920,1
20130924,1
20130925,1
20130927,2
20130929,1
20131001,1
20131006,1
20131007,2
20131010,1
20131011,1
20131015,1
20131016,2
20131017,1
20131018,4
20131019,1
20131020,1
20131021,1
20131022,1
20131024,1
20131025,1
20131029,1
20131030,1
20131031,6
20131101,2
20131103,1
20131106,2
20131108,1
20131111,1
20131112,2
20131113,1
20131114,3
20131115,3
20131118,3
20131119,2
20131120,1
20131121,1
20131124,1
20131127,2
20131128,3
20131129,1
20131202,1
20131203,1
20131205,2
20131206,1
20131209,1
20131211,1
20131212,2
20131213,1
20131216,2
20131217,3
20131218,2
20131220,2
20131222,1
20131223,1
20131225,1
20131226,1
20131227,1
20140101,1
20140107,4
20140108,3
20140109,2
20140110,1
20140115,3
20140116,1
20140117,2
20140119,1
20140120,1
20140122,1
20140124,1
20140128,3
20140129,4
20140130,3
20140131,2
20140202,1
20140203,3
20140204,3
20140205,1
20140210,2
20140214,1
20140215,1
20140218,1
20140220,2
20140221,3
20140226,1
20140227,1
20140228,1
20140303,1
20140304,1
20140305,3
20140306,2
20140307,2
20140309,1
20140311,3
20140312,2
20140313,3
20140314,1
20140317,1
20140319,1
20140320,1
20140323,1
20140324,2
20140326,2
20140331,3
20140401,1
20140402,1
20140403,2
20140404,1
20140409,1
20140410,2
20140411,2
20140413,1
20140414,1
20140416,1
20140418,1
20140421,1
20140422,2
20140423,1
20140424,2
20140427,1
20140428,1
20140429,6
20140430,1
20140501,2
20140502,6
20140505,1
20140507,2
20140508,1
20140515,1
20140516,4
20140518,2
20140519,1
20140521,3
20140522,1
20140523,1
20140526,1
20140527,2
20140530,1
20140604,1
20140605,1
20140608,1
20140609,1
20140610,1
20140611,3
20140613,2
20140615,1
20140616,2
20140617,1
20140618,2
20140619,4
20140623,2
20140624,1
20140625,2
20140627,1
20140629,1
20140630,2
20140702,2
20140703,1
20140704,1
20140710,2
20140711,2
20140714,1
20140716,3
20140717,5
20140721,2
20140723,1
20140725,2
20140727,2
20140729,1
20140730,5
20140731,7
20140801,1
20140803,2
20140805,3
20140806,1
20140807,2
20140810,1
20140811,2
20140813,1
20140814,1
20140818,2
20140822,2
20140826,1
20140827,1
20140901,1
20140902,1
20140903,1
20140905,1
20140908,2
20140909,1
20140910,2
20140911,2
20140912,4
20140914,1
20140915,1
20140918,2
20140919,1
20140921,1
20140922,3
20140923,3
20140926,1
20140927,1
20141001,2
20141002,1
20141003,1
20141006,1
20141008,1
20141009,2
20141010,2
20141013,2
20141014,4
20141015,1
20141021,1
20141022,1
20141023,1
20141024,1
20141027,3
20141029,1
20141030,2
20141031,4
20141102,1
20141103,5
20141104,4
20141105,1
20141106,1
20141107,1
20141110,1
20141112,2
20141113,1
20141116,1
20141120,1
20141121,1
20141124,1
20141125,3
20141126,1
20141128,7
20141130,2
20141201,5
20141202,4
20141203,1
20141205,1
20141208,6
20141209,3
20141210,5
20141211,5
20141212,3
20141214,1
20141217,3
20141221,2
20141222,5
20141223,1
20141224,1
20150105,2
20150106,2
20150107,1
20150108,3
20150112,3
20150113,1
20150114,1
20150115,1
20150119,1
20150120,2
20150121,1
20150123,1
20150124,1
20150126,3
20150127,1
20150128,3
20150129,2
20150130,4
20150131,1
20150201,1
20150202,8
20150203,8
20150206,2
20150210,3
20150212,1
20150213,3
20150216,1
20150217,7
20150218,9
20150219,4
20150220,3
20150223,6
20150227,1
20150303,4
20150304,8
20150305,2
20150306,1
20150308,2
20150309,2
20150310,4
20150311,1
20150312,3
20150313,1
20150316,1
20150317,2
20150318,5
20150319,3
20150320,1
20150323,3
20150325,1
20150327,2
20150328,1
20150329,1
20150330,1
20150405,1
20150406,3
20150407,5
20150408,3
20150409,5
20150413,2
20150414,3
20150415,4
20150416,1
20150421,2
20150422,1
20150423,2
20150424,2
20150426,1
20150427,5
20150428,2
20150429,3
20150430,5
