20050826,1
20051101,1
20051121,1
20051122,1
20051126,1
20051208,2
20051212,1
20051229,1
20060112,1
20060217,1
20060403,1
20060404,1
20060419,1
20060425,1
20060426,2
20060504,1
20060517,2
20060522,1
20060526,1
20060527,1
20060615,1
20060621,1
20060622,1
20060623,1
20060703,1
20060713,2
20060714,1
20060724,1
20060726,2
20060727,1
20060815,1
20060821,1
20060822,1
20060823,1
20060828,1
20060829,2
20060831,1
20060901,1
20060907,1
20060908,1
20060912,1
20060913,1
20060921,3
20060923,1
20060924,1
20061002,1
20061006,1
20061007,1
20061010,1
20061012,2
20061014,1
20061018,2
20061021,1
20061025,1
20061026,2
20061116,1
20061117,1
20061118,1
20061212,1
20061218,1
20061219,1
20061220,1
20061227,2
20070104,1
20070108,3
20070110,1
20070111,1
20070116,2
20070117,1
20070122,1
20070129,2
20070130,1
20070206,1
20070207,1
20070208,1
20070209,1
20070210,1
20070214,1
20070301,1
20070313,1
20070316,1
20070319,1
20070321,1
20070324,1
20070404,1
20070406,1
20070409,1
20070410,1
20070418,4
20070508,1
20070514,2
20070515,2
20070518,1
20070521,2
20070522,1
20070523,1
20070524,1
20070526,1
20070529,1
20070530,1
20070531,2
20070604,1
20070606,1
20070607,2
20070613,2
20070614,1
20070617,1
20070619,2
20070620,2
20070622,2
20070623,1
20070625,1
20070628,1
20070702,1
20070707,1
20070709,2
20070710,3
20070711,5
20070713,1
20070716,1
20070718,3
20070719,3
20070720,2
20070724,2
20070725,4
20070726,2
20070727,1
20070730,3
20070731,1
20070801,2
20070806,2
20070807,1
20070810,1
20070814,1
20070817,1
20070820,2
20070821,2
20070822,1
20070823,2
20070825,1
20070827,1
20070828,4
20070829,1
20070901,1
20070902,1
20070904,3
20070907,1
20070910,1
20070913,1
20070917,3
20070918,2
20070919,1
20070921,1
20070924,3
20070925,10
20070926,2
20070927,3
20070928,2
20070930,2
20071001,1
20071002,2
20071003,2
20071004,1
20071005,2
20071009,3
20071010,4
20071011,1
20071012,2
20071013,1
20071015,1
20071016,1
20071017,4
20071018,2
20071019,1
20071020,1
20071021,2
20071023,3
20071024,7
20071025,5
20071026,7
20071027,1
20071028,2
20071029,4
20071030,1
20071101,4
20071102,2
20071103,1
20071105,6
20071106,1
20071107,2
20071108,4
20071109,4
20071113,1
20071115,3
20071116,3
20071117,1
20071119,2
20071121,2
20071124,1
20071126,2
20071127,3
20071128,2
20071130,5
20071201,1
20071203,3
20071204,2
20071205,3
20071206,1
20071207,1
20071210,3
20071211,4
20071212,4
20071213,1
20071214,1
20071215,1
20071217,1
20071218,1
20071219,1
20071222,1
20071226,1
20071227,2
20071228,1
20071229,1
20071231,1
20080102,1
20080104,1
20080106,3
20080109,4
20080114,2
20080115,2
20080116,3
20080117,2
20080118,2
20080122,1
20080124,4
20080125,1
20080128,3
20080129,3
20080130,2
20080131,1
20080201,1
20080202,1
20080204,4
20080205,2
20080206,1
20080207,2
20080211,2
20080212,2
20080213,1
20080214,3
20080215,2
20080216,1
20080217,1
20080218,1
20080219,1
20080220,2
20080221,1
20080225,1
20080226,1
20080227,2
20080228,2
20080229,1
20080304,3
20080305,3
20080306,6
20080307,5
20080310,1
20080313,1
20080314,3
20080318,3
20080319,4
20080320,2
20080321,2
20080324,1
20080325,1
20080326,2
20080327,2
20080328,2
20080329,1
20080331,4
20080401,1
20080403,1
20080404,1
20080405,1
20080408,1
20080410,5
20080411,3
20080413,1
20080414,1
20080415,3
20080416,1
20080417,1
20080421,2
20080422,1
20080423,1
20080424,1
20080429,1
20080430,2
20080501,3
20080502,2
20080503,2
20080504,3
20080505,6
20080506,2
20080507,4
20080508,3
20080509,1
20080512,7
20080513,3
20080514,1
20080516,1
20080517,1
20080519,3
20080520,4
20080521,1
20080522,1
20080523,1
20080524,1
20080527,1
20080528,4
20080530,3
20080531,1
20080602,3
20080604,3
20080605,3
20080609,6
20080610,3
20080611,1
20080613,1
20080615,1
20080616,2
20080618,2
20080619,1
20080620,2
20080623,1
20080624,2
20080625,1
20080627,1
20080630,1
20080702,4
20080703,1
20080705,1
20080707,1
20080708,3
20080709,1
20080710,5
20080711,1
20080714,2
20080715,1
20080717,2
20080718,2
20080720,1
20080721,3
20080722,1
20080723,3
20080724,4
20080725,3
20080728,2
20080729,1
20080730,1
20080731,1
20080802,4
20080803,1
20080804,1
20080805,2
20080806,1
20080807,1
20080811,2
20080812,2
20080813,1
20080818,3
20080820,1
20080821,2
20080822,1
20080823,1
20080824,1
20080825,1
20080826,2
20080828,2
20080829,1
20080903,2
20080904,1
20080905,2
20080910,1
20080911,4
20080912,2
20080915,1
20080916,1
20080917,1
20080918,2
20080919,1
20080925,1
20080929,2
20081001,2
20081003,1
20081004,1
20081007,1
20081008,2
20081016,1
20081017,1
20081018,2
20081020,2
20081021,1
20081024,1
20081027,1
20081029,1
20081030,1
20081104,1
20081105,4
20081107,1
20081110,3
20081111,2
20081112,2
20081113,2
20081115,1
20081117,1
20081118,2
20081119,2
20081121,4
20081124,1
20081126,2
20081129,2
20081202,2
20081203,1
20081205,4
20081206,1
20081208,1
20081209,1
20081210,2
20081211,3
20081214,1
20081215,4
20081216,1
20081217,4
20081218,3
20081221,2
20081223,2
20081224,2
20081230,1
20081231,3
20090102,1
20090107,3
20090108,2
20090109,1
20090111,1
20090114,2
20090116,5
20090120,2
20090121,1
20090122,3
20090127,3
20090128,1
20090129,3
20090130,2
20090131,1
20090203,2
20090204,2
20090205,1
20090206,1
20090207,2
20090209,4
20090210,1
20090211,2
20090212,1
20090213,1
20090217,4
20090218,1
20090219,3
20090220,3
20090223,1
20090226,1
20090227,4
20090302,1
20090303,2
20090304,3
20090305,1
20090307,1
20090309,1
20090311,2
20090312,5
20090313,2
20090317,2
20090318,1
20090319,1
20090321,1
20090323,2
20090324,1
20090325,3
20090326,5
20090328,2
20090331,1
20090401,4
20090402,2
20090403,3
20090404,1
20090406,1
20090407,3
20090408,5
20090409,4
20090413,1
20090414,3
20090415,5
20090416,7
20090417,3
20090418,1
20090420,2
20090421,5
20090422,3
20090423,7
20090424,2
20090425,2
20090426,1
20090427,3
20090428,2
20090429,5
20090430,4
20090501,1
20090502,1
20090504,4
20090505,4
20090506,1
20090507,1
20090508,1
20090511,2
20090512,1
20090513,1
20090514,1
20090515,2
20090518,5
20090519,7
20090520,2
20090521,4
20090523,1
20090526,4
20090527,5
20090528,5
20090529,6
20090530,2
20090601,4
20090602,4
20090603,1
20090604,3
20090605,4
20090606,2
20090608,3
20090609,4
20090611,2
20090612,5
20090613,1
20090615,2
20090616,6
20090617,6
20090618,1
20090619,6
20090622,7
20090623,4
20090624,7
20090625,3
20090626,5
20090629,3
20090630,2
20090701,4
20090702,1
20090703,1
20090706,6
20090707,2
20090708,4
20090709,2
20090710,6
20090713,3
20090714,3
20090715,1
20090716,5
20090717,6
20090719,1
20090720,4
20090721,4
20090722,4
20090723,3
20090724,3
20090727,2
20090728,1
20090729,1
20090730,1
20090731,1
20090803,5
20090804,2
20090806,1
20090807,4
20090808,1
20090810,2
20090811,4
20090812,1
20090813,1
20090814,1
20090815,1
20090817,4
20090818,6
20090819,4
20090820,6
20090821,3
20090822,3
20090824,3
20090825,4
20090826,1
20090827,2
20090828,4
20090831,3
20090901,2
20090903,4
20090904,4
20090906,1
20090907,5
20090908,4
20090909,4
20090911,2
20090913,1
20090914,5
20090915,1
20090916,2
20090917,4
20090918,4
20090920,1
20090921,2
20090922,2
20090923,3
20090924,3
20090925,1
20090926,2
20090928,9
20090929,3
20091001,3
20091002,2
20091003,1
20091005,1
20091006,2
20091011,2
20091012,7
20091013,3
20091014,4
20091015,4
20091016,1
20091017,1
20091019,3
20091020,2
20091021,6
20091022,1
20091023,3
20091025,2
20091026,3
20091027,2
20091028,3
20091029,4
20091030,3
20091031,1
20091102,1
20091103,3
20091104,1
20091105,3
20091106,2
20091108,2
20091109,3
20091110,4
20091111,1
20091112,3
20091113,5
20091114,2
20091115,3
20091116,1
20091117,2
20091118,3
20091119,1
20091120,2
20091122,5
20091123,6
20091124,4
20091125,7
20091126,2
20091127,7
20091128,3
20091130,4
20091201,5
20091202,4
20091203,8
20091204,2
20091205,1
20091206,2
20091207,3
20091208,3
20091210,7
20091211,6
20091214,2
20091215,3
20091216,5
20091217,3
20091218,4
20091219,1
20091221,6
20091222,2
20091223,2
20091224,2
20091226,1
20091227,1
20091228,1
20091229,4
20091230,4
20091231,7
20100101,1
20100102,1
20100103,1
20100104,2
20100105,3
20100106,2
20100107,2
20100108,2
20100110,1
20100112,3
20100113,5
20100114,6
20100115,4
20100117,7
20100118,5
20100119,9
20100120,8
20100121,7
20100122,6
20100123,5
20100124,2
20100125,2
20100126,5
20100127,5
20100128,8
20100129,3
20100130,1
20100201,3
20100202,4
20100203,4
20100204,2
20100205,2
20100206,1
20100207,2
20100208,5
20100209,5
20100210,7
20100211,8
20100212,10
20100213,4
20100215,3
20100216,8
20100217,3
20100218,6
20100219,5
20100220,2
20100221,1
20100222,6
20100223,12
20100224,5
20100225,4
20100226,8
20100227,2
20100301,2
20100302,8
20100303,6
20100304,10
20100305,5
20100306,1
20100307,1
20100308,2
20100309,7
20100310,9
20100311,6
20100312,4
20100313,1
20100315,9
20100316,1
20100317,4
20100318,6
20100319,6
20100321,1
20100322,2
20100323,2
20100324,3
20100325,5
20100326,1
20100327,1
20100328,1
20100329,3
20100331,5
20100401,2
20100402,3
20100403,4
20100404,1
20100405,1
20100406,3
20100407,2
20100408,2
20100409,4
20100411,1
20100412,4
20100413,1
20100414,2
20100415,2
20100416,5
20100417,1
20100419,3
20100421,5
20100422,4
20100425,1
20100426,2
20100427,3
20100428,2
20100429,2
20100430,2
20100502,1
20100504,2
20100505,9
20100506,4
20100508,1
20100510,5
20100511,2
20100512,3
20100513,4
20100514,9
20100515,2
20100517,2
20100518,3
20100519,3
20100520,6
20100521,6
20100524,5
20100525,5
20100526,7
20100527,4
20100528,1
20100529,5
20100531,1
20100601,4
20100602,2
20100603,6
20100604,3
20100605,2
20100606,1
20100607,5
20100608,3
20100609,9
20100610,7
20100611,11
20100613,3
20100614,8
20100615,13
20100616,3
20100617,9
20100618,10
20100619,1
20100620,2
20100621,9
20100622,9
20100623,5
20100624,9
20100625,9
20100626,2
20100627,1
20100628,9
20100629,6
20100630,6
20100701,5
20100702,7
20100703,1
20100705,2
20100706,9
20100707,7
20100708,7
20100709,6
20100712,9
20100713,8
20100714,6
20100715,7
20100716,4
20100717,2
20100718,2
20100719,2
20100720,3
20100721,9
20100722,10
20100723,4
20100724,4
20100725,1
20100726,3
20100727,9
20100728,15
20100729,7
20100730,7
20100731,3
20100801,2
20100802,2
20100803,3
20100804,11
20100805,6
20100806,4
20100807,3
20100808,1
20100809,5
20100810,8
20100811,4
20100812,9
20100813,8
20100814,1
20100815,1
20100816,7
20100817,7
20100818,7
20100819,16
20100820,6
20100821,4
20100822,2
20100823,4
20100824,7
20100825,8
20100826,15
20100827,9
20100828,1
20100829,6
20100830,5
20100831,9
20100901,7
20100902,8
20100903,12
20100904,1
20100905,1
20100907,6
20100908,5
20100909,8
20100910,7
20100911,3
20100912,1
20100913,6
20100914,10
20100915,6
20100916,9
20100917,8
20100918,3
20100920,3
20100921,4
20100922,3
20100923,13
20100924,22
20100925,3
20100926,1
20100927,14
20100928,6
20100929,13
20100930,9
20101001,8
20101002,8
20101003,2
20101004,16
20101005,8
20101006,3
20101007,7
20101008,7
20101009,3
20101010,4
20101011,7
20101012,12
20101013,6
20101014,11
20101015,6
20101016,3
20101017,3
20101018,16
20101019,12
20101020,9
20101021,11
20101022,8
20101023,5
20101024,3
20101025,7
20101026,13
20101027,11
20101028,10
20101029,13
20101030,5
20101031,3
20101101,11
20101102,8
20101103,6
20101104,15
20101105,13
20101106,2
20101108,9
20101109,9
20101110,12
20101111,15
20101112,12
20101113,5
20101114,2
20101115,18
20101116,12
20101117,12
20101118,9
20101119,11
20101120,6
20101122,13
20101123,7
20101124,15
20101125,3
20101126,4
20101127,3
20101128,3
20101129,7
20101130,11
20101201,13
20101202,12
20101203,9
20101204,4
20101206,10
20101207,10
20101208,14
20101209,15
20101210,10
20101211,3
20101212,3
20101213,9
20101214,12
20101215,13
20101216,8
20101217,13
20101218,6
20101219,2
20101220,7
20101221,11
20101222,11
20101223,11
20101224,5
20101226,2
20101227,4
20101228,10
20101229,11
20101230,15
20101231,5
20110102,5
20110103,24
20110104,26
20110105,25
20110106,18
20110107,15
20110108,10
20110109,3
20110110,19
20110111,15
20110112,15
20110113,10
20110114,13
20110115,6
20110117,2
20110118,24
20110119,16
20110120,13
20110121,19
20110122,6
20110123,1
20110124,12
20110125,27
20110126,26
20110127,14
20110128,21
20110129,12
20110130,4
20110131,17
20110201,18
20110202,14
20110203,16
20110204,10
20110205,4
20110206,5
20110207,16
20110208,21
20110209,17
20110210,19
20110211,22
20110212,14
20110214,27
20110215,28
20110216,20
20110217,14
20110218,21
20110219,9
20110221,6
20110222,14
20110223,11
20110224,13
20110225,12
20110226,6
20110227,2
20110228,24
20110301,9
20110302,20
20110303,7
20110304,9
20110305,4
20110306,1
20110307,9
20110308,10
20110309,19
20110310,21
20110311,16
20110312,11
20110313,2
20110314,5
20110315,15
20110316,8
20110317,15
20110318,11
20110319,10
20110320,3
20110321,10
20110322,15
20110323,5
20110324,14
20110325,11
20110326,8
20110327,2
20110328,18
20110329,20
20110330,13
20110331,13
20110401,14
20110402,4
20110403,1
20110404,10
20110405,8
20110406,11
20110407,17
20110408,19
20110409,5
20110411,13
20110412,15
20110413,10
20110414,13
20110415,17
20110416,10
20110417,1
20110418,11
20110419,10
20110420,29
20110421,20
20110422,13
20110423,8
20110424,1
20110425,15
20110426,13
20110427,21
20110428,15
20110429,8
20110430,5
20110501,2
20110502,19
20110503,20
20110504,23
20110505,15
20110506,9
20110507,6
20110508,2
20110509,16
20110510,14
20110511,24
20110512,13
20110513,13
20110514,1
20110515,2
20110516,15
20110517,15
20110518,24
20110519,34
20110520,25
20110521,6
20110522,2
20110523,10
20110524,10
20110525,14
20110526,11
20110527,18
20110528,4
20110529,1
20110530,5
20110531,12
20110601,13
20110602,12
20110603,26
20110604,3
20110605,1
20110606,18
20110607,13
20110608,24
20110609,19
20110610,22
20110611,10
20110612,3
20110613,16
20110614,13
20110615,23
20110616,20
20110617,16
20110618,8
20110619,1
20110620,10
20110621,20
20110622,7
20110623,16
20110624,19
20110625,5
20110626,2
20110627,12
20110628,24
20110629,29
20110630,20
20110701,29
20110702,7
20110703,1
20110704,2
20110705,20
20110706,22
20110707,22
20110708,13
20110709,3
20110710,2
20110711,12
20110712,19
20110713,15
20110714,21
20110715,18
20110716,2
20110718,11
20110719,6
20110720,12
20110721,13
20110722,15
20110723,8
20110724,3
20110725,15
20110726,7
20110727,12
20110728,8
20110729,11
20110730,1
20110801,14
20110802,7
20110803,18
20110804,11
20110805,10
20110806,2
20110807,1
20110808,14
20110809,6
20110810,14
20110811,17
20110812,16
20110813,3
20110815,14
20110816,13
20110817,12
20110818,6
20110819,14
20110820,2
20110821,1
20110822,11
20110823,15
20110824,14
20110825,13
20110826,15
20110827,4
20110828,2
20110829,6
20110830,13
20110831,3
20110901,21
20110902,10
20110903,5
20110905,2
20110906,10
20110907,32
20110908,20
20110909,19
20110910,3
20110911,1
20110912,8
20110913,16
20110914,12
20110915,26
20110916,21
20110917,3
20110918,1
20110919,12
20110920,18
20110921,18
20110922,21
20110923,23
20110924,2
20110925,1
20110926,23
20110927,17
20110928,13
20110929,16
20110930,12
20111001,3
20111002,2
20111003,17
20111004,14
20111005,14
20111006,16
20111007,7
20111008,2
20111010,9
20111011,16
20111012,15
20111013,10
20111014,9
20111015,10
20111016,1
20111017,11
20111018,13
20111019,14
20111020,10
20111021,12
20111022,4
20111023,3
20111024,21
20111025,5
20111026,9
20111027,13
20111028,16
20111029,6
20111030,1
20111031,11
20111101,18
20111102,24
20111103,15
20111104,17
20111105,7
20111107,18
20111108,16
20111109,18
20111110,18
20111111,17
20111112,5
20111113,3
20111114,15
20111115,17
20111116,11
20111117,16
20111118,18
20111119,5
20111120,1
20111121,8
20111122,12
20111123,6
20111124,4
20111125,10
20111126,2
20111127,1
20111128,15
20111129,25
20111130,18
20111201,8
20111202,14
20111203,7
20111205,13
20111206,12
20111207,18
20111208,16
20111209,26
20111210,4
20111211,2
20111212,15
20111213,13
20111214,16
20111215,23
20111216,18
20111217,6
20111219,13
20111220,6
20111221,13
20111222,24
20111223,5
20111224,5
20111227,9
20111228,7
20111229,6
20111230,9
20111231,5
20120102,1
20120103,19
20120104,19
20120105,21
20120106,14
20120107,9
20120108,2
20120109,11
20120110,8
20120111,17
20120112,13
20120113,12
20120114,8
20120115,1
20120116,5
20120117,21
20120118,17
20120119,21
20120120,10
20120121,4
20120122,2
20120123,13
20120124,18
20120125,19
20120126,12
20120127,22
20120128,12
20120129,2
20120130,22
20120131,24
20120201,78
20120202,71
20120203,45
20120204,12
20120205,2
20120206,22
20120207,18
20120208,21
20120209,33
20120210,27
20120211,7
20120212,2
20120213,21
20120214,24
20120215,11
20120216,25
20120217,24
20120218,2
20120220,6
20120221,12
20120222,13
20120223,17
20120224,18
20120225,4
20120226,2
20120227,11
20120228,25
20120229,23
20120301,21
20120302,22
20120303,4
20120304,2
20120305,19
20120306,16
20120307,21
20120308,21
20120309,21
20120310,1
20120311,5
20120312,19
20120313,29
20120314,21
20120315,22
20120316,17
20120317,6
20120318,2
20120319,15
20120320,16
20120321,14
20120322,10
20120323,18
20120324,2
20120325,7
20120326,27
20120327,14
20120328,15
20120329,16
20120330,10
20120331,8
20120401,6
20120402,23
20120403,22
20120404,22
20120405,27
20120406,17
20120407,4
20120408,3
20120409,35
20120410,32
20120411,24
20120412,19
20120413,18
20120414,2
20120415,3
20120416,15
20120417,18
20120418,38
20120419,21
20120420,21
20120421,1
20120422,4
20120423,26
20120424,21
20120425,13
20120426,29
20120427,18
20120428,1
20120429,2
20120430,23
20120501,27
20120502,19
20120503,39
20120504,32
20120505,4
20120506,5
20120507,31
20120508,34
20120509,19
20120510,23
20120511,25
20120512,3
20120513,5
20120514,42
20120515,48
20120516,49
20120517,63
20120518,125
20120519,1
20120520,11
20120521,70
20120522,68
20120523,64
20120524,56
20120525,45
20120526,1
20120527,5
20120528,9
20120529,40
20120530,43
20120531,35
20120601,17
20120602,2
20120603,10
20120604,35
20120605,38
20120606,32
20120607,40
20120608,32
20120609,1
20120610,5
20120611,46
20120612,29
20120613,30
20120614,19
20120615,33
20120616,1
20120617,4
20120618,36
20120619,24
20120620,25
20120621,26
20120622,6
20120624,4
20120625,23
20120626,34
20120627,39
20120628,21
20120629,24
20120630,2
20120701,5
20120702,20
20120703,17
20120704,9
20120705,24
20120706,17
20120708,6
20120709,25
20120710,16
20120711,23
20120712,21
20120713,30
20120714,3
20120715,2
20120716,10
20120717,17
20120718,19
20120719,15
20120720,25
20120721,3
20120722,5
20120723,23
20120724,12
20120725,28
20120726,51
20120727,42
20120728,3
20120729,6
20120730,18
20120731,37
20120801,37
20120802,29
20120803,33
20120805,6
20120806,28
20120807,14
20120808,12
20120809,21
20120810,21
20120812,4
20120813,17
20120814,32
20120815,25
20120816,33
20120817,39
20120818,3
20120819,3
20120820,27
20120821,29
20120822,19
20120823,30
20120824,26
20120826,6
20120827,18
20120828,20
20120829,28
20120830,24
20120831,24
20120902,1
20120903,7
20120904,26
20120905,34
20120906,20
20120907,21
20120909,3
20120910,23
20120911,18
20120912,32
20120913,28
20120914,11
20120915,2
20120916,6
20120917,18
20120918,16
20120919,35
20120920,26
20120921,17
20120922,1
20120923,4
20120924,14
20120925,23
20120926,26
20120927,28
20120928,13
20120929,1
20120930,3
20121001,26
20121002,31
20121003,19
20121004,25
20121005,30
20121006,2
20121007,6
20121008,21
20121009,13
20121010,23
20121011,16
20121012,24
20121013,3
20121014,4
20121015,17
20121016,23
20121017,27
20121018,13
20121019,24
20121020,2
20121021,6
20121022,17
20121023,29
20121024,34
20121025,15
20121026,27
20121028,4
20121029,11
20121030,13
20121031,10
20121101,12
20121102,13
20121104,6
20121105,17
20121106,10
20121107,16
20121108,9
20121109,14
20121111,7
20121112,12
20121113,16
20121114,23
20121115,17
20121116,11
20121117,2
20121118,4
20121119,12
20121120,16
20121121,13
20121122,9
20121123,10
20121125,6
20121126,23
20121127,17
20121128,20
20121129,14
20121130,29
20121202,5
20121203,17
20121204,17
20121205,21
20121206,19
20121207,25
20121208,2
20121209,5
20121210,14
20121211,10
20121212,14
20121213,17
20121214,17
20121215,3
20121216,4
20121217,24
20121218,28
20121219,33
20121220,19
20121221,18
20121223,4
20121224,5
20121225,8
20121226,6
20121227,12
20121228,15
20121229,2
20121230,7
20121231,18
20130101,7
20130102,15
20130103,16
20130104,10
20130105,3
20130106,4
20130107,10
20130108,13
20130109,19
20130110,14
20130111,15
20130112,2
20130113,1
20130114,7
20130115,35
20130116,33
20130117,16
20130118,21
20130119,1
20130120,1
20130121,4
20130122,15
20130123,15
20130124,13
20130125,16
20130126,1
20130127,5
20130128,18
20130129,19
20130130,32
20130131,32
20130201,14
20130202,4
20130203,2
20130204,20
20130205,24
20130206,24
20130207,21
20130208,17
20130209,1
20130210,3
20130211,11
20130212,18
20130213,18
20130214,11
20130215,8
20130217,1
20130218,6
20130219,9
20130220,26
20130221,20
20130222,12
20130223,2
20130224,5
20130225,16
20130226,20
20130227,12
20130228,16
20130301,9
20130302,1
20130303,18
20130304,16
20130305,14
20130306,11
20130307,35
20130308,22
20130309,2
20130310,8
20130311,17
20130312,22
20130313,25
20130314,25
20130315,16
20130316,2
20130317,8
20130318,17
20130319,15
20130320,18
20130321,18
20130322,14
20130323,3
20130324,3
20130325,24
20130326,26
20130327,21
20130328,13
20130329,16
20130330,2
20130331,3
20130401,8
20130402,27
20130403,31
20130404,52
20130405,17
20130406,3
20130407,9
20130408,22
20130409,31
20130410,28
20130411,28
20130412,20
20130413,3
20130414,4
20130415,21
20130416,30
20130417,19
20130418,18
20130419,14
20130420,1
20130421,6
20130422,23
20130423,20
20130424,28
20130425,23
20130426,16
20130428,3
20130429,22
20130430,35
20130501,42
20130502,39
20130503,19
20130504,1
20130505,8
20130506,18
20130507,11
20130508,22
20130509,25
20130510,11
20130511,1
20130512,4
20130513,22
20130514,11
20130515,25
20130516,29
20130517,38
20130518,3
20130519,2
20130520,30
20130521,23
20130522,20
20130523,25
20130524,21
20130525,3
20130527,8
20130528,15
20130529,40
20130530,20
20130531,14
20130602,5
20130603,15
20130604,18
20130605,11
20130606,21
20130607,21
20130608,5
20130609,11
20130610,29
20130611,21
20130612,31
20130613,20
20130614,26
20130615,4
20130616,4
20130617,26
20130618,9
20130619,20
20130620,35
20130621,21
20130622,5
20130623,3
20130624,20
20130625,27
20130626,19
20130627,22
20130628,14
20130629,5
20130630,3
20130701,13
20130702,24
20130703,33
20130704,16
20130705,13
20130706,3
20130707,6
20130708,11
20130709,17
20130710,15
20130711,11
20130712,18
20130713,2
20130714,1
20130715,14
20130716,11
20130717,13
20130718,27
20130719,9
20130720,1
20130721,4
20130722,12
20130723,17
20130724,29
20130725,32
20130726,25
20130727,4
20130728,8
20130729,58
20130730,20
20130731,25
20130801,15
20130802,23
20130803,2
20130804,4
20130805,25
20130806,13
20130807,12
20130808,26
20130809,24
20130810,2
20130811,3
20130812,15
20130813,14
20130814,15
20130815,25
20130816,10
20130817,1
20130818,7
20130819,21
20130820,18
20130821,20
20130822,29
20130823,26
20130824,1
20130825,8
20130826,19
20130827,25
20130828,14
20130829,20
20130830,20
20130831,2
20130901,2
20130902,13
20130903,17
20130904,19
20130905,26
20130906,26
20130907,1
20130908,9
20130909,28
20130910,27
20130911,16
20130912,27
20130913,28
20130915,6
20130916,42
20130917,35
20130918,40
20130919,24
20130920,25
20130922,10
20130923,15
20130924,30
20130925,27
20130926,31
20130927,32
20130928,3
20130929,10
20130930,34
20131001,21
20131002,20
20131003,41
20131004,38
20131005,4
20131006,7
20131007,20
20131008,12
20131009,24
20131010,24
20131011,26
20131013,5
20131014,25
20131015,29
20131016,21
20131017,19
20131018,21
20131019,3
20131020,3
20131021,24
20131022,22
20131023,18
20131024,28
20131025,34
20131026,6
20131027,6
20131028,24
20131029,31
20131030,38
20131031,26
20131101,21
20131102,3
20131103,9
20131104,29
20131105,40
20131106,38
20131107,47
20131108,31
20131109,2
20131110,8
20131111,36
20131112,28
20131113,33
20131114,32
20131115,26
20131116,1
20131117,8
20131118,20
20131119,14
20131120,25
20131121,17
20131122,11
20131123,3
20131124,5
20131125,17
20131126,14
20131127,18
20131128,2
20131129,13
20131130,2
20131201,9
20131202,17
20131203,19
20131204,19
20131205,19
20131206,23
20131207,2
20131208,9
20131209,11
20131210,23
20131211,21
20131212,25
20131213,19
20131214,1
20131215,8
20131216,32
20131217,39
20131218,28
20131219,30
20131220,26
20131221,2
20131222,5
20131223,18
20131224,8
20131225,2
20131226,8
20131227,11
20131228,3
20131229,5
20131230,14
20131231,12
20140101,5
20140102,12
20140103,11
20140105,6
20140106,28
20140107,13
20140108,11
20140109,20
20140110,11
20140111,3
20140112,2
20140113,10
20140114,9
20140115,16
20140116,15
20140117,20
20140118,1
20140119,1
20140120,6
20140121,15
20140122,16
20140123,13
20140124,14
20140125,4
20140126,4
20140127,17
20140128,26
20140129,29
20140130,37
20140131,20
20140201,4
20140202,3
20140203,22
20140204,22
20140205,21
20140206,22
20140207,9
20140208,2
20140209,3
20140210,12
20140211,15
20140212,17
20140213,12
20140214,17
20140215,2
20140216,4
20140217,6
20140218,13
20140219,38
20140220,57
20140221,38
20140222,3
20140223,8
20140224,24
20140225,25
20140226,20
20140227,19
20140228,29
20140302,8
20140303,13
20140304,21
20140305,24
20140306,12
20140307,17
20140308,3
20140309,10
20140310,23
20140311,19
20140312,15
20140313,30
20140314,26
20140315,2
20140316,5
20140317,18
20140318,14
20140319,20
20140320,23
20140321,22
20140322,2
20140323,10
20140324,14
20140325,24
20140326,51
20140327,15
20140328,20
20140329,2
20140330,4
20140331,22
20140401,15
20140402,13
20140403,27
20140404,19
20140405,1
20140406,10
20140407,17
20140408,13
20140409,22
20140410,24
20140411,27
20140412,1
20140413,6
20140414,21
20140415,24
20140416,25
20140417,16
20140418,13
20140420,5
20140421,18
20140422,24
20140423,38
20140424,43
20140425,19
20140426,1
20140427,3
20140428,15
20140429,28
20140430,27
20140501,20
20140502,16
20140503,1
20140504,7
20140505,12
20140506,20
20140507,20
20140508,15
20140509,17
20140510,3
20140511,4
20140512,16
20140513,17
20140514,14
20140515,15
20140516,19
20140517,1
20140518,4
20140519,17
20140520,29
20140521,21
20140522,18
20140523,14
20140524,3
20140525,5
20140526,5
20140527,8
20140528,29
20140529,21
20140530,14
20140601,4
20140602,17
20140603,14
20140604,14
20140605,22
20140606,18
20140608,5
20140609,15
20140610,22
20140611,10
20140612,21
20140613,19
20140614,1
20140615,2
20140616,14
20140617,12
20140618,18
20140619,18
20140620,14
20140621,1
20140622,4
20140623,18
20140624,13
20140625,22
20140626,14
20140627,11
20140628,1
20140629,3
20140630,34
20140701,28
20140702,19
20140703,26
20140704,2
20140705,3
20140706,7
20140707,12
20140708,21
20140709,26
20140710,12
20140711,10
20140712,1
20140713,4
20140714,16
20140715,18
20140716,18
20140717,16
20140718,11
20140719,2
20140720,6
20140721,12
20140722,8
20140723,22
20140724,23
20140725,8
20140726,1
20140727,3
20140728,10
20140729,15
20140730,23
20140731,10
20140801,9
20140802,1
20140803,8
20140804,9
20140805,11
20140806,12
20140807,15
20140808,16
20140809,1
20140810,1
20140811,11
20140812,13
20140813,53
20140814,10
20140815,12
20140816,1
20140817,3
20140818,14
20140819,13
20140820,13
20140821,14
20140822,25
20140824,5
20140825,16
20140826,20
20140827,11
20140828,12
20140829,12
20140831,1
20140901,7
20140902,14
20140903,20
20140904,11
20140905,15
20140907,2
20140908,12
20140909,19
20140910,16
20140911,9
20140912,25
20140914,4
20140915,18
20140916,17
20140917,12
20140918,19
20140919,31
20140920,1
20140921,7
20140922,18
20140923,25
20140924,25
20140925,12
20140926,19
20140927,2
20140928,5
20140929,22
20140930,16
20141001,21
20141002,21
20141003,27
20141004,3
20141005,6
20141006,16
20141007,12
20141008,14
20141009,16
20141010,11
20141011,1
20141012,7
20141013,15
20141014,19
20141015,27
20141016,18
20141017,7
20141018,1
20141019,5
20141020,10
20141021,18
20141022,22
20141023,16
20141024,17
20141026,6
20141027,27
20141028,33
20141029,23
20141030,18
20141031,19
20141102,16
20141103,25
20141104,21
20141105,10
20141106,18
20141107,11
20141108,1
20141109,4
20141110,21
20141111,7
20141112,11
20141113,12
20141114,6
20141115,3
20141116,4
20141117,21
20141118,17
20141119,17
20141120,13
20141121,7
20141123,2
20141124,16
20141125,15
20141126,14
20141127,4
20141128,8
20141201,23
20141202,15
20141203,17
20141204,15
20141205,12
20141207,7
20141208,22
20141209,8
20141210,24
20141211,14
20141212,14
20141214,3
20141215,9
20141216,18
20141217,14
20141218,8
20141219,12
20141220,2
20141221,5
20141222,10
20141223,10
20141224,10
20141225,5
20141226,6
20141228,2
20141229,17
20141230,8
20141231,5
20150101,8
20150102,10
20150103,1
20150104,5
20150105,11
20150106,19
20150107,10
20150108,13
20150109,10
20150111,6
20150112,14
20150113,15
20150114,23
20150115,15
20150116,17
20150117,3
20150118,1
20150119,13
20150120,33
20150121,27
20150122,19
20150123,9
20150125,3
20150126,12
20150127,23
20150128,27
20150129,25
20150130,14
20150131,2
20150201,6
20150202,11
20150203,12
20150204,13
20150205,17
20150206,11
20150207,2
20150208,8
20150209,11
20150210,8
20150211,19
20150212,17
20150213,21
20150214,1
20150215,1
20150216,3
20150217,7
20150218,22
20150219,18
20150220,12
20150222,10
20150223,15
20150224,16
20150225,16
20150226,24
20150227,24
20150228,4
20150301,9
20150302,19
20150303,12
20150304,16
20150305,12
20150306,14
20150307,1
20150308,3
20150309,16
20150310,20
20150311,16
20150312,15
20150313,13
20150314,2
20150315,2
20150316,17
20150317,21
20150318,18
20150319,19
20150320,16
20150322,5
20150323,17
20150324,23
20150325,25
20150326,19
20150327,16
20150329,5
20150330,9
20150331,20
20150401,21
20150402,18
20150403,16
20150404,1
20150405,3
20150406,12
20150407,13
20150408,19
20150409,15
20150410,12
20150411,2
20150412,6
20150413,5
20150414,9
20150415,18
20150416,20
20150417,12
20150418,1
20150419,9
20150420,9
20150421,17
20150422,25
20150423,32
20150424,18
20150426,7
20150427,19
20150428,17
20150429,21
20150430,13
