20050103,1
20050107,1
20050108,1
20050109,1
20050110,1
20050111,1
20050112,1
20050113,2
20050117,1
20050119,2
20050121,1
20050128,1
20050202,2
20050203,1
20050207,1
20050216,3
20050218,2
20050223,1
20050225,2
20050315,1
20050317,1
20050318,2
20050320,1
20050321,1
20050322,2
20050323,1
20050325,1
20050328,1
20050405,1
20050413,1
20050415,4
20050420,1
20050422,2
20050426,1
20050504,1
20050510,1
20050512,1
20050516,1
20050517,3
20050518,1
20050519,1
20050520,1
20050524,3
20050525,1
20050526,1
20050610,2
20050621,1
20050622,1
20050623,2
20050624,4
20050628,1
20050630,1
20050701,1
20050705,1
20050708,1
20050713,1
20050721,1
20050722,2
20050726,1
20050728,1
20050729,3
20050801,2
20050804,1
20050810,1
20050812,1
20050814,1
20050818,1
20050823,1
20050825,1
20050829,1
20050830,1
20050831,1
20050908,1
20050909,1
20050915,2
20050918,1
20050919,2
20050921,2
20050922,3
20050926,1
20050927,1
20050930,1
20051004,1
20051005,2
20051006,3
20051007,3
20051012,2
20051019,1
20051020,2
20051021,1
20051024,1
20051026,1
20051028,1
20051101,2
20051109,1
20051111,2
20051115,2
20051118,1
20051121,1
20051122,2
20051126,1
20051128,1
20051129,1
20051202,1
20051203,1
20051206,3
20051207,2
20051213,1
20051215,1
20051217,1
20051218,1
20051219,1
20051220,1
20051221,3
20051222,6
20051223,3
20051224,2
20051228,1
20051229,1
20051230,1
20060104,1
20060120,1
20060121,1
20060123,1
20060124,1
20060125,1
20060127,1
20060201,1
20060206,1
20060208,1
20060213,1
20060216,1
20060217,1
20060218,1
20060225,1
20060227,2
20060228,1
20060302,1
20060306,2
20060313,2
20060314,1
20060315,1
20060320,1
20060322,1
20060323,2
20060325,1
20060327,2
20060328,1
20060404,2
20060406,1
20060410,1
20060412,2
20060413,1
20060414,2
20060418,1
20060501,1
20060504,2
20060505,2
20060508,1
20060509,1
20060517,2
20060520,1
20060522,1
20060525,1
20060526,1
20060530,1
20060601,1
20060602,1
20060612,2
20060614,1
20060616,2
20060619,3
20060621,5
20060622,6
20060623,2
20060624,2
20060628,1
20060701,2
20060705,2
20060707,1
20060711,1
20060713,1
20060714,2
20060715,1
20060717,1
20060718,1
20060724,2
20060725,1
20060726,2
20060731,1
20060807,1
20060808,1
20060811,1
20060814,1
20060824,1
20060825,1
20060828,2
20060901,2
20060903,1
20060908,1
20060909,2
20060911,1
20060915,1
20060918,1
20060920,1
20060921,2
20060922,2
20060927,1
20061003,2
20061005,1
20061006,1
20061007,1
20061009,1
20061018,1
20061025,1
20061026,1
20061027,1
20061030,2
20061101,1
20061102,2
20061103,1
20061104,1
20061107,3
20061108,6
20061109,1
20061115,1
20061118,1
20061120,2
20061121,1
20061124,1
20061129,1
20061201,2
20061204,1
20061208,1
20061210,1
20061211,1
20061213,1
20061214,1
20061215,1
20061216,2
20061218,1
20061219,1
20061220,5
20061221,3
20061222,2
20061223,1
20061226,1
20061229,1
20070103,2
20070117,1
20070119,1
20070124,1
20070125,1
20070131,2
20070201,1
20070203,3
20070205,1
20070206,1
20070208,1
20070212,1
20070214,1
20070224,1
20070227,1
20070301,1
20070302,2
20070303,1
20070306,1
20070312,2
20070317,1
20070318,1
20070319,1
20070320,1
20070321,4
20070322,2
20070323,2
20070327,2
20070407,1
20070412,1
20070418,1
20070426,1
20070428,1
20070505,2
20070517,1
20070524,1
20070525,3
20070604,3
20070606,1
20070609,1
20070616,1
20070618,1
20070619,2
20070620,5
20070621,2
20070626,1
20070629,1
20070630,1
20070703,2
20070707,1
20070709,1
20070710,2
20070711,1
20070719,2
20070721,1
20070723,1
20070724,2
20070725,1
20070730,1
20070802,1
20070806,1
20070821,1
20070824,1
20070825,1
20070908,1
20070910,1
20070913,2
20070915,2
20070916,1
20070917,1
20070920,6
20070921,3
20070922,2
20070927,2
20070928,1
20071002,2
20071004,1
20071005,1
20071006,1
20071008,1
20071015,1
20071016,1
20071023,1
20071024,1
20071026,2
20071027,1
20071107,1
20071108,1
20071109,2
20071110,1
20071111,1
20071114,1
20071116,4
20071117,2
20071123,1
20071126,3
20071128,1
20071129,2
20071130,3
20071210,1
20071213,3
20071214,2
20071217,2
20071220,4
20071221,3
20071222,1
20071226,5
20071227,2
20071228,1
20071229,1
20080102,1
20080105,2
20080109,1
20080110,2
20080111,4
20080115,1
20080125,1
20080128,1
20080129,1
20080131,1
20080203,2
20080204,2
20080215,1
20080227,1
20080228,3
20080305,1
20080306,2
20080307,1
20080310,3
20080312,1
20080313,1
20080320,5
20080321,1
20080324,1
20080327,1
20080328,1
20080331,1
20080402,1
20080408,1
20080409,3
20080410,1
20080411,2
20080412,1
20080417,2
20080418,2
20080424,1
20080501,1
20080506,2
20080509,1
20080510,2
20080514,1
20080515,2
20080519,2
20080520,1
20080521,1
20080522,3
20080524,1
20080527,1
20080528,1
20080529,1
20080602,1
20080603,1
20080604,2
20080608,1
20080609,1
20080612,2
20080613,1
20080614,1
20080616,2
20080618,10
20080619,10
20080623,2
20080624,1
20080625,2
20080628,1
20080714,1
20080715,1
20080722,1
20080723,1
20080724,2
20080725,1
20080728,1
20080731,1
20080802,1
20080807,1
20080808,4
20080811,2
20080812,1
20080813,2
20080814,2
20080818,1
20080820,2
20080821,1
20080901,1
20080906,1
20080909,1
20080910,2
20080911,2
20080912,1
20080914,1
20080918,3
20080919,1
20080922,1
20080923,1
20080929,1
20081009,1
20081017,1
20081018,1
20081022,1
20081023,1
20081024,2
20081025,1
20081028,1
20081029,1
20081030,1
20081031,1
20081108,1
20081110,1
20081111,1
20081117,2
20081118,1
20081119,1
20081120,1
20081121,1
20081122,1
20081124,1
20081125,1
20081127,1
20081128,1
20081202,1
20081205,1
20081208,1
20081209,3
20081210,4
20081211,1
20081213,1
20081215,1
20081218,4
20081219,3
20081223,1
20081224,1
20081227,1
20081228,1
20081230,2
20081231,1
20090108,2
20090109,2
20090113,2
20090114,3
20090122,1
20090128,1
20090129,3
20090201,2
20090202,2
20090204,1
20090206,1
20090210,1
20090224,1
20090225,1
20090304,1
20090315,1
20090319,1
20090320,2
20090322,1
20090323,5
20090324,2
20090325,2
20090327,1
20090331,1
20090402,1
20090412,1
20090417,1
20090421,1
20090422,1
20090424,2
20090425,1
20090427,1
20090428,2
20090503,1
20090504,1
20090508,1
20090515,1
20090521,1
20090525,1
20090526,2
20090609,1
20090614,1
20090615,1
20090616,1
20090617,3
20090618,4
20090621,1
20090623,1
20090624,1
20090721,3
20090724,2
20090731,1
20090806,1
20090807,2
20090812,2
20090813,2
20090815,1
20090817,1
20090821,1
20090826,1
20090827,1
20090828,1
20090831,1
20090901,1
20090909,2
20090911,2
20090912,3
20090913,1
20090914,3
20090915,1
20090917,1
20090918,3
20090919,1
20090925,1
20091005,2
20091006,1
20091007,2
20091018,1
20091020,3
20091021,1
20091026,1
20091029,1
20091103,1
20091111,2
20091112,3
20091116,4
20091117,1
20091122,1
20091123,1
20091127,1
20091130,1
20091202,1
20091203,1
20091204,1
20091207,1
20091208,3
20091209,2
20091211,2
20091216,1
20091217,2
20091218,7
20091219,1
20091220,2
20091221,3
20091222,1
20091223,1
20091224,1
20091226,1
20100103,1
20100109,2
20100111,1
20100115,1
20100118,1
20100119,1
20100121,1
20100125,2
20100127,1
20100203,1
20100204,1
20100205,2
20100206,1
20100208,1
20100212,1
20100218,1
20100224,2
20100301,1
20100309,1
20100310,1
20100311,2
20100316,1
20100317,1
20100318,2
20100319,1
20100324,2
20100325,2
20100401,2
20100405,1
20100406,1
20100408,1
20100415,1
20100416,2
20100418,3
20100419,2
20100420,1
20100421,1
20100426,1
20100429,1
20100504,1
20100511,2
20100520,1
20100524,1
20100530,1
20100602,1
20100605,1
20100609,1
20100610,1
20100611,1
20100613,1
20100614,2
20100616,5
20100617,6
20100620,1
20100622,2
20100623,1
20100625,1
20100628,2
20100629,2
20100701,2
20100707,2
20100711,1
20100712,1
20100713,1
20100714,1
20100718,1
20100720,1
20100721,1
20100722,2
20100723,2
20100726,6
20100727,3
20100728,1
20100730,2
20100802,2
20100803,2
20100804,1
20100805,1
20100811,1
20100812,1
20100813,1
20100816,1
20100817,1
20100818,2
20100819,1
20100820,2
20100821,1
20100822,1
20100823,2
20100824,4
20100825,1
20100826,1
20100827,1
20100903,1
20100904,2
20100905,2
20100907,1
20100908,3
20100910,2
20100911,1
20100913,3
20100914,1
20100915,2
20100916,7
20100917,2
20100918,1
20100919,1
20100920,1
20100925,1
20100927,1
20100928,1
20100929,2
20100930,1
20101001,1
20101004,3
20101005,1
20101011,1
20101013,1
20101015,1
20101021,3
20101023,1
20101025,3
20101029,1
20101030,5
20101031,2
20101101,4
20101102,1
20101103,2
20101104,1
20101105,1
20101106,1
20101107,1
20101109,1
20101113,1
20101115,1
20101116,1
20101117,2
20101118,2
20101119,1
20101122,2
20101127,1
20101129,1
20101203,1
20101204,1
20101205,1
20101206,1
20101207,1
20101212,1
20101213,2
20101214,1
20101215,3
20101216,7
20101217,1
20101219,1
20101222,1
20101228,1
20101229,1
20101230,1
20110103,1
20110104,1
20110105,1
20110107,2
20110108,2
20110110,1
20110112,1
20110119,1
20110121,1
20110125,1
20110201,4
20110202,2
20110203,1
20110204,1
20110205,1
20110207,1
20110209,2
20110211,2
20110212,1
20110214,2
20110215,1
20110216,3
20110220,1
20110223,1
20110226,1
20110301,1
20110302,1
20110308,1
20110311,1
20110313,1
20110314,3
20110317,8
20110318,4
20110319,1
20110329,4
20110330,1
20110331,3
20110404,1
20110405,2
20110407,1
20110408,2
20110412,2
20110421,2
20110422,1
20110423,1
20110426,2
20110427,1
20110502,1
20110503,1
20110505,2
20110506,1
20110509,1
20110510,2
20110514,1
20110518,2
20110519,1
20110523,1
20110526,1
20110527,1
20110529,1
20110601,1
20110607,1
20110611,1
20110614,1
20110615,1
20110617,2
20110620,3
20110621,1
20110622,12
20110623,5
20110626,2
20110630,1
20110702,1
20110705,1
20110706,1
20110707,1
20110708,1
20110713,1
20110719,1
20110726,1
20110801,1
20110804,3
20110808,2
20110811,4
20110812,2
20110816,1
20110819,3
20110820,2
20110825,1
20110827,3
20110829,2
20110831,1
20110901,1
20110908,1
20110910,1
20110912,3
20110915,2
20110916,1
20110917,1
20110918,1
20110919,1
20110920,1
20110921,1
20110922,9
20110923,6
20110924,3
20110925,1
20110926,1
20110928,1
20110930,1
20111003,1
20111004,1
20111005,1
20111006,2
20111007,1
20111010,1
20111012,4
20111013,1
20111014,1
20111016,1
20111017,3
20111019,2
20111024,4
20111025,3
20111026,2
20111031,1
20111104,1
20111105,1
20111106,1
20111107,1
20111108,2
20111109,1
20111111,1
20111114,1
20111115,1
20111117,2
20111118,2
20111119,1
20111121,1
20111122,2
20111128,1
20111129,1
20111130,2
20111203,1
20111205,4
20111207,1
20111209,2
20111210,1
20111212,3
20111214,1
20111215,12
20111216,3
20111220,2
20111221,1
20111223,2
20111224,3
20111227,1
20111228,1
20111229,1
20120104,1
20120106,1
20120107,1
20120109,2
20120111,1
20120114,1
20120118,1
20120201,3
20120208,2
20120210,1
20120213,5
20120214,1
20120215,2
20120216,1
20120217,3
20120218,1
20120220,1
20120221,6
20120222,1
20120223,1
20120224,1
20120225,1
20120228,1
20120301,1
20120302,1
20120305,4
20120306,1
20120314,1
20120316,3
20120318,1
20120319,11
20120320,1
20120321,2
20120322,12
20120323,1
20120326,1
20120327,3
20120329,2
20120403,1
20120405,1
20120406,1
20120409,2
20120411,1
20120412,2
20120413,1
20120415,1
20120417,1
20120418,1
20120420,1
20120426,1
20120427,1
20120502,1
20120507,1
20120508,1
20120510,3
20120515,6
20120517,1
20120518,1
20120521,1
20120523,1
20120524,1
20120525,1
20120528,1
20120529,2
20120530,2
20120531,1
20120604,3
20120605,1
20120606,1
20120607,2
20120611,1
20120613,1
20120615,2
20120616,1
20120618,4
20120619,8
20120620,2
20120621,1
20120622,1
20120627,1
20120629,1
20120702,1
20120705,2
20120709,1
20120711,1
20120718,1
20120723,3
20120724,1
20120725,1
20120731,1
20120801,3
20120807,2
20120808,1
20120810,1
20120813,2
20120814,1
20120816,1
20120817,1
20120822,1
20120823,1
20120825,2
20120828,1
20120829,2
20120830,1
20120831,2
20120904,2
20120905,13
20120906,2
20120908,3
20120910,3
20120911,1
20120914,3
20120917,5
20120918,16
20120919,4
20120920,1
20120921,6
20120922,1
20120923,2
20120924,2
20120925,2
20120926,3
20120927,1
20120928,4
20120930,2
20121001,3
20121002,2
20121003,3
20121004,1
20121007,1
20121009,1
20121010,5
20121011,2
20121012,1
20121016,1
20121018,2
20121022,2
20121023,2
20121026,1
20121030,1
20121105,4
20121108,1
20121109,1
20121112,1
20121115,4
20121116,2
20121118,1
20121120,2
20121123,1
20121127,2
20121128,1
20121130,2
20121202,1
20121203,2
20121204,4
20121206,4
20121207,1
20121209,1
20121211,3
20121212,1
20121213,1
20121214,6
20121217,2
20121218,2
20121219,10
20121220,2
20121221,3
20121225,1
20130103,1
20130106,1
20130108,2
20130111,1
20130114,3
20130120,2
20130124,1
20130125,1
20130129,4
20130130,1
20130131,1
20130206,1
20130207,1
20130208,2
20130210,1
20130213,1
20130221,1
20130301,2
20130303,2
20130306,1
20130307,1
20130308,1
20130313,1
20130315,2
20130318,1
20130319,2
20130320,7
20130321,3
20130322,2
20130325,1
20130326,1
20130328,1
20130329,4
20130401,1
20130402,1
20130403,1
20130404,2
20130405,1
20130407,1
20130408,1
20130410,1
20130423,2
20130424,2
20130425,1
20130429,1
20130502,1
20130506,1
20130507,1
20130511,1
20130522,1
20130523,5
20130526,1
20130605,1
20130612,1
20130613,2
20130619,7
20130620,1
20130625,2
20130626,1
20130627,1
20130702,2
20130707,1
20130709,1
20130710,3
20130712,2
20130715,3
20130716,2
20130718,1
20130719,1
20130723,3
20130724,2
20130731,4
20130801,1
20130802,1
20130808,1
20130814,1
20130815,3
20130816,1
20130818,1
20130823,1
20130825,1
20130903,2
20130909,2
20130910,3
20130913,1
20130916,2
20130917,1
20130918,6
20130922,1
20130923,1
20130924,2
20130927,1
20130930,1
20131002,1
20131003,1
20131008,1
20131013,1
20131015,2
20131016,2
20131017,1
20131022,2
20131023,4
20131024,1
20131025,3
20131029,1
20131030,1
20131104,1
20131105,1
20131106,1
20131109,1
20131111,4
20131112,3
20131113,3
20131114,4
20131115,4
20131121,1
20131122,1
20131124,1
20131125,1
20131129,1
20131202,3
20131204,1
20131209,2
20131210,3
20131211,1
20131217,1
20131218,9
20131219,5
20131220,2
20131222,3
20131223,3
20131225,4
20131226,5
20131227,2
20131229,1
20131230,1
20140102,1
20140103,1
20140106,2
20140117,1
20140121,1
20140122,1
20140123,1
20140124,1
20140128,1
20140130,1
20140203,1
20140205,1
20140207,1
20140211,1
20140212,1
20140213,2
20140214,1
20140218,1
20140219,1
20140221,2
20140226,1
20140227,1
20140228,1
20140303,1
20140311,1
20140314,1
20140317,2
20140318,2
20140319,6
20140320,2
20140324,1
20140325,1
20140327,1
20140328,1
20140331,1
20140401,1
20140404,4
20140407,1
20140408,1
20140410,2
20140411,6
20140412,2
20140414,1
20140415,2
20140422,1
20140423,1
20140424,3
20140425,4
20140426,1
20140429,4
20140430,1
20140501,1
20140502,2
20140505,1
20140507,6
20140508,3
20140512,1
20140518,3
20140519,1
20140528,1
20140530,1
20140604,1
20140606,1
20140609,1
20140610,1
20140613,1
20140617,6
20140618,10
20140619,1
20140620,1
20140624,1
20140627,1
20140704,1
20140710,1
20140711,1
20140714,1
20140715,4
20140716,3
20140717,2
20140718,5
20140721,2
20140722,1
20140724,1
20140725,1
20140727,1
20140728,3
20140729,2
20140730,2
20140801,2
20140804,2
20140805,1
20140808,1
20140809,1
20140811,4
20140813,5
20140814,1
20140815,2
20140818,4
20140820,1
20140821,2
20140822,3
20140901,1
20140903,1
20140904,2
20140905,5
20140907,1
20140911,1
20140912,2
20140914,2
20140915,2
20140916,2
20140917,6
20140918,2
20140919,1
20140922,1
20140923,3
20140924,3
20140925,1
20140926,2
20140927,1
20141001,2
20141002,3
20141003,4
20141005,1
20141007,1
20141009,1
20141010,1
20141013,2
20141015,1
20141016,1
20141020,1
20141022,4
20141023,2
20141024,1
20141027,2
20141029,6
20141030,2
20141031,1
20141103,2
20141105,4
20141106,6
20141107,4
20141112,2
20141114,3
20141115,1
20141116,1
20141117,1
20141118,5
20141119,3
20141120,1
20141123,1
20141128,1
20141202,1
20141210,2
20141211,2
20141214,1
20141216,4
20141217,8
20141218,4
20141221,1
20141223,1
20141224,5
20141225,1
20141226,1
20141229,2
20141230,2
20150105,1
20150106,2
20150108,1
20150109,1
20150115,1
20150116,1
20150122,2
20150123,2
20150127,1
20150130,1
20150202,2
20150203,1
20150206,1
20150212,1
20150213,1
20150216,1
20150217,1
20150218,2
20150219,1
20150222,1
20150223,2
20150224,4
20150225,1
20150302,1
20150308,2
20150309,2
20150311,1
20150315,1
20150317,1
20150318,10
20150319,4
20150320,4
20150326,2
20150327,1
20150330,1
20150402,1
20150407,17
20150408,5
20150409,1
20150412,1
20150414,5
20150419,1
20150422,1
20150426,1
20150427,1
20150428,1
20150429,1
