20050102,3
20050103,10
20050104,11
20050105,14
20050106,18
20050107,14
20050108,1
20050109,3
20050110,13
20050111,8
20050112,14
20050113,16
20050114,9
20050116,4
20050117,14
20050118,23
20050119,11
20050120,15
20050121,18
20050123,2
20050124,18
20050125,13
20050126,12
20050127,12
20050128,22
20050130,2
20050131,14
20050201,13
20050202,19
20050203,14
20050204,24
20050206,3
20050207,15
20050208,17
20050209,16
20050210,9
20050211,19
20050212,1
20050213,4
20050214,17
20050215,18
20050216,15
20050217,21
20050218,16
20050220,2
20050221,4
20050222,13
20050223,23
20050224,15
20050225,18
20050227,3
20050228,22
20050301,25
20050302,21
20050303,14
20050304,17
20050306,2
20050307,18
20050308,20
20050309,21
20050310,13
20050311,12
20050313,2
20050314,14
20050315,15
20050316,21
20050317,11
20050318,17
20050320,3
20050321,16
20050322,20
20050323,22
20050324,19
20050325,11
20050327,2
20050328,11
20050329,13
20050330,19
20050331,11
20050401,13
20050403,6
20050404,10
20050405,22
20050406,17
20050407,8
20050408,12
20050410,2
20050411,14
20050412,13
20050413,19
20050414,7
20050415,13
20050416,1
20050417,4
20050418,20
20050419,14
20050420,18
20050421,12
20050422,15
20050424,2
20050425,16
20050426,17
20050427,20
20050428,11
20050429,13
20050501,5
20050502,9
20050503,11
20050504,14
20050505,21
20050506,16
20050508,3
20050509,19
20050510,13
20050511,17
20050512,12
20050513,14
20050515,3
20050516,14
20050517,10
20050518,14
20050519,16
20050520,12
20050521,1
20050522,3
20050523,13
20050524,14
20050525,18
20050526,15
20050527,19
20050529,4
20050530,4
20050531,13
20050601,17
20050602,15
20050603,15
20050605,4
20050606,15
20050607,16
20050608,25
20050609,14
20050610,14
20050612,5
20050613,11
20050614,20
20050615,16
20050616,20
20050617,19
20050619,2
20050620,12
20050621,11
20050622,20
20050623,22
20050624,23
20050625,1
20050626,4
20050627,12
20050628,11
20050629,13
20050630,26
20050701,18
20050703,3
20050704,2
20050705,20
20050706,13
20050707,7
20050708,15
20050709,1
20050710,4
20050711,8
20050712,15
20050713,14
20050714,11
20050715,10
20050717,4
20050718,14
20050719,11
20050720,12
20050721,19
20050722,9
20050724,5
20050725,12
20050726,19
20050727,18
20050728,15
20050729,7
20050731,1
20050801,9
20050802,14
20050803,9
20050804,16
20050805,11
20050807,3
20050808,7
20050809,11
20050810,16
20050811,11
20050812,11
20050814,3
20050815,4
20050816,13
20050817,11
20050818,15
20050819,12
20050821,2
20050822,12
20050823,22
20050824,16
20050825,15
20050826,13
20050828,5
20050829,12
20050830,10
20050831,8
20050901,11
20050902,8
20050903,2
20050904,4
20050905,7
20050906,9
20050907,11
20050908,22
20050909,20
20050911,3
20050912,12
20050913,23
20050914,17
20050915,18
20050916,15
20050917,12
20050918,5
20050919,10
20050920,12
20050921,25
20050922,17
20050923,21
20050924,7
20050926,17
20050927,17
20050928,22
20050929,16
20050930,19
20051001,7
20051002,2
20051003,10
20051004,17
20051005,14
20051006,7
20051007,18
20051008,9
20051009,2
20051010,21
20051011,17
20051012,19
20051013,12
20051014,17
20051015,5
20051016,3
20051017,16
20051018,18
20051019,16
20051020,15
20051021,16
20051022,4
20051023,3
20051024,14
20051025,9
20051026,14
20051027,21
20051028,9
20051029,3
20051030,2
20051031,12
20051101,16
20051102,14
20051103,11
20051104,9
20051105,2
20051106,2
20051107,5
20051108,15
20051109,17
20051110,15
20051111,15
20051112,6
20051113,3
20051114,13
20051115,22
20051116,20
20051117,11
20051118,11
20051119,9
20051120,3
20051121,14
20051122,18
20051123,19
20051125,9
20051126,8
20051127,2
20051128,11
20051129,15
20051130,17
20051201,23
20051202,21
20051203,6
20051204,3
20051205,11
20051206,24
20051207,11
20051208,13
20051209,13
20051210,5
20051211,2
20051212,7
20051213,17
20051214,27
20051215,9
20051216,13
20051217,7
20051218,1
20051219,13
20051220,11
20051221,8
20051222,9
20051223,9
20051224,1
20051225,1
20051226,1
20051227,12
20051228,7
20051229,12
20051230,7
20051231,2
20060101,2
20060103,14
20060104,7
20060105,10
20060106,9
20060107,5
20060108,1
20060109,12
20060110,10
20060111,15
20060112,15
20060113,9
20060114,5
20060115,2
20060116,11
20060117,11
20060118,11
20060119,8
20060120,19
20060121,8
20060122,6
20060123,15
20060124,13
20060125,13
20060126,17
20060127,14
20060128,8
20060129,5
20060130,15
20060131,21
20060201,14
20060202,9
20060203,14
20060204,4
20060205,2
20060206,15
20060207,15
20060208,19
20060209,19
20060210,9
20060211,6
20060212,1
20060213,16
20060214,15
20060215,20
20060216,21
20060217,10
20060218,4
20060219,2
20060220,5
20060221,11
20060222,11
20060223,19
20060224,14
20060225,6
20060226,3
20060227,16
20060228,22
20060301,21
20060302,21
20060303,16
20060304,3
20060305,2
20060306,11
20060307,11
20060308,15
20060309,18
20060310,18
20060311,9
20060313,7
20060314,16
20060315,17
20060316,15
20060317,18
20060318,5
20060319,1
20060320,13
20060321,11
20060322,11
20060323,22
20060324,21
20060325,5
20060326,3
20060327,19
20060328,13
20060329,19
20060330,11
20060331,13
20060401,5
20060402,2
20060403,18
20060404,23
20060405,17
20060406,17
20060407,13
20060408,8
20060409,2
20060410,17
20060411,7
20060412,17
20060413,16
20060414,11
20060415,7
20060416,2
20060417,13
20060418,16
20060419,19
20060420,18
20060421,23
20060422,4
20060423,3
20060424,20
20060425,20
20060426,12
20060427,23
20060428,8
20060429,6
20060430,2
20060501,12
20060502,13
20060503,22
20060504,16
20060505,15
20060506,7
20060507,3
20060508,18
20060509,17
20060510,16
20060511,17
20060512,11
20060513,5
20060514,3
20060515,14
20060516,18
20060517,12
20060518,19
20060519,20
20060520,5
20060521,3
20060522,15
20060523,13
20060524,17
20060525,12
20060526,15
20060527,7
20060528,2
20060529,2
20060530,13
20060531,13
20060601,15
20060602,11
20060603,6
20060605,11
20060606,9
20060607,13
20060608,13
20060609,10
20060610,7
20060611,5
20060612,12
20060613,17
20060614,21
20060615,14
20060616,12
20060617,2
20060618,2
20060619,11
20060620,7
20060621,18
20060622,14
20060623,24
20060624,10
20060625,3
20060626,20
20060627,17
20060628,15
20060629,13
20060630,17
20060701,3
20060702,2
20060703,20
20060704,5
20060705,11
20060706,14
20060707,13
20060708,5
20060709,2
20060710,6
20060711,11
20060712,20
20060713,16
20060714,9
20060715,6
20060716,2
20060717,10
20060718,15
20060719,11
20060720,11
20060721,16
20060722,8
20060723,3
20060724,12
20060725,14
20060726,18
20060727,18
20060728,16
20060729,6
20060730,2
20060731,16
20060801,13
20060802,17
20060803,11
20060804,13
20060805,3
20060806,1
20060807,13
20060808,12
20060809,18
20060810,16
20060811,15
20060812,5
20060813,3
20060814,11
20060815,13
20060816,12
20060817,8
20060818,9
20060819,4
20060820,2
20060821,9
20060822,9
20060823,16
20060824,14
20060825,11
20060826,6
20060827,2
20060828,13
20060829,13
20060830,15
20060831,13
20060901,18
20060902,6
20060903,3
20060904,5
20060905,18
20060906,11
20060907,13
20060908,14
20060909,3
20060910,3
20060911,13
20060912,11
20060913,19
20060914,21
20060915,28
20060916,6
20060917,6
20060918,18
20060919,19
20060920,34
20060921,7
20060922,11
20060923,7
20060924,4
20060925,17
20060926,21
20060927,16
20060928,21
20060929,10
20060930,7
20061001,2
20061002,20
20061003,14
20061004,9
20061005,10
20061006,7
20061007,9
20061008,1
20061009,17
20061010,15
20061011,17
20061012,20
20061013,13
20061014,8
20061015,2
20061016,10
20061017,15
20061018,17
20061019,13
20061020,16
20061021,7
20061022,3
20061023,14
20061024,10
20061025,18
20061026,20
20061027,11
20061028,7
20061029,2
20061030,14
20061031,16
20061101,15
20061102,13
20061103,15
20061104,5
20061105,1
20061106,10
20061107,12
20061108,12
20061109,15
20061110,14
20061111,6
20061112,3
20061113,7
20061114,12
20061115,13
20061116,9
20061117,15
20061118,9
20061119,2
20061120,14
20061121,16
20061122,14
20061123,8
20061124,10
20061125,4
20061126,1
20061127,10
20061128,18
20061129,16
20061130,15
20061201,9
20061202,8
20061203,2
20061204,6
20061205,17
20061206,14
20061207,16
20061208,16
20061209,7
20061210,4
20061211,10
20061212,17
20061213,15
20061214,17
20061215,13
20061216,7
20061217,3
20061218,12
20061219,9
20061220,18
20061221,11
20061222,8
20061223,7
20061224,5
20061226,7
20061227,17
20061228,4
20061229,13
20061230,8
20061231,2
20070101,3
20070102,28
20070103,11
20070104,7
20070105,12
20070106,9
20070107,4
20070108,9
20070109,9
20070110,16
20070111,16
20070112,20
20070113,7
20070114,2
20070115,1
20070116,7
20070117,12
20070118,21
20070119,23
20070120,4
20070121,2
20070122,21
20070123,18
20070124,23
20070125,15
20070126,12
20070127,6
20070128,3
20070129,8
20070130,16
20070131,17
20070201,16
20070202,10
20070203,7
20070204,2
20070205,13
20070206,16
20070207,16
20070208,19
20070209,22
20070210,13
20070211,3
20070212,21
20070213,12
20070214,15
20070215,13
20070216,19
20070217,6
20070218,3
20070220,9
20070221,14
20070222,12
20070223,19
20070224,8
20070225,1
20070226,14
20070227,7
20070228,16
20070301,27
20070302,16
20070303,5
20070304,2
20070305,14
20070306,14
20070307,21
20070308,19
20070309,24
20070310,6
20070311,2
20070312,16
20070313,17
20070314,18
20070315,18
20070316,16
20070317,7
20070318,2
20070319,12
20070320,9
20070321,20
20070322,16
20070323,13
20070324,5
20070325,1
20070326,16
20070327,12
20070328,14
20070329,13
20070330,11
20070331,9
20070401,1
20070402,16
20070403,16
20070404,14
20070405,16
20070406,9
20070407,5
20070408,4
20070409,11
20070410,4
20070411,15
20070412,13
20070413,16
20070414,12
20070415,1
20070416,19
20070417,16
20070418,20
20070419,15
20070420,15
20070421,8
20070422,1
20070423,11
20070424,18
20070425,16
20070426,15
20070427,9
20070428,5
20070429,2
20070430,16
20070501,10
20070502,14
20070503,23
20070504,9
20070505,13
20070506,3
20070507,17
20070508,19
20070509,27
20070510,13
20070511,22
20070512,11
20070513,2
20070514,16
20070515,30
20070516,26
20070517,11
20070518,21
20070519,8
20070520,3
20070521,25
20070522,21
20070523,21
20070524,21
20070525,17
20070526,8
20070527,1
20070528,1
20070529,21
20070530,22
20070531,16
20070601,14
20070602,8
20070603,4
20070604,17
20070605,17
20070606,12
20070607,9
20070608,14
20070609,7
20070610,2
20070611,21
20070612,18
20070613,13
20070614,21
20070615,19
20070616,11
20070617,3
20070618,19
20070619,16
20070620,27
20070621,16
20070622,18
20070623,11
20070624,1
20070625,20
20070626,22
20070627,20
20070628,21
20070629,15
20070630,8
20070701,3
20070702,22
20070703,8
20070704,8
20070705,16
20070706,17
20070707,7
20070708,3
20070709,30
20070710,18
20070711,28
20070712,20
20070713,22
20070714,9
20070715,4
20070716,13
20070717,15
20070718,24
20070719,21
20070720,17
20070721,7
20070722,3
20070723,19
20070724,27
20070725,30
20070726,31
20070727,22
20070728,7
20070729,3
20070730,15
20070731,27
20070801,19
20070802,25
20070803,16
20070804,6
20070805,1
20070806,22
20070807,15
20070808,9
20070809,24
20070810,21
20070811,12
20070812,2
20070813,13
20070814,19
20070815,16
20070816,25
20070817,15
20070818,13
20070820,19
20070821,15
20070822,19
20070823,25
20070824,19
20070825,11
20070826,4
20070827,20
20070828,21
20070829,21
20070830,28
20070831,27
20070901,8
20070902,1
20070903,9
20070904,22
20070905,28
20070906,29
20070907,18
20070908,7
20070909,1
20070910,22
20070911,26
20070912,21
20070913,24
20070914,22
20070915,8
20070916,6
20070917,17
20070918,16
20070919,21
20070920,28
20070921,21
20070922,10
20070923,2
20070924,15
20070925,20
20070926,22
20070927,21
20070928,21
20070929,4
20070930,2
20071001,22
20071002,22
20071003,13
20071004,18
20071005,17
20071006,11
20071007,1
20071008,22
20071009,18
20071010,20
20071011,19
20071012,19
20071013,9
20071014,4
20071015,17
20071016,20
20071017,22
20071018,27
20071019,27
20071020,10
20071021,6
20071022,16
20071023,21
20071024,16
20071025,9
20071026,16
20071027,8
20071029,14
20071030,14
20071031,20
20071101,16
20071102,18
20071103,4
20071104,3
20071105,20
20071106,17
20071107,15
20071108,20
20071109,19
20071110,5
20071111,1
20071112,16
20071113,13
20071114,18
20071115,23
20071116,17
20071117,7
20071118,2
20071119,16
20071120,19
20071121,14
20071122,6
20071123,20
20071124,7
20071125,2
20071126,20
20071127,19
20071128,18
20071129,16
20071130,18
20071201,10
20071202,2
20071203,20
20071204,18
20071205,24
20071206,16
20071207,21
20071208,9
20071209,2
20071210,18
20071211,27
20071212,23
20071213,26
20071214,17
20071215,8
20071216,3
20071217,16
20071218,13
20071219,23
20071220,17
20071221,26
20071222,5
20071223,1
20071224,13
20071225,1
20071226,18
20071227,5
20071228,17
20071229,9
20071230,3
20071231,15
20080101,1
20080102,21
20080103,14
20080104,11
20080105,7
20080106,2
20080107,11
20080108,15
20080109,13
20080110,20
20080111,19
20080112,11
20080113,4
20080114,16
20080115,20
20080116,15
20080117,23
20080118,27
20080119,6
20080120,3
20080121,9
20080122,42
20080123,17
20080124,22
20080125,31
20080126,4
20080127,2
20080128,20
20080129,26
20080130,22
20080131,35
20080201,20
20080202,7
20080203,1
20080204,23
20080205,19
20080206,24
20080207,18
20080208,26
20080209,8
20080210,3
20080211,30
20080212,17
20080213,34
20080214,26
20080215,17
20080216,7
20080218,7
20080219,20
20080220,18
20080221,26
20080222,25
20080223,6
20080224,2
20080225,31
20080226,20
20080227,21
20080228,28
20080229,25
20080301,7
20080302,1
20080303,27
20080304,23
20080305,33
20080306,26
20080307,22
20080308,11
20080309,2
20080310,27
20080311,24
20080312,32
20080313,20
20080314,17
20080315,11
20080316,4
20080317,24
20080318,30
20080319,24
20080320,17
20080321,19
20080322,13
20080323,3
20080324,22
20080325,27
20080326,28
20080327,21
20080328,19
20080329,10
20080330,3
20080331,22
20080401,28
20080402,25
20080403,28
20080404,26
20080405,9
20080406,5
20080407,24
20080408,26
20080409,25
20080410,21
20080411,21
20080412,12
20080413,4
20080414,26
20080415,27
20080416,26
20080417,25
20080418,30
20080419,5
20080420,2
20080421,36
20080422,23
20080423,24
20080424,22
20080425,14
20080426,6
20080427,1
20080428,13
20080429,16
20080430,12
20080501,20
20080502,18
20080503,11
20080504,3
20080505,13
20080506,19
20080507,21
20080508,18
20080509,16
20080510,8
20080511,1
20080512,21
20080513,32
20080514,20
20080515,18
20080516,10
20080517,8
20080518,2
20080519,15
20080520,10
20080521,13
20080522,23
20080523,17
20080524,2
20080525,1
20080526,4
20080527,13
20080528,18
20080529,12
20080530,10
20080531,8
20080601,1
20080602,18
20080603,26
20080604,23
20080605,20
20080606,14
20080607,10
20080608,3
20080609,19
20080610,22
20080611,22
20080612,15
20080613,28
20080614,10
20080615,3
20080616,20
20080617,20
20080618,21
20080619,27
20080620,27
20080621,6
20080622,2
20080623,20
20080624,16
20080625,28
20080626,24
20080627,19
20080628,6
20080629,4
20080630,16
20080701,16
20080702,25
20080703,23
20080704,2
20080705,4
20080706,4
20080707,13
20080708,17
20080709,23
20080710,24
20080711,18
20080712,10
20080713,3
20080714,26
20080715,18
20080716,21
20080717,24
20080718,28
20080719,8
20080720,1
20080721,19
20080722,15
20080723,16
20080724,25
20080725,19
20080726,12
20080727,3
20080728,31
20080729,23
20080730,20
20080731,27
20080801,12
20080802,7
20080803,2
20080804,15
20080805,27
20080806,19
20080807,24
20080808,15
20080809,8
20080810,3
20080811,13
20080812,9
20080813,15
20080814,11
20080815,6
20080816,12
20080817,5
20080818,9
20080819,8
20080820,17
20080821,17
20080822,15
20080823,5
20080824,8
20080825,11
20080826,21
20080827,18
20080828,17
20080829,24
20080830,11
20080831,5
20080901,6
20080902,21
20080903,16
20080904,20
20080905,14
20080906,15
20080907,11
20080908,26
20080909,38
20080910,30
20080911,34
20080912,30
20080913,15
20080914,15
20080915,33
20080916,34
20080917,32
20080918,35
20080919,30
20080920,19
20080921,12
20080922,28
20080923,38
20080924,21
20080925,36
20080926,28
20080927,15
20080928,13
20080929,21
20080930,56
20081001,73
20081002,42
20081003,30
20081004,17
20081005,12
20081006,23
20081007,39
20081008,36
20081009,36
20081010,35
20081011,20
20081012,13
20081013,29
20081014,33
20081015,37
20081016,28
20081017,24
20081018,23
20081019,14
20081020,24
20081021,36
20081022,39
20081023,27
20081024,35
20081025,20
20081026,11
20081027,21
20081028,38
20081029,31
20081030,25
20081031,25
20081101,8
20081102,14
20081103,27
20081104,26
20081105,25
20081106,25
20081107,32
20081108,12
20081109,12
20081110,25
20081111,27
20081112,30
20081113,39
20081114,19
20081115,24
20081116,10
20081117,24
20081118,27
20081119,29
20081120,27
20081121,21
20081122,10
20081123,12
20081124,15
20081125,24
20081126,28
20081127,10
20081128,16
20081129,10
20081130,11
20081201,23
20081202,33
20081203,43
20081204,19
20081205,24
20081206,13
20081207,13
20081208,13
20081209,17
20081210,19
20081211,16
20081212,13
20081213,17
20081214,10
20081215,16
20081216,15
20081217,39
20081218,26
20081219,20
20081220,13
20081221,12
20081222,22
20081223,35
20081224,16
20081226,14
20081227,9
20081228,9
20081229,15
20081230,17
20081231,30
20090101,1
20090102,16
20090103,11
20090104,12
20090105,16
20090106,17
20090107,24
20090108,27
20090109,18
20090110,11
20090111,11
20090112,18
20090113,23
20090114,35
20090115,29
20090116,23
20090117,7
20090118,9
20090119,4
20090120,23
20090121,29
20090122,38
20090123,28
20090124,15
20090125,10
20090126,21
20090127,21
20090128,35
20090129,29
20090130,24
20090131,11
20090201,10
20090202,26
20090203,17
20090204,21
20090205,29
20090206,21
20090207,11
20090208,9
20090209,18
20090210,30
20090211,25
20090212,29
20090213,21
20090214,14
20090215,14
20090216,11
20090217,33
20090218,37
20090219,30
20090220,29
20090221,11
20090222,7
20090223,23
20090224,26
20090225,35
20090226,36
20090227,28
20090228,13
20090301,11
20090302,19
20090303,23
20090304,23
20090305,24
20090306,27
20090307,9
20090308,9
20090309,36
20090310,23
20090311,31
20090312,34
20090313,25
20090314,15
20090315,12
20090316,22
20090317,34
20090318,44
20090319,38
20090320,29
20090321,14
20090322,12
20090323,24
20090324,43
20090325,40
20090326,28
20090327,28
20090328,12
20090329,8
20090330,31
20090331,27
20090401,40
20090402,26
20090403,31
20090404,12
20090405,8
20090406,32
20090407,26
20090408,25
20090409,31
20090410,12
20090411,7
20090412,10
20090413,15
20090414,26
20090415,30
20090416,28
20090417,21
20090418,15
20090419,10
20090420,18
20090421,31
20090422,31
20090423,27
20090424,25
20090425,13
20090426,11
20090427,21
20090428,29
20090429,35
20090430,32
20090501,22
20090502,9
20090503,12
20090504,21
20090505,27
20090506,29
20090507,32
20090508,30
20090509,5
20090510,10
20090511,29
20090512,31
20090513,30
20090514,29
20090515,17
20090516,7
20090517,8
20090518,25
20090519,30
20090520,30
20090521,15
20090522,23
20090523,11
20090524,10
20090525,12
20090526,25
20090527,36
20090528,30
20090529,26
20090530,6
20090531,6
20090601,19
20090602,30
20090603,26
20090604,25
20090605,20
20090606,6
20090607,11
20090608,16
20090609,26
20090610,30
20090611,17
20090612,27
20090613,11
20090614,10
20090615,24
20090616,40
20090617,27
20090618,19
20090619,22
20090620,9
20090621,10
20090622,26
20090623,24
20090624,23
20090625,22
20090626,15
20090627,7
20090628,10
20090629,20
20090630,19
20090701,24
20090702,19
20090703,16
20090704,9
20090705,1
20090706,22
20090707,28
20090708,22
20090709,25
20090710,20
20090711,15
20090712,9
20090713,26
20090714,25
20090715,28
20090716,41
20090717,37
20090718,10
20090719,8
20090720,23
20090721,26
20090722,37
20090723,25
20090724,29
20090725,10
20090726,8
20090727,14
20090728,28
20090729,40
20090730,28
20090731,28
20090801,6
20090802,9
20090803,16
20090804,16
20090805,21
20090806,21
20090807,22
20090808,6
20090809,9
20090810,15
20090811,15
20090812,22
20090813,25
20090814,11
20090815,9
20090816,6
20090817,19
20090818,21
20090819,29
20090820,23
20090821,30
20090822,9
20090823,8
20090824,21
20090825,25
20090826,27
20090827,20
20090828,20
20090829,8
20090830,12
20090831,25
20090901,21
20090902,32
20090903,27
20090904,22
20090905,14
20090906,11
20090907,20
20090908,33
20090909,34
20090910,21
20090911,29
20090912,8
20090913,13
20090914,25
20090915,28
20090916,42
20090917,43
20090918,24
20090919,17
20090920,7
20090921,21
20090922,27
20090923,28
20090924,35
20090925,36
20090926,14
20090927,11
20090928,30
20090929,34
20090930,39
20091001,24
20091002,20
20091003,11
20091004,13
20091005,27
20091006,20
20091007,23
20091008,23
20091009,19
20091010,7
20091011,11
20091012,25
20091013,25
20091014,30
20091015,32
20091016,25
20091017,16
20091018,9
20091019,28
20091020,27
20091021,45
20091022,25
20091023,26
20091024,3
20091025,12
20091026,29
20091027,32
20091028,23
20091029,24
20091030,30
20091031,6
20091101,10
20091102,20
20091103,27
20091104,30
20091105,20
20091106,27
20091107,12
20091108,14
20091109,36
20091110,35
20091111,38
20091112,41
20091113,38
20091114,6
20091115,17
20091116,25
20091117,28
20091118,28
20091119,24
20091120,26
20091121,5
20091122,15
20091123,21
20091124,21
20091125,31
20091126,24
20091127,32
20091128,6
20091129,11
20091130,25
20091201,30
20091202,40
20091203,35
20091204,21
20091205,11
20091206,19
20091207,28
20091208,56
20091209,36
20091210,31
20091211,29
20091212,7
20091213,19
20091214,36
20091215,39
20091216,37
20091217,27
20091218,23
20091219,13
20091220,17
20091221,23
20091222,24
20091223,27
20091224,25
20091225,1
20091226,4
20091227,4
20091228,30
20091229,24
20091230,28
20091231,24
20100101,1
20100102,4
20100103,9
20100104,16
20100105,27
20100106,31
20100107,34
20100108,21
20100109,9
20100110,12
20100111,28
20100112,20
20100113,36
20100114,21
20100115,28
20100116,9
20100117,15
20100118,26
20100119,28
20100120,29
20100121,32
20100122,37
20100123,12
20100124,18
20100125,23
20100126,35
20100127,38
20100128,16
20100129,34
20100130,9
20100131,22
20100201,24
20100202,17
20100203,35
20100204,37
20100205,34
20100206,15
20100207,18
20100208,34
20100209,27
20100210,31
20100211,34
20100212,28
20100213,13
20100214,12
20100215,21
20100216,38
20100217,31
20100218,33
20100219,29
20100220,15
20100221,14
20100222,30
20100223,34
20100224,45
20100225,42
20100226,47
20100227,25
20100228,18
20100301,33
20100302,36
20100303,26
20100304,39
20100305,34
20100306,10
20100307,15
20100308,34
20100309,34
20100310,35
20100311,37
20100312,27
20100313,19
20100314,12
20100315,34
20100316,39
20100317,29
20100318,30
20100319,31
20100320,14
20100321,13
20100322,32
20100323,28
20100324,24
20100325,26
20100326,21
20100327,23
20100328,20
20100329,32
20100330,23
20100331,30
20100401,28
20100402,13
20100403,16
20100404,12
20100405,19
20100406,15
20100407,20
20100408,26
20100409,30
20100410,14
20100411,14
20100412,32
20100413,16
20100414,30
20100415,28
20100416,22
20100417,28
20100418,9
20100419,22
20100420,18
20100421,23
20100422,27
20100423,19
20100424,22
20100425,16
20100426,25
20100427,25
20100428,28
20100429,30
20100430,23
20100501,17
20100502,11
20100503,31
20100504,27
20100505,31
20100506,27
20100507,21
20100508,20
20100509,16
20100510,34
20100511,25
20100512,25
20100513,35
20100514,20
20100515,19
20100516,15
20100517,22
20100518,28
20100519,32
20100520,40
20100521,32
20100522,25
20100523,13
20100524,25
20100525,26
20100526,22
20100527,30
20100528,17
20100529,15
20100530,13
20100531,11
20100601,16
20100602,37
20100603,30
20100604,30
20100605,25
20100606,1
20100607,29
20100608,25
20100609,29
20100610,28
20100611,29
20100612,16
20100613,15
20100614,36
20100615,25
20100616,46
20100617,32
20100618,30
20100619,17
20100620,16
20100621,32
20100622,28
20100623,35
20100624,33
20100625,42
20100626,31
20100627,14
20100628,27
20100629,33
20100630,40
20100701,41
20100702,34
20100703,22
20100704,10
20100705,17
20100706,34
20100707,34
20100708,30
20100709,24
20100710,15
20100711,13
20100712,20
20100713,39
20100714,29
20100715,39
20100716,28
20100717,13
20100718,16
20100719,21
20100720,24
20100721,24
20100722,26
20100723,32
20100724,12
20100725,12
20100726,29
20100727,21
20100728,31
20100729,18
20100730,23
20100731,18
20100801,9
20100802,29
20100803,27
20100804,28
20100805,27
20100806,25
20100807,15
20100808,9
20100809,34
20100810,25
20100811,23
20100812,34
20100813,23
20100814,15
20100815,11
20100816,21
20100817,20
20100818,20
20100819,20
20100820,29
20100821,22
20100822,11
20100823,28
20100824,19
20100825,25
20100826,28
20100827,27
20100828,14
20100829,14
20100830,20
20100831,20
20100901,26
20100902,25
20100903,24
20100904,22
20100905,12
20100906,11
20100907,30
20100908,37
20100909,42
20100910,26
20100911,14
20100912,18
20100913,39
20100914,30
20100915,41
20100916,36
20100917,34
20100918,23
20100919,13
20100920,48
20100921,32
20100922,31
20100923,31
20100924,36
20100925,20
20100926,14
20100927,32
20100928,37
20100929,48
20100930,106
20101001,36
20101002,25
20101003,15
20101004,33
20101005,41
20101006,34
20101007,39
20101008,42
20101009,21
20101010,17
20101011,27
20101012,44
20101013,31
20101014,42
20101015,38
20101016,19
20101017,13
20101018,39
20101019,35
20101020,45
20101021,33
20101022,37
20101023,26
20101024,22
20101025,56
20101026,41
20101027,28
20101028,32
20101029,31
20101030,20
20101031,18
20101101,21
20101102,38
20101103,40
20101104,36
20101105,53
20101106,25
20101107,19
20101108,40
20101109,29
20101110,52
20101111,34
20101112,43
20101113,29
20101114,16
20101115,47
20101116,34
20101117,44
20101118,35
20101119,33
20101120,15
20101121,16
20101122,34
20101123,31
20101124,44
20101125,26
20101126,31
20101127,23
20101128,15
20101129,26
20101130,44
20101201,35
20101202,48
20101203,45
20101204,16
20101205,12
20101206,40
20101207,36
20101208,36
20101209,30
20101210,46
20101211,24
20101212,16
20101213,41
20101214,37
20101215,34
20101216,27
20101217,39
20101218,22
20101219,14
20101220,50
20101221,37
20101222,29
20101223,27
20101224,18
20101225,1
20101226,12
20101227,22
20101228,16
20101229,31
20101230,37
20101231,18
20110101,1
20110102,16
20110103,43
20110104,36
20110105,45
20110106,38
20110107,31
20110108,24
20110109,14
20110110,44
20110111,39
20110112,38
20110113,29
20110114,33
20110115,18
20110116,11
20110117,23
20110118,40
20110119,45
20110120,41
20110121,28
20110122,23
20110123,14
20110124,35
20110125,29
20110126,38
20110127,38
20110128,42
20110129,29
20110130,11
20110131,34
20110201,34
20110202,28
20110203,36
20110204,24
20110205,18
20110206,11
20110207,31
20110208,35
20110209,38
20110210,45
20110211,33
20110212,19
20110213,10
20110214,50
20110215,56
20110216,51
20110217,39
20110218,44
20110219,25
20110220,12
20110221,19
20110222,31
20110223,27
20110224,32
20110225,44
20110226,17
20110227,17
20110228,51
20110301,48
20110302,34
20110303,38
20110304,36
20110305,23
20110306,14
20110307,44
20110308,29
20110309,37
20110310,42
20110311,38
20110312,24
20110313,15
20110314,65
20110315,38
20110316,49
20110317,43
20110318,43
20110319,18
20110320,15
20110321,50
20110322,40
20110323,39
20110324,34
20110325,33
20110326,18
20110327,14
20110328,27
20110329,38
20110330,31
20110331,44
20110401,32
20110402,13
20110403,13
20110404,33
20110405,35
20110406,36
20110407,27
20110408,29
20110409,19
20110410,15
20110411,51
20110412,23
20110413,42
20110414,36
20110415,44
20110416,19
20110417,17
20110418,38
20110419,28
20110420,46
20110421,46
20110422,27
20110423,14
20110424,10
20110425,19
20110426,27
20110427,32
20110428,36
20110429,28
20110430,25
20110501,10
20110502,31
20110503,29
20110504,38
20110505,38
20110506,37
20110507,25
20110508,13
20110509,55
20110510,54
20110511,35
20110512,56
20110513,50
20110514,23
20110515,13
20110516,68
20110517,45
20110518,52
20110519,45
20110520,50
20110521,20
20110522,13
20110523,35
20110524,31
20110525,54
20110526,38
20110527,46
20110528,23
20110529,10
20110530,15
20110531,46
20110601,34
20110602,42
20110603,53
20110604,22
20110605,11
20110606,46
20110607,43
20110608,47
20110609,34
20110610,39
20110611,28
20110612,16
20110613,36
20110614,39
20110615,53
20110616,49
20110617,47
20110618,22
20110619,22
20110620,57
20110621,45
20110622,68
20110623,42
20110624,34
20110625,18
20110626,14
20110627,52
20110628,51
20110629,49
20110630,46
20110701,42
20110702,20
20110703,14
20110704,14
20110705,30
20110706,43
20110707,51
20110708,35
20110709,15
20110710,15
20110711,42
20110712,48
20110713,35
20110714,41
20110715,44
20110716,17
20110717,12
20110718,29
20110719,34
20110720,36
20110721,42
20110722,45
20110723,22
20110724,14
20110725,36
20110726,44
20110727,51
20110728,43
20110729,30
20110730,20
20110731,15
20110801,36
20110802,34
20110803,38
20110804,49
20110805,57
20110806,26
20110807,23
20110808,55
20110809,42
20110810,54
20110811,31
20110812,33
20110813,24
20110814,11
20110815,21
20110816,27
20110817,30
20110818,39
20110819,37
20110820,24
20110821,9
20110822,42
20110823,35
20110824,38
20110825,42
20110826,36
20110827,23
20110828,12
20110829,48
20110830,45
20110831,34
20110901,36
20110902,51
20110903,30
20110904,13
20110905,19
20110906,47
20110907,47
20110908,52
20110909,55
20110910,29
20110911,13
20110912,43
20110913,45
20110914,51
20110915,51
20110916,54
20110917,21
20110918,19
20110919,67
20110920,33
20110921,46
20110922,55
20110923,43
20110924,21
20110925,14
20110926,39
20110927,48
20110928,52
20110929,44
20110930,41
20111001,18
20111002,14
20111003,40
20111004,58
20111005,53
20111006,36
20111007,42
20111008,18
20111009,9
20111010,57
20111011,40
20111012,46
20111013,42
20111014,39
20111015,30
20111016,6
20111017,52
20111018,39
20111019,40
20111020,44
20111021,58
20111022,25
20111023,15
20111024,46
20111025,45
20111026,51
20111027,32
20111028,45
20111029,19
20111030,13
20111031,54
20111101,48
20111102,47
20111103,50
20111104,53
20111105,19
20111106,17
20111107,47
20111108,44
20111109,50
20111110,52
20111111,37
20111112,21
20111113,12
20111114,31
20111115,44
20111116,41
20111117,44
20111118,37
20111119,24
20111120,13
20111121,39
20111122,37
20111123,32
20111124,19
20111125,34
20111126,19
20111127,12
20111128,40
20111129,53
20111130,40
20111201,38
20111202,36
20111203,21
20111204,14
20111205,38
20111206,45
20111207,57
20111208,46
20111209,30
20111210,16
20111211,15
20111212,66
20111213,42
20111214,41
20111215,43
20111216,42
20111217,14
20111218,15
20111219,56
20111220,43
20111221,31
20111222,25
20111223,24
20111224,17
20111225,10
20111226,5
20111227,29
20111228,30
20111229,34
20111230,26
20111231,19
20120101,7
20120102,5
20120103,42
20120104,39
20120105,42
20120106,41
20120107,17
20120108,15
20120109,41
20120110,39
20120111,34
20120112,60
20120113,64
20120114,22
20120115,12
20120116,28
20120117,51
20120118,40
20120119,36
20120120,37
20120121,21
20120122,10
20120123,48
20120124,38
20120125,41
20120126,34
20120127,46
20120128,24
20120129,19
20120130,46
20120131,52
20120201,45
20120202,45
20120203,40
20120204,18
20120205,16
20120206,36
20120207,45
20120208,46
20120209,48
20120210,51
20120211,22
20120212,14
20120213,39
20120214,41
20120215,45
20120216,41
20120217,34
20120218,17
20120219,17
20120220,26
20120221,48
20120222,45
20120223,40
20120224,47
20120225,18
20120226,19
20120227,52
20120228,35
20120229,42
20120301,39
20120302,45
20120303,14
20120304,9
20120305,35
20120306,45
20120307,35
20120308,41
20120309,44
20120310,12
20120311,12
20120312,68
20120313,39
20120314,44
20120315,45
20120316,58
20120317,16
20120318,9
20120319,42
20120320,42
20120321,39
20120322,38
20120323,49
20120324,8
20120325,8
20120326,25
20120327,48
20120328,38
20120329,41
20120330,54
20120331,15
20120401,13
20120402,43
20120403,38
20120404,32
20120405,28
20120406,22
20120407,13
20120408,7
20120409,50
20120410,40
20120411,37
20120412,31
20120413,30
20120414,11
20120415,14
20120416,38
20120417,52
20120418,48
20120419,37
20120420,53
20120421,10
20120422,20
20120423,46
20120424,47
20120425,48
20120426,53
20120427,47
20120428,13
20120429,16
20120430,48
20120501,44
20120502,28
20120503,36
20120504,46
20120505,7
20120506,15
20120507,50
20120508,47
20120509,51
20120510,62
20120511,47
20120512,5
20120513,20
20120514,61
20120515,77
20120516,60
20120517,48
20120518,57
20120519,8
20120520,14
20120521,44
20120522,40
20120523,50
20120524,30
20120525,43
20120526,9
20120527,7
20120528,17
20120529,45
20120530,46
20120531,58
20120601,47
20120602,8
20120603,10
20120604,43
20120605,45
20120606,40
20120607,38
20120608,48
20120609,12
20120610,21
20120611,54
20120612,52
20120613,41
20120614,47
20120615,49
20120616,12
20120617,12
20120618,46
20120619,32
20120620,40
20120621,47
20120622,34
20120623,2
20120624,10
20120625,53
20120626,55
20120627,40
20120628,58
20120629,50
20120630,11
20120701,14
20120702,29
20120703,31
20120704,24
20120705,30
20120706,36
20120707,11
20120708,14
20120709,65
20120710,59
20120711,36
20120712,44
20120713,39
20120714,7
20120715,19
20120716,50
20120717,42
20120718,45
20120719,34
20120720,39
20120721,10
20120722,23
20120723,41
20120724,29
20120725,49
20120726,36
20120727,38
20120728,10
20120729,8
20120730,31
20120731,42
20120801,39
20120802,50
20120803,44
20120804,9
20120805,9
20120806,37
20120807,30
20120808,34
20120809,31
20120810,35
20120811,5
20120812,8
20120813,22
20120814,35
20120815,36
20120816,22
20120817,36
20120818,14
20120819,10
20120820,41
20120821,25
20120822,38
20120823,39
20120824,37
20120825,11
20120826,8
20120827,30
20120828,35
20120829,41
20120830,40
20120831,43
20120901,16
20120902,12
20120903,24
20120904,42
20120905,32
20120906,37
20120907,40
20120908,11
20120909,14
20120910,51
20120911,37
20120912,34
20120913,38
20120914,55
20120915,19
20120916,15
20120917,40
20120918,40
20120919,37
20120920,39
20120921,40
20120922,13
20120923,11
20120924,43
20120925,50
20120926,40
20120927,36
20120928,47
20120929,11
20120930,11
20121001,41
20121002,24
20121003,38
20121004,37
20121005,55
20121006,1
20121007,25
20121008,48
20121009,65
20121010,49
20121011,37
20121012,48
20121013,20
20121014,17
20121015,56
20121016,42
20121017,46
20121018,48
20121019,38
20121020,2
20121021,20
20121022,128
20121023,45
20121024,45
20121025,43
20121026,49
20121027,2
20121028,20
20121029,50
20121030,36
20121031,31
20121101,32
20121102,45
20121103,2
20121104,22
20121105,42
20121106,39
20121107,49
20121108,49
20121109,57
20121110,3
20121111,12
20121112,47
20121113,51
20121114,34
20121115,21
20121116,40
20121117,4
20121118,22
20121119,48
20121120,53
20121121,75
20121122,19
20121123,44
20121124,5
20121125,19
20121126,59
20121127,51
20121128,36
20121129,34
20121130,44
20121201,2
20121202,28
20121203,46
20121204,36
20121205,36
20121206,36
20121207,36
20121208,6
20121209,29
20121210,39
20121211,36
20121212,34
20121213,43
20121214,50
20121215,11
20121216,28
20121217,30
20121218,37
20121219,38
20121220,37
20121221,39
20121222,2
20121223,18
20121224,8
20121225,7
20121226,26
20121227,25
20121228,28
20121229,12
20121230,9
20121231,17
20130101,18
20130102,31
20130103,22
20130104,40
20130105,4
20130106,21
20130107,35
20130108,35
20130109,27
20130110,34
20130111,39
20130112,1
20130113,21
20130114,39
20130115,35
20130116,39
20130117,42
20130118,32
20130119,2
20130120,17
20130121,29
20130122,57
20130123,51
20130124,38
20130125,45
20130126,1
20130127,22
20130128,36
20130129,40
20130130,33
20130131,39
20130201,46
20130202,4
20130203,14
20130204,35
20130205,43
20130206,46
20130207,47
20130208,46
20130209,5
20130210,20
20130211,40
20130212,55
20130213,42
20130214,56
20130215,39
20130216,3
20130217,14
20130218,31
20130219,39
20130220,40
20130221,33
20130222,50
20130223,4
20130224,30
20130225,46
20130226,53
20130227,50
20130228,65
20130301,50
20130302,2
20130303,27
20130304,42
20130305,48
20130306,42
20130307,48
20130308,45
20130309,5
20130310,16
20130311,31
20130312,48
20130313,34
20130314,39
20130315,37
20130316,16
20130317,14
20130318,42
20130319,55
20130320,53
20130321,56
20130322,50
20130323,9
20130324,29
20130325,44
20130326,31
20130327,44
20130328,30
20130329,28
20130330,5
20130331,16
20130401,26
20130402,37
20130403,46
20130404,38
20130405,45
20130406,1
20130407,26
20130408,43
20130409,34
20130410,41
20130411,49
20130412,64
20130413,6
20130414,20
20130415,37
20130416,46
20130417,50
20130418,61
20130419,53
20130420,8
20130421,34
20130422,45
20130423,46
20130424,51
20130425,48
20130426,36
20130427,2
20130428,24
20130429,40
20130430,36
20130501,35
20130502,45
20130503,35
20130504,5
20130505,23
20130506,42
20130507,39
20130508,44
20130509,42
20130510,55
20130511,4
20130512,21
20130513,47
20130514,51
20130515,41
20130516,39
20130517,66
20130518,7
20130519,11
20130520,44
20130521,46
20130522,34
20130523,39
20130524,54
20130525,6
20130526,6
20130527,23
20130528,33
20130529,42
20130530,38
20130531,40
20130601,11
20130602,7
20130603,36
20130604,43
20130605,49
20130606,35
20130607,38
20130608,10
20130609,16
20130610,32
20130611,40
20130612,43
20130613,39
20130614,47
20130615,3
20130616,21
20130617,35
20130618,9
20130619,48
20130620,32
20130621,51
20130622,9
20130623,19
20130624,42
20130625,29
20130626,47
20130627,49
20130628,46
20130629,10
20130630,19
20130701,40
20130702,27
20130703,31
20130704,30
20130705,32
20130706,4
20130707,43
20130708,43
20130709,57
20130710,36
20130711,48
20130712,47
20130713,3
20130714,13
20130715,52
20130716,46
20130717,28
20130718,41
20130719,59
20130720,4
20130721,26
20130722,47
20130723,35
20130724,35
20130725,40
20130726,41
20130727,8
20130728,5
20130729,36
20130730,29
20130731,42
20130801,41
20130802,39
20130803,11
20130804,19
20130805,29
20130806,35
20130807,40
20130808,44
20130809,46
20130810,12
20130811,10
20130812,21
20130813,40
20130814,26
20130815,29
20130816,31
20130817,6
20130818,12
20130819,19
20130820,42
20130821,32
20130822,42
20130823,43
20130824,5
20130825,13
20130826,36
20130827,31
20130828,39
20130829,26
20130830,41
20130831,5
20130901,9
20130902,15
20130903,27
20130904,39
20130905,41
20130906,42
20130907,10
20130908,23
20130909,40
20130910,35
20130911,43
20130912,19
20130913,40
20130914,12
20130915,16
20130916,43
20130917,39
20130918,47
20130919,45
20130920,56
20130921,9
20130922,15
20130923,50
20130924,40
20130925,46
20130926,46
20130927,61
20130928,15
20130929,27
20130930,71
20131001,71
20131002,54
20131003,53
20131004,66
20131005,6
20131006,46
20131007,53
20131008,67
20131009,54
20131010,71
20131011,57
20131012,14
20131013,29
20131014,49
20131015,52
20131016,48
20131017,53
20131018,47
20131019,11
20131020,24
20131021,40
20131022,47
20131023,37
20131024,44
20131025,35
20131026,2
20131027,33
20131028,41
20131029,41
20131030,43
20131031,48
20131101,41
20131102,5
20131103,39
20131104,35
20131105,53
20131106,55
20131107,53
20131108,35
20131109,4
20131110,34
20131111,42
20131112,40
20131113,44
20131114,44
20131115,49
20131116,9
20131117,8
20131118,32
20131119,46
20131120,53
20131121,38
20131122,35
20131123,11
20131124,12
20131125,35
20131126,35
20131127,28
20131128,26
20131129,40
20131130,10
20131201,14
20131202,33
20131203,36
20131204,52
20131205,43
20131206,43
20131207,7
20131208,21
20131209,42
20131210,35
20131211,45
20131212,52
20131213,50
20131214,5
20131215,31
20131216,58
20131217,61
20131218,43
20131219,58
20131220,42
20131221,5
20131222,16
20131223,34
20131224,17
20131225,8
20131226,23
20131227,27
20131228,9
20131229,14
20131230,25
20131231,16
20140101,12
20140102,24
20140103,42
20140104,12
20140105,24
20140106,29
20140107,33
20140108,42
20140109,44
20140110,49
20140111,12
20140112,22
20140113,36
20140114,30
20140115,44
20140116,43
20140117,43
20140118,11
20140119,2
20140120,19
20140121,27
20140122,36
20140123,47
20140124,42
20140125,10
20140126,14
20140127,39
20140128,45
20140129,36
20140130,46
20140131,51
20140201,8
20140202,11
20140203,46
20140204,40
20140205,34
20140206,32
20140207,32
20140208,6
20140209,14
20140210,39
20140211,56
20140212,50
20140213,46
20140214,43
20140215,4
20140216,11
20140217,21
20140218,45
20140219,44
20140220,38
20140221,47
20140222,9
20140223,19
20140224,52
20140225,51
20140226,43
20140227,49
20140228,48
20140301,7
20140302,13
20140303,46
20140304,54
20140305,59
20140306,34
20140307,44
20140308,12
20140309,14
20140310,47
20140311,41
20140312,42
20140313,42
20140314,36
20140315,8
20140316,21
20140317,46
20140318,43
20140319,49
20140320,45
20140321,44
20140322,8
20140323,10
20140324,29
20140325,37
20140326,41
20140327,53
20140328,50
20140329,9
20140330,21
20140331,45
20140401,35
20140402,55
20140403,48
20140404,56
20140405,11
20140406,26
20140407,52
20140408,49
20140409,38
20140410,55
20140411,59
20140412,9
20140413,28
20140414,43
20140415,51
20140416,48
20140417,36
20140418,29
20140419,5
20140420,12
20140421,33
20140422,31
20140423,43
20140424,56
20140425,47
20140426,11
20140427,12
20140428,39
20140429,43
20140430,55
20140501,33
20140502,34
20140503,6
20140504,32
20140505,37
20140506,54
20140507,42
20140508,48
20140509,36
20140510,4
20140511,14
20140512,33
20140513,47
20140514,49
20140515,42
20140516,43
20140517,5
20140518,25
20140519,29
20140520,45
20140521,34
20140522,44
20140523,48
20140524,9
20140525,12
20140526,16
20140527,49
20140528,42
20140529,29
20140530,42
20140531,6
20140601,17
20140602,45
20140603,45
20140604,35
20140605,47
20140606,54
20140607,3
20140608,19
20140609,37
20140610,30
20140611,48
20140612,33
20140613,49
20140614,14
20140615,21
20140616,37
20140617,53
20140618,44
20140619,35
20140620,49
20140621,5
20140622,15
20140623,44
20140624,42
20140625,43
20140626,40
20140627,38
20140628,1
20140629,18
20140630,45
20140701,51
20140702,43
20140703,43
20140704,16
20140705,1
20140706,28
20140707,38
20140708,42
20140709,54
20140710,48
20140711,50
20140712,3
20140713,15
20140714,42
20140715,49
20140716,44
20140717,45
20140718,32
20140719,1
20140720,17
20140721,30
20140722,36
20140723,33
20140724,37
20140725,33
20140726,10
20140727,13
20140728,33
20140729,34
20140730,31
20140731,40
20140801,35
20140802,8
20140803,16
20140804,38
20140805,35
20140806,37
20140807,46
20140808,38
20140809,7
20140810,9
20140811,27
20140812,45
20140813,58
20140814,31
20140815,33
20140816,9
20140817,3
20140818,29
20140819,27
20140820,39
20140821,39
20140822,31
20140823,10
20140824,9
20140825,39
20140826,43
20140827,37
20140828,37
20140829,36
20140830,9
20140831,5
20140901,20
20140902,44
20140903,47
20140904,47
20140905,42
20140906,10
20140907,25
20140908,47
20140909,42
20140910,30
20140911,43
20140912,40
20140913,10
20140914,15
20140915,36
20140916,49
20140917,41
20140918,54
20140919,44
20140920,13
20140921,26
20140922,59
20140923,45
20140924,27
20140925,39
20140926,37
20140927,8
20140928,12
20140929,36
20140930,44
20141001,51
20141002,36
20141003,27
20141004,10
20141005,16
20141006,35
20141007,45
20141008,30
20141009,51
20141010,58
20141011,20
20141012,19
20141013,40
20141014,54
20141015,24
20141016,27
20141017,44
20141018,10
20141019,12
20141020,36
20141021,47
20141022,42
20141023,36
20141024,32
20141025,7
20141026,15
20141027,35
20141028,38
20141029,44
20141030,44
20141031,34
20141101,9
20141102,14
20141103,44
20141104,43
20141105,44
20141106,43
20141107,49
20141108,10
20141109,21
20141110,38
20141111,32
20141112,42
20141113,39
20141114,49
20141115,12
20141116,8
20141117,41
20141118,44
20141119,35
20141120,34
20141121,42
20141122,5
20141123,15
20141124,28
20141125,52
20141126,30
20141127,17
20141128,39
20141129,8
20141130,12
20141201,39
20141202,54
20141203,34
20141204,38
20141205,45
20141206,1
20141207,31
20141208,40
20141209,45
20141210,45
20141211,55
20141212,47
20141213,5
20141214,22
20141215,42
20141216,40
20141217,34
20141218,37
20141219,39
20141220,3
20141221,18
20141222,24
20141223,25
20141224,16
20141225,7
20141226,18
20141227,2
20141228,14
20141229,21
20141230,19
20141231,15
20150101,11
20150102,23
20150103,7
20150104,9
20150105,48
20150106,40
20150107,23
20150108,25
20150109,24
20150110,2
20150111,14
20150112,39
20150113,30
20150114,30
20150115,43
20150116,38
20150117,3
20150118,15
20150119,31
20150120,44
20150121,28
20150122,42
20150123,40
20150124,8
20150125,12
20150126,41
20150127,38
20150128,33
20150129,38
20150130,43
20150131,8
20150201,27
20150202,43
20150203,57
20150204,47
20150205,39
20150206,40
20150207,9
20150208,24
20150209,45
20150210,41
20150211,58
20150212,54
20150213,43
20150214,1
20150215,5
20150216,20
20150217,35
20150218,41
20150219,47
20150220,45
20150221,5
20150222,13
20150223,40
20150224,52
20150225,40
20150226,35
20150227,40
20150228,8
20150301,14
20150302,42
20150303,40
20150304,44
20150305,40
20150306,27
20150307,3
20150308,22
20150309,34
20150310,48
20150311,36
20150312,43
20150313,42
20150314,2
20150315,19
20150316,44
20150317,37
20150318,34
20150319,41
20150320,35
20150321,2
20150322,21
20150323,40
20150324,39
20150325,42
20150326,44
20150327,43
20150328,4
20150329,16
20150330,35
20150331,37
20150401,39
20150402,28
20150403,17
20150404,2
20150405,5
20150406,31
20150407,33
20150408,26
20150409,37
20150410,57
20150411,4
20150412,24
20150413,35
20150414,37
20150415,42
20150416,57
20150417,47
20150418,5
20150419,18
20150420,39
20150421,49
20150422,46
20150423,31
20150424,46
20150425,3
20150426,6
20150427,36
20150428,53
20150429,35
20150430,35
