20050103,1
20050104,1
20050105,6
20050106,4
20050107,1
20050110,3
20050111,2
20050112,3
20050113,1
20050114,2
20050116,1
20050117,3
20050119,2
20050120,1
20050121,3
20050123,2
20050124,2
20050125,3
20050126,6
20050127,1
20050128,4
20050130,1
20050131,2
20050201,1
20050202,3
20050203,6
20050204,2
20050206,1
20050207,5
20050208,2
20050209,3
20050210,3
20050211,3
20050214,1
20050215,3
20050216,2
20050217,4
20050218,2
20050221,2
20050222,1
20050223,3
20050224,1
20050228,1
20050301,6
20050302,2
20050303,2
20050304,2
20050307,5
20050309,1
20050310,2
20050311,3
20050314,3
20050315,2
20050316,2
20050317,3
20050318,2
20050321,4
20050322,3
20050323,6
20050324,4
20050329,4
20050330,2
20050331,5
20050401,3
20050404,3
20050405,5
20050406,2
20050407,1
20050408,3
20050410,1
20050411,5
20050412,7
20050413,4
20050414,4
20050415,3
20050417,1
20050418,5
20050419,2
20050420,2
20050421,4
20050422,4
20050425,1
20050426,1
20050427,6
20050428,4
20050429,4
20050502,2
20050503,1
20050504,6
20050505,4
20050506,11
20050507,1
20050508,2
20050509,6
20050510,1
20050511,6
20050512,5
20050513,8
20050514,1
20050516,2
20050517,3
20050518,7
20050519,6
20050520,6
20050523,3
20050524,2
20050525,5
20050526,9
20050527,5
20050531,6
20050601,7
20050602,2
20050603,2
20050606,1
20050607,2
20050608,2
20050609,1
20050610,2
20050613,2
20050614,5
20050615,4
20050616,1
20050617,1
20050620,5
20050621,3
20050622,4
20050623,8
20050626,2
20050627,6
20050628,4
20050629,3
20050630,5
20050701,4
20050705,4
20050706,1
20050707,2
20050708,2
20050712,4
20050713,3
20050714,2
20050715,2
20050717,1
20050718,3
20050719,6
20050720,3
20050721,5
20050722,3
20050725,10
20050726,3
20050727,1
20050728,6
20050729,5
20050731,2
20050801,3
20050802,11
20050803,7
20050804,3
20050805,1
20050808,2
20050809,2
20050810,3
20050811,3
20050812,3
20050815,3
20050816,2
20050817,5
20050818,2
20050819,1
20050822,4
20050823,4
20050824,3
20050825,7
20050826,1
20050828,1
20050829,3
20050831,2
20050901,2
20050902,3
20050903,1
20050907,4
20050908,4
20050909,3
20050910,1
20050912,5
20050913,4
20050914,3
20050915,5
20050916,1
20050917,3
20050920,4
20050921,6
20050922,6
20050923,2
20050924,3
20050925,1
20050926,6
20050927,1
20050928,3
20050929,5
20050930,2
20051001,2
20051002,1
20051003,5
20051004,5
20051005,5
20051006,1
20051007,1
20051008,3
20051010,3
20051011,8
20051012,4
20051013,3
20051014,3
20051015,1
20051016,1
20051017,5
20051018,4
20051019,6
20051020,5
20051021,6
20051022,1
20051024,3
20051025,3
20051026,2
20051027,6
20051028,3
20051029,1
20051031,3
20051101,2
20051102,4
20051103,5
20051104,3
20051105,2
20051108,6
20051109,1
20051110,1
20051111,2
20051112,2
20051114,2
20051115,2
20051116,2
20051117,5
20051118,2
20051119,3
20051121,4
20051122,2
20051123,4
20051124,2
20051125,2
20051126,2
20051127,1
20051128,1
20051129,2
20051130,5
20051201,5
20051202,5
20051203,1
20051205,2
20051206,6
20051207,6
20051208,4
20051209,1
20051210,1
20051212,2
20051213,2
20051214,2
20051215,6
20051216,3
20051217,1
20051219,2
20051220,6
20051221,2
20051222,2
20051223,3
20051224,1
20051227,1
20051228,1
20051229,3
20051230,3
20051231,2
20060101,1
20060103,1
20060104,4
20060105,3
20060106,2
20060107,2
20060108,3
20060109,5
20060110,9
20060111,5
20060112,2
20060113,4
20060114,2
20060116,1
20060117,2
20060118,5
20060120,3
20060121,2
20060122,1
20060123,6
20060124,13
20060125,4
20060126,6
20060127,7
20060128,2
20060130,4
20060131,1
20060201,2
20060202,7
20060203,1
20060204,1
20060206,4
20060207,3
20060208,2
20060209,3
20060210,2
20060211,6
20060213,4
20060214,4
20060215,3
20060216,2
20060217,1
20060218,1
20060220,2
20060221,1
20060222,2
20060223,2
20060224,1
20060227,3
20060228,3
20060301,4
20060302,3
20060303,4
20060304,2
20060305,1
20060307,4
20060308,1
20060309,4
20060310,1
20060311,1
20060312,1
20060313,2
20060314,3
20060315,3
20060316,3
20060317,2
20060320,2
20060321,3
20060322,2
20060323,2
20060326,1
20060327,1
20060328,2
20060330,4
20060331,2
20060401,2
20060403,2
20060404,4
20060405,4
20060406,2
20060407,4
20060408,4
20060410,2
20060411,3
20060412,4
20060413,8
20060414,3
20060415,2
20060416,1
20060417,4
20060419,2
20060420,1
20060421,6
20060422,3
20060423,1
20060424,1
20060425,2
20060426,5
20060427,4
20060428,3
20060429,2
20060501,3
20060502,6
20060503,3
20060505,2
20060506,2
20060507,1
20060508,2
20060509,5
20060510,2
20060511,3
20060512,1
20060513,1
20060515,1
20060516,2
20060517,2
20060518,4
20060519,4
20060520,1
20060521,1
20060522,4
20060523,2
20060524,1
20060525,1
20060526,4
20060530,2
20060531,2
20060601,3
20060602,6
20060603,1
20060604,1
20060605,4
20060606,2
20060608,4
20060609,2
20060610,1
20060612,2
20060613,2
20060614,1
20060615,1
20060616,4
20060617,2
20060618,2
20060620,1
20060621,6
20060622,7
20060623,2
20060624,1
20060625,1
20060626,2
20060627,1
20060628,4
20060629,7
20060630,2
20060701,2
20060702,2
20060703,2
20060704,1
20060705,3
20060706,1
20060707,3
20060709,1
20060710,3
20060711,2
20060712,1
20060713,4
20060714,9
20060715,4
20060717,5
20060718,5
20060719,3
20060720,4
20060721,3
20060722,4
20060723,1
20060724,4
20060725,3
20060726,5
20060727,5
20060728,1
20060731,1
20060801,6
20060802,10
20060803,9
20060804,5
20060805,4
20060806,1
20060807,2
20060808,1
20060809,7
20060810,4
20060811,1
20060814,2
20060815,2
20060816,2
20060817,1
20060818,7
20060819,3
20060820,1
20060821,1
20060822,4
20060823,8
20060824,10
20060825,6
20060826,5
20060827,1
20060828,3
20060829,3
20060830,1
20060831,4
20060901,8
20060902,3
20060903,1
20060905,4
20060906,12
20060907,5
20060908,1
20060909,3
20060911,2
20060912,3
20060913,4
20060914,7
20060915,11
20060916,5
20060917,3
20060918,9
20060919,9
20060920,7
20060921,5
20060922,2
20060923,2
20060925,4
20060926,6
20060927,5
20060928,9
20060929,6
20060930,3
20061001,1
20061002,1
20061003,8
20061004,7
20061005,7
20061006,3
20061007,2
20061009,1
20061010,1
20061011,5
20061012,1
20061013,2
20061014,2
20061015,1
20061016,4
20061017,2
20061018,4
20061019,4
20061020,6
20061021,3
20061023,5
20061024,6
20061025,6
20061026,9
20061027,8
20061028,4
20061030,1
20061031,5
20061101,3
20061102,5
20061103,2
20061104,1
20061106,4
20061107,6
20061108,5
20061109,2
20061110,4
20061111,2
20061112,1
20061113,3
20061114,6
20061115,2
20061116,5
20061117,4
20061118,2
20061119,1
20061120,4
20061121,6
20061122,2
20061123,1
20061125,1
20061126,2
20061127,6
20061128,7
20061129,6
20061130,8
20061201,4
20061202,2
20061203,1
20061204,3
20061205,3
20061206,4
20061207,8
20061208,3
20061209,1
20061211,2
20061212,3
20061213,1
20061214,6
20061215,2
20061216,3
20061217,1
20061218,3
20061219,1
20061220,2
20061221,3
20061222,5
20061223,1
20061227,5
20061228,3
20061229,4
20061230,5
20061231,2
20070101,1
20070102,6
20070103,6
20070104,5
20070105,4
20070106,2
20070107,1
20070108,6
20070109,4
20070110,2
20070111,6
20070112,2
20070113,1
20070115,2
20070116,3
20070117,5
20070118,2
20070120,1
20070122,5
20070123,5
20070125,7
20070126,5
20070128,1
20070129,1
20070131,2
20070201,5
20070202,3
20070203,1
20070204,2
20070205,2
20070206,3
20070207,4
20070209,8
20070210,2
20070212,2
20070213,2
20070214,8
20070215,4
20070216,8
20070218,1
20070221,3
20070223,1
20070224,2
20070226,2
20070227,7
20070228,2
20070301,7
20070302,11
20070303,2
20070306,2
20070307,1
20070308,3
20070309,5
20070310,1
20070311,1
20070312,3
20070313,6
20070314,2
20070315,2
20070316,3
20070319,1
20070320,2
20070322,2
20070323,4
20070324,5
20070326,4
20070327,6
20070328,3
20070329,4
20070330,1
20070331,3
20070401,1
20070402,2
20070403,5
20070404,3
20070405,5
20070406,3
20070409,3
20070412,2
20070413,3
20070416,1
20070417,2
20070418,1
20070419,2
20070420,3
20070421,1
20070423,1
20070424,4
20070425,3
20070426,4
20070427,10
20070428,4
20070430,2
20070501,4
20070502,3
20070503,2
20070504,1
20070507,4
20070508,3
20070509,3
20070510,3
20070511,2
20070514,10
20070515,9
20070516,5
20070517,3
20070518,3
20070519,2
20070521,1
20070523,1
20070524,2
20070525,1
20070529,3
20070530,6
20070531,4
20070601,4
20070602,1
20070604,1
20070605,1
20070606,1
20070607,2
20070608,2
20070609,1
20070610,1
20070611,4
20070612,4
20070613,4
20070614,6
20070615,3
20070616,1
20070617,1
20070618,5
20070619,1
20070620,5
20070621,3
20070622,3
20070623,3
20070626,4
20070627,2
20070628,3
20070630,3
20070701,1
20070702,3
20070703,8
20070704,2
20070705,3
20070706,4
20070707,2
20070710,2
20070711,2
20070712,4
20070714,1
20070715,1
20070716,2
20070717,4
20070719,5
20070720,3
20070721,1
20070722,1
20070723,2
20070724,2
20070725,2
20070726,9
20070727,7
20070731,4
20070801,5
20070802,5
20070803,2
20070804,1
20070806,5
20070807,4
20070808,1
20070809,7
20070813,2
20070814,1
20070816,3
20070820,1
20070821,2
20070822,1
20070823,3
20070824,5
20070826,1
20070827,2
20070828,2
20070829,4
20070830,1
20070831,4
20070902,1
20070904,3
20070905,3
20070907,5
20070908,1
20070911,6
20070912,4
20070913,3
20070914,4
20070915,4
20070917,3
20070918,4
20070919,1
20070920,1
20070921,2
20070922,1
20070923,1
20070924,5
20070925,5
20070926,5
20070927,7
20070928,5
20070929,1
20071001,3
20071002,7
20071003,7
20071004,2
20071005,1
20071007,1
20071008,5
20071009,1
20071010,4
20071011,4
20071012,6
20071015,1
20071016,4
20071017,4
20071018,3
20071020,1
20071021,1
20071022,3
20071023,1
20071024,2
20071025,1
20071026,1
20071029,2
20071030,3
20071031,2
20071101,6
20071102,5
20071103,3
20071104,2
20071105,4
20071106,3
20071107,1
20071108,3
20071109,8
20071112,1
20071113,1
20071114,4
20071115,7
20071116,3
20071118,1
20071119,1
20071120,3
20071121,3
20071122,1
20071124,1
20071128,1
20071129,1
20071201,2
20071203,4
20071204,6
20071205,3
20071206,3
20071207,2
20071210,4
20071213,1
20071214,1
20071217,4
20071219,3
20071220,2
20071224,1
20071227,4
20071228,4
20080102,3
20080103,4
20080104,7
20080105,2
20080106,1
20080107,2
20080108,4
20080109,5
20080110,3
20080111,6
20080112,1
20080113,2
20080114,12
20080115,5
20080116,1
20080117,1
20080118,3
20080119,1
20080121,1
20080122,1
20080123,2
20080124,2
20080125,5
20080127,1
20080129,2
20080130,2
20080131,2
20080201,3
20080202,3
20080204,1
20080205,1
20080206,6
20080207,1
20080208,3
20080211,2
20080212,1
20080213,3
20080214,1
20080215,1
20080217,1
20080218,1
20080219,4
20080221,4
20080222,3
20080226,1
20080227,4
20080228,2
20080229,1
20080302,1
20080303,4
20080304,8
20080305,2
20080307,2
20080310,2
20080311,1
20080312,4
20080313,1
20080314,3
20080317,3
20080318,2
20080319,5
20080320,2
20080322,2
20080323,1
20080324,3
20080325,1
20080326,5
20080327,6
20080328,1
20080329,1
20080331,2
20080401,3
20080402,4
20080403,1
20080404,1
20080405,3
20080407,1
20080408,1
20080409,3
20080410,2
20080412,1
20080414,2
20080415,1
20080416,2
20080417,1
20080418,1
20080419,1
20080421,3
20080422,2
20080423,2
20080424,9
20080425,8
20080426,4
20080428,7
20080429,7
20080430,5
20080501,5
20080502,5
20080503,1
20080504,2
20080505,2
20080506,3
20080507,1
20080509,3
20080510,1
20080513,4
20080516,1
20080517,1
20080519,4
20080520,4
20080522,8
20080523,7
20080524,3
20080527,2
20080528,4
20080529,4
20080530,8
20080531,2
20080602,2
20080603,3
20080604,5
20080605,7
20080606,3
20080607,1
20080608,1
20080609,1
20080610,5
20080611,7
20080612,5
20080613,4
20080614,1
20080616,2
20080618,5
20080619,2
20080620,5
20080621,3
20080622,1
20080623,5
20080624,4
20080625,2
20080626,7
20080627,8
20080628,2
20080629,1
20080630,3
20080701,6
20080702,5
20080703,5
20080705,2
20080706,1
20080707,5
20080711,3
20080714,1
20080715,1
20080716,3
20080717,2
20080718,1
20080719,2
20080721,1
20080722,8
20080723,2
20080724,8
20080725,11
20080726,3
20080727,1
20080728,5
20080729,6
20080730,6
20080731,2
20080801,6
20080802,7
20080804,4
20080805,3
20080806,7
20080807,4
20080808,4
20080809,3
20080810,1
20080811,3
20080812,4
20080813,4
20080814,3
20080815,5
20080816,1
20080818,2
20080819,1
20080820,2
20080821,1
20080822,2
20080823,3
20080825,3
20080826,1
20080827,5
20080828,4
20080829,2
20080830,2
20080831,1
20080901,1
20080902,3
20080903,2
20080904,2
20080905,4
20080908,3
20080909,1
20080911,2
20080912,2
20080913,4
20080915,3
20080916,1
20080917,1
20080918,3
20080923,5
20080924,2
20080925,4
20080926,3
20080927,2
20080929,3
20080930,4
20081001,8
20081002,9
20081003,5
20081005,2
20081006,2
20081007,4
20081008,5
20081009,5
20081010,6
20081011,4
20081013,12
20081014,5
20081015,2
20081016,3
20081017,3
20081018,1
20081020,2
20081021,2
20081022,6
20081023,2
20081024,3
20081025,2
20081027,5
20081028,4
20081029,5
20081030,4
20081031,6
20081101,1
20081103,6
20081104,5
20081105,5
20081106,5
20081107,13
20081108,6
20081109,2
20081110,6
20081111,5
20081112,6
20081113,3
20081114,3
20081115,2
20081117,3
20081118,10
20081119,8
20081120,11
20081121,8
20081122,4
20081123,1
20081124,5
20081125,5
20081126,2
20081127,2
20081128,4
20081129,2
20081130,1
20081201,11
20081202,10
20081203,12
20081204,2
20081205,11
20081206,2
20081207,2
20081208,8
20081209,13
20081210,9
20081211,5
20081212,9
20081213,4
20081214,1
20081215,2
20081216,5
20081217,4
20081218,5
20081219,9
20081220,3
20081222,3
20081223,4
20081224,1
20081225,1
20081226,1
20081227,2
20081229,1
20081230,5
20081231,2
20090101,1
20090102,2
20090103,4
20090105,3
20090106,2
20090107,2
20090108,4
20090109,2
20090110,1
20090111,1
20090112,6
20090113,4
20090114,4
20090115,1
20090116,4
20090117,1
20090119,1
20090120,4
20090121,2
20090122,2
20090123,1
20090124,1
20090126,3
20090127,2
20090128,1
20090129,3
20090130,5
20090131,1
20090201,1
20090202,2
20090203,1
20090204,3
20090205,2
20090206,3
20090207,1
20090209,3
20090210,6
20090211,2
20090213,2
20090217,1
20090218,2
20090219,2
20090220,2
20090221,1
20090223,2
20090224,6
20090225,3
20090226,2
20090227,2
20090228,2
20090303,7
20090304,4
20090305,4
20090306,3
20090309,3
20090310,3
20090311,3
20090312,5
20090313,3
20090314,4
20090316,2
20090317,5
20090318,3
20090319,3
20090320,5
20090321,1
20090323,2
20090324,5
20090325,3
20090326,4
20090327,2
20090329,1
20090330,2
20090331,3
20090401,7
20090402,6
20090404,2
20090406,2
20090407,4
20090408,5
20090409,6
20090410,4
20090411,2
20090413,2
20090414,2
20090415,2
20090416,1
20090417,2
20090420,2
20090421,3
20090422,2
20090423,2
20090424,6
20090425,3
20090427,6
20090428,3
20090429,1
20090430,6
20090501,3
20090502,4
20090505,1
20090506,2
20090507,4
20090510,1
20090511,2
20090512,7
20090513,4
20090514,6
20090515,3
20090516,1
20090519,2
20090520,1
20090521,3
20090522,2
20090523,2
20090525,1
20090526,3
20090527,2
20090528,5
20090529,5
20090530,2
20090531,2
20090601,7
20090602,6
20090603,4
20090604,3
20090605,3
20090608,5
20090609,3
20090610,4
20090611,3
20090612,2
20090613,1
20090615,1
20090616,1
20090617,3
20090619,3
20090620,1
20090621,1
20090622,3
20090623,4
20090624,9
20090626,1
20090628,1
20090629,2
20090630,4
20090701,5
20090702,1
20090703,1
20090707,2
20090708,1
20090709,2
20090710,1
20090711,2
20090713,2
20090714,2
20090715,4
20090716,4
20090717,1
20090720,2
20090721,1
20090722,2
20090724,6
20090727,1
20090728,5
20090729,1
20090730,6
20090731,7
20090801,1
20090803,6
20090804,6
20090805,7
20090806,4
20090807,3
20090810,3
20090811,4
20090812,2
20090813,1
20090814,3
20090817,1
20090818,2
20090819,2
20090820,3
20090821,1
20090824,4
20090825,1
20090826,2
20090827,4
20090828,3
20090829,1
20090831,1
20090901,1
20090902,2
20090903,2
20090904,2
20090907,2
20090908,1
20090909,4
20090910,2
20090911,5
20090912,1
20090914,2
20090915,1
20090916,7
20090917,2
20090919,1
20090921,1
20090922,2
20090923,3
20090924,4
20090925,5
20090926,2
20090928,2
20090929,1
20090930,1
20091001,2
20091002,1
20091005,4
20091006,5
20091007,1
20091008,3
20091009,2
20091010,1
20091012,1
20091013,4
20091014,2
20091015,2
20091016,3
20091017,3
20091019,2
20091020,1
20091021,1
20091023,3
20091026,3
20091027,3
20091028,6
20091029,1
20091030,4
20091031,1
20091101,1
20091102,1
20091103,7
20091104,7
20091105,5
20091106,2
20091107,1
20091109,4
20091110,1
20091112,1
20091113,1
20091116,5
20091117,3
20091118,4
20091119,2
20091120,1
20091121,1
20091123,1
20091124,2
20091125,2
20091128,4
20091130,7
20091201,6
20091202,3
20091203,3
20091204,1
20091207,2
20091208,3
20091209,1
20091210,2
20091211,3
20091213,1
20091214,1
20091215,2
20091216,1
20091217,2
20091218,2
20091219,1
20091221,1
20091222,1
20091223,6
20091224,3
20091226,2
20091227,1
20091228,1
20091230,3
20091231,3
20100101,1
20100103,1
20100104,7
20100105,9
20100106,6
20100107,2
20100108,3
20100111,8
20100112,6
20100113,3
20100114,4
20100115,1
20100117,2
20100119,1
20100120,2
20100121,2
20100124,1
20100125,1
20100126,4
20100127,6
20100128,6
20100129,3
20100130,2
20100131,1
20100201,3
20100202,7
20100203,1
20100204,4
20100205,6
20100206,2
20100207,1
20100208,2
20100209,5
20100210,1
20100211,1
20100212,1
20100213,1
20100214,1
20100215,1
20100216,1
20100219,3
20100220,1
20100221,1
20100222,2
20100223,2
20100224,7
20100225,5
20100226,2
20100227,1
20100228,1
20100301,2
20100302,4
20100303,4
20100304,4
20100305,1
20100306,1
20100307,1
20100309,1
20100311,2
20100312,1
20100314,2
20100315,3
20100316,3
20100317,2
20100318,3
20100319,3
20100320,1
20100322,3
20100323,4
20100324,2
20100325,1
20100326,4
20100328,1
20100329,6
20100330,2
20100331,7
20100401,2
20100402,5
20100403,1
20100405,1
20100406,2
20100407,3
20100408,1
20100410,3
20100412,2
20100414,3
20100415,1
20100416,3
20100417,2
20100418,1
20100419,2
20100420,2
20100421,2
20100422,1
20100423,3
20100424,3
20100425,1
20100426,5
20100427,6
20100428,4
20100429,2
20100430,2
20100501,1
20100502,3
20100503,2
20100504,7
20100505,4
20100506,2
20100507,1
20100510,5
20100512,3
20100513,1
20100514,1
20100515,2
20100516,1
20100517,2
20100518,1
20100519,2
20100520,2
20100522,3
20100524,3
20100525,3
20100526,3
20100527,2
20100528,3
20100529,2
20100530,2
20100601,2
20100602,4
20100603,3
20100604,1
20100605,1
20100606,1
20100607,3
20100608,2
20100609,5
20100610,2
20100612,1
20100614,1
20100615,2
20100616,4
20100617,2
20100618,7
20100621,1
20100623,3
20100624,4
20100625,1
20100626,1
20100627,1
20100628,4
20100630,3
20100701,6
20100702,5
20100703,1
20100705,1
20100706,2
20100707,6
20100708,3
20100709,5
20100711,1
20100713,3
20100714,2
20100715,4
20100716,2
20100717,2
20100719,1
20100720,2
20100721,1
20100722,3
20100723,6
20100724,1
20100726,3
20100727,4
20100728,1
20100729,3
20100730,2
20100731,1
20100802,4
20100803,8
20100804,3
20100805,1
20100806,2
20100807,1
20100808,3
20100809,4
20100810,3
20100811,3
20100812,4
20100813,1
20100814,2
20100816,1
20100817,4
20100818,4
20100819,6
20100820,2
20100821,3
20100823,4
20100824,4
20100825,2
20100826,10
20100827,3
20100829,1
20100830,1
20100831,2
20100901,3
20100902,4
20100903,3
20100904,1
20100905,2
20100907,1
20100908,1
20100909,3
20100910,3
20100911,1
20100912,1
20100913,2
20100914,2
20100915,1
20100916,3
20100917,3
20100922,2
20100923,1
20100924,2
20100926,1
20100927,6
20100928,3
20100929,2
20100930,3
20101001,5
20101002,1
20101003,3
20101004,3
20101005,4
20101006,6
20101007,6
20101008,3
20101011,2
20101012,1
20101013,1
20101014,3
20101015,5
20101016,2
20101017,3
20101018,4
20101021,5
20101022,1
20101024,1
20101025,6
20101026,5
20101027,4
20101028,4
20101029,2
20101031,3
20101102,4
20101103,2
20101104,6
20101107,1
20101108,6
20101109,5
20101110,4
20101111,5
20101112,4
20101114,2
20101115,5
20101116,5
20101117,5
20101118,4
20101119,5
20101120,1
20101121,2
20101122,3
20101123,2
20101124,2
20101126,2
20101129,1
20101130,2
20101201,4
20101202,4
20101203,2
20101204,1
20101205,2
20101207,3
20101208,3
20101209,3
20101212,1
20101213,3
20101214,1
20101215,4
20101217,1
20101219,1
20101220,4
20101221,2
20101222,2
20101223,1
20101224,1
20101227,2
20101228,1
20101230,1
20101231,1
20110101,1
20110103,5
20110104,4
20110105,2
20110106,4
20110107,6
20110108,2
20110109,1
20110110,12
20110111,5
20110112,2
20110113,5
20110114,3
20110115,3
20110116,1
20110119,4
20110120,3
20110121,2
20110124,1
20110125,2
20110126,2
20110127,5
20110128,7
20110129,3
20110130,2
20110131,6
20110201,3
20110202,3
20110203,7
20110204,1
20110205,1
20110207,3
20110208,3
20110209,3
20110210,4
20110211,3
20110212,2
20110214,5
20110217,2
20110218,1
20110219,1
20110220,1
20110221,1
20110222,1
20110223,6
20110225,7
20110226,1
20110228,8
20110301,3
20110302,7
20110303,5
20110304,2
20110306,1
20110307,2
20110308,3
20110309,5
20110310,2
20110313,1
20110314,1
20110315,2
20110316,5
20110317,5
20110318,4
20110321,1
20110322,5
20110323,3
20110324,1
20110325,4
20110326,2
20110328,4
20110329,4
20110330,3
20110331,3
20110401,5
20110402,1
20110404,2
20110405,1
20110406,2
20110407,5
20110408,2
20110411,2
20110412,4
20110413,5
20110414,8
20110415,3
20110416,1
20110418,2
20110419,1
20110420,2
20110421,3
20110422,2
20110425,4
20110426,11
20110427,5
20110428,1
20110429,2
20110430,4
20110501,2
20110502,1
20110503,6
20110504,4
20110505,5
20110506,2
20110509,4
20110510,4
20110511,3
20110512,2
20110513,1
20110514,1
20110516,3
20110517,1
20110518,1
20110519,3
20110523,5
20110524,1
20110525,2
20110526,2
20110527,2
20110528,1
20110531,5
20110601,5
20110602,3
20110603,1
20110604,3
20110606,9
20110607,4
20110608,5
20110609,2
20110610,4
20110611,1
20110613,3
20110614,1
20110615,5
20110616,4
20110617,1
20110618,2
20110620,5
20110621,3
20110623,3
20110624,4
20110625,1
20110627,4
20110628,1
20110629,3
20110630,6
20110701,1
20110702,2
20110704,1
20110705,2
20110706,5
20110707,4
20110708,1
20110711,2
20110712,5
20110713,2
20110714,1
20110715,2
20110718,3
20110719,1
20110720,3
20110722,6
20110723,1
20110724,1
20110725,3
20110726,8
20110727,9
20110728,6
20110729,3
20110730,2
20110801,4
20110802,3
20110803,3
20110804,2
20110806,1
20110808,2
20110809,6
20110810,3
20110811,1
20110812,1
20110813,3
20110815,3
20110816,2
20110818,3
20110819,2
20110821,1
20110822,3
20110823,2
20110824,4
20110825,3
20110826,3
20110828,1
20110830,2
20110831,2
20110901,2
20110902,4
20110903,1
20110904,1
20110905,1
20110906,1
20110907,5
20110908,1
20110909,3
20110910,1
20110913,4
20110914,3
20110915,10
20110916,2
20110917,2
20110918,2
20110919,2
20110920,2
20110921,3
20110922,1
20110923,3
20110924,1
20110925,1
20110926,2
20110927,2
20110928,2
20110929,5
20110930,3
20111002,1
20111003,2
20111004,3
20111005,6
20111006,2
20111007,3
20111008,2
20111010,4
20111011,1
20111012,4
20111013,7
20111014,1
20111015,3
20111017,3
20111018,1
20111019,1
20111020,3
20111021,5
20111022,1
20111024,1
20111025,3
20111026,7
20111027,3
20111028,6
20111029,3
20111101,4
20111102,4
20111103,1
20111106,1
20111107,5
20111108,3
20111109,5
20111110,2
20111111,3
20111114,1
20111115,2
20111116,3
20111117,3
20111118,1
20111119,2
20111121,1
20111122,1
20111123,2
20111126,1
20111128,3
20111129,3
20111201,5
20111202,2
20111205,1
20111206,3
20111207,3
20111208,1
20111209,8
20111212,2
20111213,3
20111214,4
20111215,3
20111216,2
20111219,1
20111221,1
20111222,3
20111223,3
20111227,1
20111228,1
20111229,2
20111230,1
20111231,6
20120102,1
20120103,1
20120104,5
20120105,7
20120106,7
20120108,1
20120109,11
20120110,9
20120111,10
20120112,3
20120113,3
20120114,1
20120117,4
20120118,3
20120119,6
20120120,1
20120121,2
20120123,5
20120124,3
20120126,1
20120127,5
20120128,1
20120129,1
20120130,1
20120131,1
20120201,3
20120202,3
20120203,2
20120205,4
20120206,5
20120207,1
20120208,6
20120209,6
20120210,5
20120211,2
20120213,1
20120214,2
20120215,3
20120216,2
20120217,1
20120221,4
20120222,2
20120224,5
20120225,5
20120227,3
20120228,3
20120229,6
20120301,6
20120302,1
20120304,1
20120305,1
20120306,5
20120307,6
20120308,4
20120309,4
20120312,3
20120313,3
20120314,4
20120315,3
20120316,1
20120318,1
20120319,1
20120320,1
20120321,2
20120327,4
20120328,2
20120329,1
20120330,6
20120402,2
20120403,5
20120404,3
20120405,3
20120406,1
20120408,2
20120409,2
20120410,4
20120411,3
20120412,6
20120413,1
20120414,1
20120415,1
20120416,6
20120417,8
20120418,4
20120419,4
20120420,4
20120422,1
20120423,6
20120424,5
20120425,4
20120426,8
20120427,5
20120429,1
20120430,2
20120501,6
20120502,1
20120503,4
20120504,5
20120508,5
20120509,2
20120510,3
20120511,2
20120512,1
20120513,1
20120514,2
20120515,3
20120516,4
20120517,2
20120518,4
20120519,1
20120520,1
20120521,2
20120522,3
20120523,1
20120524,3
20120525,1
20120528,1
20120530,1
20120531,3
20120601,6
20120604,2
20120605,1
20120606,3
20120607,2
20120608,3
20120609,1
20120611,2
20120612,2
20120613,2
20120614,4
20120615,1
20120616,1
20120618,1
20120619,1
20120620,5
20120621,4
20120622,2
20120625,1
20120626,2
20120627,4
20120628,2
20120629,7
20120630,1
20120702,5
20120703,8
20120704,3
20120706,4
20120707,1
20120709,1
20120710,2
20120711,1
20120712,3
20120713,8
20120714,1
20120715,2
20120716,1
20120717,2
20120718,4
20120719,1
20120720,2
20120723,5
20120724,5
20120725,5
20120726,7
20120727,4
20120728,1
20120729,3
20120730,2
20120731,2
20120801,4
20120802,3
20120803,5
20120806,3
20120807,4
20120808,2
20120809,4
20120812,1
20120813,2
20120814,5
20120815,6
20120816,1
20120817,1
20120819,2
20120822,2
20120823,4
20120824,4
20120825,2
20120826,1
20120827,5
20120828,4
20120829,8
20120830,1
20120831,3
20120901,1
20120903,1
20120904,3
20120905,5
20120906,3
20120907,3
20120910,1
20120912,5
20120913,5
20120914,4
20120916,2
20120917,7
20120918,8
20120919,1
20120920,3
20120921,4
20120924,7
20120925,3
20120926,3
20120927,3
20120928,3
20120930,1
20121001,3
20121002,4
20121003,5
20121004,3
20121005,1
20121006,1
20121007,2
20121008,3
20121009,7
20121010,3
20121012,1
20121014,1
20121015,3
20121016,3
20121017,3
20121019,4
20121022,2
20121023,1
20121024,7
20121025,7
20121026,3
20121028,2
20121029,12
20121030,6
20121031,4
20121101,5
20121102,8
20121104,2
20121105,3
20121106,3
20121107,2
20121108,5
20121109,1
20121112,4
20121113,6
20121114,3
20121115,2
20121116,3
20121119,2
20121120,3
20121122,4
20121123,3
20121125,3
20121126,1
20121127,6
20121128,1
20121129,9
20121130,4
20121201,2
20121202,2
20121203,8
20121204,2
20121205,2
20121206,5
20121207,8
20121210,8
20121211,2
20121212,2
20121213,5
20121214,3
20121215,1
20121219,2
20121220,2
20121221,2
20121222,1
20121224,2
20121225,1
20121226,1
20121227,1
20121228,1
20121231,2
20130101,3
20130102,2
20130103,7
20130107,4
20130108,5
20130109,4
20130110,6
20130111,7
20130113,4
20130114,7
20130115,7
20130116,6
20130117,5
20130118,3
20130120,1
20130122,2
20130123,5
20130124,3
20130125,7
20130126,1
20130128,10
20130129,12
20130130,3
20130131,3
20130201,5
20130202,2
20130203,2
20130204,2
20130205,3
20130206,3
20130207,3
20130208,3
20130209,1
20130210,1
20130211,2
20130212,3
20130213,6
20130214,4
20130215,1
20130218,3
20130219,1
20130220,5
20130221,5
20130224,1
20130225,2
20130226,2
20130228,1
20130301,8
20130303,2
20130304,4
20130305,1
20130306,5
20130307,3
20130308,1
20130310,2
20130311,4
20130312,2
20130313,2
20130314,1
20130315,4
20130318,1
20130319,2
20130320,2
20130321,1
20130322,1
20130323,1
20130324,1
20130325,7
20130326,5
20130327,9
20130328,2
20130329,1
20130401,2
20130402,4
20130403,3
20130407,4
20130408,2
20130409,4
20130410,1
20130411,1
20130412,1
20130414,1
20130415,5
20130416,3
20130417,4
20130418,2
20130420,3
20130422,1
20130423,1
20130424,9
20130425,1
20130428,4
20130429,2
20130430,4
20130501,6
20130502,9
20130505,1
20130506,5
20130508,4
20130509,3
20130510,4
20130513,4
20130514,3
20130515,4
20130516,4
20130517,2
20130520,3
20130521,1
20130522,9
20130523,2
20130524,6
20130527,1
20130528,1
20130529,2
20130530,3
20130531,4
20130601,1
20130602,2
20130603,2
20130604,2
20130605,6
20130606,1
20130607,2
20130610,1
20130611,1
20130612,2
20130613,2
20130614,2
20130616,1
20130617,5
20130619,5
20130620,4
20130621,2
20130622,1
20130623,2
20130624,2
20130625,3
20130626,6
20130627,4
20130628,2
20130702,4
20130703,3
20130704,2
20130710,5
20130711,1
20130712,3
20130715,4
20130716,4
20130717,2
20130718,8
20130719,7
20130721,1
20130722,1
20130723,5
20130724,9
20130725,5
20130726,1
20130728,1
20130729,3
20130730,3
20130731,1
20130801,4
20130803,1
20130805,5
20130806,3
20130807,7
20130808,3
20130809,1
20130812,2
20130813,6
20130814,1
20130815,5
20130816,3
20130817,1
20130819,2
20130820,1
20130822,1
20130823,1
20130826,1
20130827,2
20130828,4
20130829,5
20130901,1
20130902,3
20130903,3
20130904,11
20130905,6
20130906,5
20130908,3
20130909,2
20130910,4
20130911,3
20130912,5
20130913,3
20130916,3
20130917,3
20130918,2
20130919,4
20130920,1
20130923,1
20130924,5
20130925,1
20130926,5
20130927,4
20130929,1
20130930,6
20131001,7
20131002,2
20131003,2
20131004,3
20131006,1
20131008,3
20131009,5
20131010,1
20131011,3
20131013,1
20131014,5
20131016,4
20131018,3
20131020,2
20131022,1
20131023,3
20131024,8
20131025,1
20131027,3
20131028,1
20131029,2
20131030,3
20131031,1
20131101,4
20131105,2
20131106,3
20131107,2
20131108,4
20131110,2
20131111,3
20131112,3
20131113,4
20131114,4
20131115,3
20131117,1
20131118,1
20131119,3
20131120,2
20131121,1
20131122,3
20131125,4
20131126,2
20131127,2
20131202,2
20131203,1
20131204,6
20131205,6
20131206,2
20131208,1
20131209,1
20131210,7
20131211,5
20131212,5
20131213,4
20131216,4
20131217,4
20131218,3
20131219,2
20131223,1
20131227,2
20131229,2
20131230,1
20131231,3
20140101,2
20140102,4
20140103,4
20140105,2
20140106,4
20140107,5
20140108,6
20140109,5
20140110,5
20140111,1
20140112,5
20140113,18
20140114,9
20140115,6
20140116,7
20140117,2
20140121,1
20140122,1
20140123,4
20140124,5
20140126,1
20140127,2
20140128,6
20140129,2
20140130,5
20140131,3
20140202,1
20140203,4
20140204,9
20140205,3
20140206,2
20140207,3
20140209,2
20140210,4
20140211,3
20140212,4
20140213,5
20140214,2
20140215,2
20140218,3
20140219,4
20140220,4
20140221,1
20140224,2
20140225,2
20140226,2
20140227,2
20140228,2
20140303,6
20140304,4
20140305,3
20140306,3
20140307,3
20140309,4
20140310,2
20140311,5
20140312,2
20140314,4
20140317,2
20140318,5
20140319,3
20140320,1
20140321,4
20140323,1
20140324,2
20140325,3
20140326,2
20140328,4
20140329,1
20140330,2
20140331,2
20140401,6
20140402,7
20140403,6
20140404,6
20140407,4
20140408,2
20140410,2
20140411,6
20140413,1
20140415,2
20140416,5
20140417,4
20140418,3
20140420,3
20140421,9
20140422,4
20140423,1
20140424,2
20140425,10
20140428,1
20140430,2
20140501,10
20140502,7
20140505,3
20140506,3
20140507,5
20140508,6
20140509,4
20140512,3
20140513,2
20140514,2
20140516,3
20140518,1
20140519,1
20140520,1
20140521,1
20140522,6
20140523,2
20140526,3
20140527,3
20140528,4
20140529,3
20140601,1
20140602,2
20140603,5
20140604,4
20140605,2
20140608,1
20140609,3
20140610,7
20140611,2
20140612,3
20140613,2
20140617,2
20140618,2
20140620,1
20140623,5
20140624,5
20140625,2
20140626,4
20140627,2
20140630,2
20140701,5
20140702,3
20140703,3
20140704,4
20140707,1
20140708,5
20140709,4
20140710,4
20140711,2
20140714,5
20140715,2
20140716,5
20140717,3
20140721,5
20140722,1
20140723,1
20140724,8
20140725,1
20140726,1
20140728,4
20140729,3
20140730,5
20140731,1
20140801,3
20140803,1
20140804,1
20140805,5
20140806,1
20140807,2
20140808,1
20140810,1
20140811,2
20140812,3
20140813,2
20140814,1
20140817,1
20140818,1
20140819,2
20140820,6
20140821,2
20140822,1
20140825,1
20140826,2
20140827,3
20140828,1
20140829,1
20140901,1
20140902,3
20140903,1
20140904,1
20140905,3
20140907,2
20140908,6
20140909,3
20140910,2
20140911,4
20140912,1
20140913,1
20140916,4
20140917,1
20140918,1
20140919,1
20140922,1
20140923,1
20140924,4
20140925,6
20140926,1
20140929,5
20140930,10
20141001,7
20141002,7
20141003,3
20141006,1
20141007,2
20141008,1
20141009,3
20141010,2
20141013,3
20141015,1
20141016,1
20141017,1
20141019,1
20141020,3
20141021,5
20141022,4
20141023,3
20141024,6
20141027,2
20141028,4
20141029,6
20141030,6
20141031,1
20141102,1
20141103,5
20141104,3
20141105,1
20141106,1
20141107,5
20141109,1
20141110,3
20141111,3
20141112,2
20141114,3
20141117,2
20141118,1
20141119,4
20141120,1
20141121,3
20141124,1
20141125,2
20141126,3
20141127,1
20141130,3
20141201,1
20141202,5
20141203,5
20141204,2
20141205,2
20141207,1
20141208,2
20141209,3
20141210,3
20141211,1
20141212,3
20141215,4
20141216,7
20141217,3
20141218,1
20141219,1
20141222,3
20141223,1
20141230,1
20141231,1
20150104,2
20150105,6
20150106,1
20150107,9
20150108,6
20150109,1
20150111,3
20150112,9
20150113,5
20150114,4
20150115,2
20150116,2
20150120,4
20150122,3
20150123,3
20150125,2
20150126,5
20150127,5
20150128,1
20150129,5
20150130,2
20150201,1
20150202,1
20150203,6
20150204,7
20150205,4
20150209,4
20150210,4
20150212,3
20150213,1
20150216,2
20150217,4
20150219,1
20150223,1
20150225,2
20150226,8
20150302,2
20150303,4
20150304,5
20150305,1
20150306,2
20150309,2
20150312,5
20150313,3
20150316,1
20150317,4
20150318,4
20150319,1
20150320,2
20150322,1
20150323,1
20150324,2
20150325,1
20150326,5
20150327,4
20150330,4
20150331,2
20150401,5
20150402,3
20150403,3
20150405,1
20150406,1
20150407,2
20150408,2
20150409,1
20150410,3
20150412,1
20150413,4
20150415,3
20150416,2
20150417,3
20150418,2
20150419,1
20150420,2
20150421,5
20150422,5
20150423,3
20150424,4
20150426,1
20150427,4
20150428,5
20150429,5
20150430,3
