20050126,1
20050605,1
20050607,1
20050829,1
20051128,1
20051227,1
20060107,1
20060113,1
20060127,1
20060224,2
20060316,1
20060324,1
20060328,1
20060331,1
20060410,1
20060413,1
20060510,1
20060512,1
20060513,1
20060522,1
20060524,1
20060611,1
20060616,1
20060712,1
20060912,1
20061114,2
20061120,4
20061121,10
20061122,1
20061125,1
20061206,1
20061222,1
20070101,1
20070104,2
20070105,1
20070106,1
20070116,1
20070117,1
20070119,1
20070125,1
20070207,1
20070302,1
20070305,1
20070313,1
20070315,1
20070324,1
20070326,1
20070328,1
20070330,1
20070402,1
20070411,1
20070414,1
20070418,2
20070508,1
20070514,1
20070524,1
20070531,3
20070604,1
20070606,1
20070702,1
20070805,1
20070810,1
20070817,1
20070820,1
20070823,2
20070912,1
20070913,1
20070914,1
20070921,1
20070922,1
20071006,1
20071013,1
20071109,1
20071110,1
20071120,1
20071126,1
20071207,1
20071218,2
20071219,1
20071231,1
20080102,1
20080109,1
20080118,1
20080123,1
20080124,1
20080202,1
20080203,1
20080229,1
20080306,1
20080308,1
20080404,1
20080506,1
20080509,2
20080521,1
20080606,1
20080611,1
20080614,1
20080703,1
20080707,1
20080716,1
20080721,1
20080722,1
20080728,1
20080805,1
20080806,1
20080807,1
20080816,1
20080821,1
20080905,1
20080912,1
20080915,2
20080917,1
20081015,1
20081019,1
20081021,2
20081022,2
20081025,1
20081030,1
20081106,1
20081112,1
20081128,1
20081203,1
20081204,3
20081205,1
20081217,2
20081230,1
20090115,1
20090126,1
20090127,1
20090212,1
20090217,1
20090305,1
20090320,1
20090401,1
20090406,1
20090413,1
20090423,1
20090424,1
20090505,1
20090602,2
20090613,1
20090616,1
20090622,1
20090623,1
20090625,1
20090706,1
20090711,1
20090713,1
20090714,2
20090717,1
20090718,1
20090719,1
20090721,1
20090722,2
20090723,1
20090725,1
20090810,1
20090817,1
20090818,1
20090910,1
20090916,1
20090919,1
20090930,1
20091002,1
20091008,1
20091016,1
20091019,1
20091020,1
20091021,1
20091022,1
20091024,1
20091117,1
20091214,1
20091217,1
20091218,1
20091228,1
20091231,1
20100103,1
20100105,1
20100125,2
20100201,2
20100204,2
20100209,1
20100217,1
20100219,1
20100306,1
20100329,1
20100416,1
20100419,1
20100518,1
20100522,1
20100525,1
20100614,1
20100621,2
20100622,2
20100626,1
20100715,1
20100721,1
20100722,1
20100730,1
20100811,1
20100817,1
20100826,1
20100915,2
20100921,1
20101004,1
20101018,1
20101020,1
20101021,2
20101025,2
20101028,1
20101112,1
20101209,3
20101211,1
20101212,1
20101228,1
20110104,1
20110112,1
20110113,1
20110118,1
20110119,1
20110120,1
20110301,1
20110309,1
20110317,3
20110323,2
20110325,1
20110328,2
20110331,1
20110404,1
20110405,1
20110406,2
20110415,1
20110419,2
20110420,2
20110421,1
20110510,1
20110511,1
20110630,1
20110704,1
20110713,1
20110720,1
20110721,1
20110808,1
20110831,1
20110906,1
20110915,1
20110919,1
20110923,2
20110926,1
20111006,1
20111007,2
20111009,1
20111011,3
20111016,1
20111017,1
20111018,1
20111019,1
20111020,1
20111026,1
20111102,1
20111110,1
20111114,1
20111129,1
20111206,1
20111214,3
20120107,1
20120117,1
20120118,1
20120119,5
20120122,1
20120126,1
20120203,1
20120206,1
20120214,1
20120222,1
20120302,1
20120307,2
20120314,1
20120315,1
20120402,1
20120415,1
20120419,2
20120425,1
20120515,1
20120516,1
20120601,1
20120606,1
20120619,2
20120709,1
20120723,1
20120725,1
20120813,1
20120817,1
20120824,2
20120831,1
20121012,1
20121019,1
20121022,1
20121024,1
20121027,1
20121028,1
20121031,1
20121205,4
20121206,7
20121207,2
20121211,1
20121212,3
20121213,1
20121217,1
20130102,1
20130114,1
20130115,1
20130122,2
20130212,1
20130221,1
20130228,1
20130320,1
20130415,2
20130416,1
20130418,1
20130502,1
20130508,2
20130514,1
20130515,1
20130517,1
20130520,3
20130522,1
20130523,1
20130529,2
20130530,1
20130531,1
20130603,2
20130604,2
20130606,1
20130611,1
20130614,1
20130624,3
20130627,1
20130723,2
20130913,1
20131001,1
20131002,1
20131022,4
20131122,2
20131124,1
20131129,1
20131219,1
20131220,1
20131223,1
20131224,1
20140109,1
20140111,1
20140113,1
20140122,2
20140131,1
20140203,1
20140204,1
20140226,2
20140228,1
20140302,1
20140306,1
20140307,1
20140313,1
20140319,1
20140410,1
20140416,1
20140424,3
20140507,2
20140508,1
20140513,1
20140520,1
20140521,4
20140527,1
20140605,1
20140606,1
20140612,1
20140627,1
20140703,1
20140704,1
20140722,1
20140723,2
20140725,1
20140805,2
20140806,1
20140807,1
20140826,1
20140828,1
20140829,1
20140901,1
20140902,2
20140908,1
20140909,2
20140922,1
20140927,1
20140928,1
20140929,1
20141006,1
20141007,3
20141008,2
20141009,1
20141010,1
20141017,1
20141027,1
20141028,2
20141031,1
20141109,1
20141125,1
20141130,1
20141201,7
20141204,1
20150106,1
20150114,1
20150115,1
20150116,1
20150120,1
20150126,1
20150127,2
20150217,1
20150219,1
20150223,1
20150310,1
20150313,1
20150316,1
20150317,2
20150318,1
20150324,3
20150401,1
20150422,1
20150423,2
