20050102,4
20050103,15
20050104,11
20050105,10
20050106,14
20050107,18
20050108,1
20050109,1
20050110,12
20050111,16
20050112,16
20050113,18
20050114,13
20050116,2
20050117,9
20050118,7
20050119,12
20050120,17
20050121,14
20050124,14
20050125,18
20050126,21
20050127,19
20050128,26
20050130,1
20050131,24
20050201,20
20050202,23
20050203,13
20050204,16
20050206,1
20050207,16
20050208,10
20050209,7
20050210,14
20050211,22
20050213,3
20050214,14
20050215,14
20050216,11
20050217,16
20050218,12
20050221,6
20050222,13
20050223,14
20050224,11
20050225,15
20050227,2
20050228,17
20050301,15
20050302,18
20050303,11
20050304,11
20050306,1
20050307,13
20050308,12
20050309,8
20050310,16
20050311,10
20050313,1
20050314,13
20050315,10
20050316,19
20050317,12
20050318,11
20050320,2
20050321,8
20050322,20
20050323,7
20050324,13
20050325,10
20050327,2
20050328,14
20050329,13
20050330,12
20050331,10
20050401,24
20050402,1
20050403,4
20050404,14
20050405,11
20050406,11
20050407,13
20050408,9
20050409,1
20050411,15
20050412,13
20050413,12
20050414,11
20050415,13
20050417,4
20050418,17
20050419,22
20050420,19
20050421,17
20050422,25
20050424,3
20050425,16
20050426,11
20050427,12
20050428,18
20050429,13
20050430,1
20050501,2
20050502,16
20050503,16
20050504,17
20050505,22
20050506,14
20050507,1
20050508,2
20050509,13
20050510,16
20050511,11
20050512,14
20050513,15
20050516,18
20050517,10
20050518,15
20050519,12
20050520,11
20050521,1
20050523,15
20050524,6
20050525,13
20050526,18
20050527,13
20050528,1
20050529,1
20050530,5
20050531,12
20050601,11
20050602,10
20050603,16
20050606,8
20050607,7
20050608,10
20050609,7
20050610,10
20050612,2
20050613,13
20050614,15
20050615,18
20050616,15
20050617,11
20050619,1
20050620,15
20050621,13
20050622,11
20050623,15
20050624,15
20050626,2
20050627,13
20050628,17
20050629,15
20050630,16
20050701,15
20050703,3
20050704,3
20050705,23
20050706,18
20050707,6
20050708,15
20050710,3
20050711,13
20050712,14
20050713,12
20050714,17
20050715,12
20050718,14
20050719,21
20050720,24
20050721,16
20050722,17
20050723,1
20050724,2
20050725,14
20050726,24
20050727,30
20050728,24
20050729,18
20050731,1
20050801,13
20050802,14
20050803,18
20050804,14
20050805,15
20050807,1
20050808,11
20050809,13
20050810,13
20050811,12
20050812,20
20050815,13
20050816,18
20050817,23
20050818,9
20050819,21
20050820,1
20050822,7
20050823,10
20050824,14
20050825,10
20050826,11
20050827,1
20050828,2
20050829,9
20050830,10
20050831,17
20050901,14
20050902,18
20050904,2
20050906,11
20050907,18
20050908,15
20050909,15
20050910,1
20050911,1
20050912,13
20050913,19
20050914,11
20050915,14
20050916,15
20050917,9
20050918,2
20050919,16
20050920,19
20050921,19
20050922,12
20050923,13
20050924,5
20050925,1
20050926,16
20050927,16
20050928,15
20050929,18
20050930,16
20051001,4
20051002,1
20051003,12
20051004,17
20051005,13
20051006,10
20051007,14
20051008,10
20051009,2
20051010,13
20051011,10
20051012,18
20051013,8
20051014,14
20051015,4
20051016,1
20051017,14
20051018,20
20051019,11
20051020,14
20051021,14
20051022,5
20051023,1
20051024,8
20051025,15
20051026,16
20051027,22
20051028,13
20051029,4
20051030,1
20051031,9
20051101,15
20051102,8
20051103,20
20051104,13
20051105,10
20051106,1
20051107,13
20051108,9
20051109,17
20051110,15
20051111,19
20051112,2
20051113,2
20051114,5
20051115,13
20051116,15
20051117,16
20051118,12
20051119,7
20051120,1
20051121,9
20051122,12
20051123,11
20051124,4
20051125,9
20051126,9
20051127,1
20051128,7
20051129,10
20051130,10
20051201,17
20051202,17
20051203,4
20051204,4
20051205,4
20051206,12
20051207,18
20051208,12
20051209,11
20051210,9
20051211,3
20051212,12
20051213,15
20051214,19
20051215,12
20051216,15
20051217,7
20051218,2
20051219,12
20051220,11
20051221,12
20051222,12
20051223,8
20051224,5
20051226,2
20051227,7
20051228,12
20051229,13
20051230,17
20051231,9
20060101,2
20060102,1
20060103,23
20060104,17
20060105,22
20060106,16
20060107,7
20060108,2
20060109,8
20060110,16
20060111,8
20060112,9
20060113,20
20060114,6
20060115,1
20060116,15
20060117,11
20060118,16
20060119,20
20060120,23
20060121,9
20060122,2
20060123,10
20060124,16
20060125,17
20060126,20
20060127,27
20060128,8
20060129,1
20060130,12
20060131,14
20060201,18
20060202,19
20060203,16
20060204,5
20060205,1
20060206,19
20060207,15
20060208,16
20060209,19
20060210,8
20060211,11
20060212,1
20060213,17
20060214,16
20060215,17
20060216,9
20060217,18
20060218,6
20060219,3
20060220,5
20060221,11
20060222,17
20060223,17
20060224,17
20060225,6
20060226,1
20060227,8
20060228,18
20060301,20
20060302,18
20060303,12
20060304,9
20060305,1
20060306,14
20060307,13
20060308,19
20060309,14
20060310,22
20060311,6
20060312,2
20060313,12
20060314,11
20060315,22
20060316,21
20060317,11
20060318,10
20060319,2
20060320,10
20060321,14
20060322,16
20060323,14
20060324,16
20060325,9
20060326,2
20060327,10
20060328,8
20060329,21
20060330,12
20060331,19
20060401,8
20060402,1
20060403,11
20060404,14
20060405,13
20060406,14
20060407,18
20060408,7
20060409,3
20060410,9
20060411,12
20060412,14
20060413,19
20060414,8
20060415,8
20060416,3
20060417,7
20060418,17
20060419,25
20060420,19
20060421,22
20060422,11
20060423,3
20060424,8
20060425,12
20060426,24
20060427,15
20060428,17
20060429,7
20060430,3
20060501,11
20060502,12
20060503,15
20060504,16
20060505,26
20060506,6
20060507,2
20060508,13
20060509,12
20060510,17
20060511,17
20060512,14
20060513,5
20060514,3
20060515,13
20060516,19
20060517,18
20060518,10
20060519,12
20060520,11
20060521,2
20060522,22
20060523,7
20060524,17
20060525,15
20060526,16
20060527,6
20060528,1
20060529,3
20060530,20
20060531,12
20060601,21
20060602,21
20060603,9
20060605,12
20060606,10
20060607,7
20060608,11
20060609,16
20060610,5
20060612,8
20060613,16
20060614,15
20060615,17
20060616,17
20060617,5
20060618,2
20060619,19
20060620,9
20060621,17
20060622,15
20060623,17
20060624,7
20060625,1
20060626,11
20060627,14
20060628,14
20060629,18
20060630,21
20060701,6
20060702,2
20060703,15
20060704,6
20060705,15
20060706,14
20060707,19
20060708,3
20060709,5
20060710,9
20060711,18
20060712,13
20060713,14
20060714,10
20060715,4
20060716,2
20060717,11
20060718,17
20060719,18
20060720,20
20060721,16
20060722,9
20060723,4
20060724,10
20060725,25
20060726,19
20060727,16
20060728,19
20060729,10
20060730,3
20060731,18
20060801,18
20060802,22
20060803,24
20060804,19
20060805,11
20060807,11
20060808,9
20060809,18
20060810,18
20060811,11
20060812,9
20060813,2
20060814,10
20060815,10
20060816,27
20060817,13
20060818,13
20060819,4
20060820,3
20060821,7
20060822,17
20060823,10
20060824,20
20060825,11
20060826,4
20060827,1
20060828,10
20060829,12
20060830,15
20060831,18
20060901,23
20060902,6
20060903,1
20060904,2
20060905,11
20060906,13
20060907,12
20060908,20
20060909,5
20060910,2
20060911,10
20060912,9
20060913,14
20060914,19
20060915,15
20060916,6
20060918,10
20060919,15
20060920,14
20060921,13
20060922,12
20060925,15
20060926,4
20060927,14
20060928,11
20060929,18
20060930,9
20061001,4
20061002,14
20061003,13
20061004,14
20061005,18
20061006,10
20061007,11
20061008,2
20061009,13
20061010,14
20061011,12
20061012,9
20061013,21
20061014,9
20061015,3
20061016,7
20061017,26
20061018,17
20061019,18
20061020,26
20061021,8
20061023,12
20061024,15
20061025,16
20061026,17
20061027,19
20061028,6
20061029,1
20061030,22
20061031,19
20061101,19
20061102,22
20061103,18
20061104,8
20061105,2
20061106,6
20061107,22
20061108,21
20061109,15
20061110,23
20061111,5
20061113,11
20061114,13
20061115,13
20061116,15
20061117,20
20061118,8
20061119,1
20061120,10
20061121,16
20061122,18
20061123,5
20061124,18
20061125,6
20061126,3
20061127,8
20061128,5
20061129,10
20061130,18
20061201,18
20061202,6
20061203,1
20061204,9
20061205,15
20061206,10
20061207,12
20061208,12
20061209,6
20061210,3
20061211,11
20061212,17
20061213,11
20061214,20
20061215,13
20061216,4
20061217,2
20061218,8
20061219,12
20061220,15
20061221,8
20061222,11
20061223,6
20061226,10
20061227,9
20061228,15
20061229,15
20061230,10
20061231,1
20070102,13
20070103,15
20070104,12
20070105,16
20070106,7
20070108,9
20070109,9
20070110,20
20070111,19
20070112,15
20070113,9
20070114,1
20070115,3
20070116,21
20070117,15
20070118,11
20070119,23
20070120,8
20070121,1
20070122,17
20070123,27
20070124,18
20070125,20
20070126,16
20070127,3
20070129,11
20070130,15
20070131,22
20070201,22
20070202,20
20070203,9
20070204,2
20070205,17
20070206,16
20070207,14
20070208,13
20070209,20
20070210,6
20070212,15
20070213,15
20070214,27
20070215,16
20070216,19
20070217,8
20070218,1
20070219,1
20070220,6
20070221,18
20070222,8
20070223,16
20070224,7
20070226,7
20070227,6
20070228,8
20070301,20
20070302,14
20070303,10
20070305,12
20070306,7
20070307,12
20070308,20
20070309,23
20070310,2
20070311,2
20070312,4
20070313,7
20070314,12
20070315,12
20070316,11
20070317,5
20070319,12
20070320,19
20070321,10
20070322,11
20070323,15
20070324,5
20070325,2
20070326,5
20070327,12
20070328,15
20070329,13
20070330,9
20070331,8
20070402,8
20070403,16
20070404,17
20070405,16
20070406,12
20070407,5
20070409,6
20070410,12
20070411,11
20070412,13
20070413,16
20070414,10
20070415,4
20070416,14
20070417,17
20070418,18
20070419,16
20070420,17
20070421,9
20070422,3
20070423,13
20070424,12
20070425,21
20070426,17
20070427,17
20070428,10
20070429,1
20070430,14
20070501,18
20070502,30
20070503,23
20070504,27
20070505,10
20070506,2
20070507,14
20070508,20
20070509,15
20070510,20
20070511,12
20070512,11
20070513,1
20070514,10
20070515,20
20070516,23
20070517,18
20070518,11
20070519,10
20070521,12
20070522,20
20070523,14
20070524,16
20070525,21
20070526,9
20070528,1
20070529,14
20070530,15
20070531,17
20070601,16
20070602,9
20070603,1
20070604,12
20070605,10
20070606,11
20070607,15
20070608,17
20070609,7
20070610,1
20070611,13
20070612,14
20070613,14
20070614,11
20070615,16
20070616,6
20070617,2
20070618,12
20070619,17
20070620,13
20070621,12
20070622,5
20070623,6
20070625,14
20070626,13
20070627,10
20070628,18
20070629,13
20070630,3
20070701,1
20070702,10
20070703,16
20070704,3
20070705,9
20070706,14
20070707,4
20070709,6
20070710,7
20070711,9
20070712,20
20070713,12
20070714,11
20070715,2
20070716,15
20070717,18
20070718,22
20070719,20
20070720,14
20070721,4
20070723,15
20070724,17
20070725,24
20070726,25
20070727,12
20070728,6
20070729,3
20070730,13
20070731,14
20070801,26
20070802,22
20070803,24
20070804,6
20070806,15
20070807,17
20070808,25
20070809,22
20070810,16
20070811,12
20070812,3
20070813,13
20070814,14
20070815,15
20070816,14
20070817,12
20070818,5
20070819,3
20070820,14
20070821,10
20070822,12
20070823,19
20070824,14
20070825,4
20070826,2
20070827,7
20070828,8
20070829,19
20070830,17
20070831,15
20070901,6
20070902,2
20070903,3
20070904,12
20070905,13
20070906,9
20070907,13
20070908,7
20070909,2
20070910,10
20070911,15
20070912,21
20070913,13
20070914,21
20070915,12
20070916,1
20070917,9
20070918,8
20070919,19
20070920,21
20070921,15
20070922,5
20070923,2
20070924,5
20070925,18
20070926,15
20070927,25
20070928,24
20070929,8
20070930,4
20071001,6
20071002,20
20071003,18
20071004,16
20071005,30
20071006,12
20071007,3
20071008,12
20071009,15
20071010,21
20071011,9
20071012,20
20071013,7
20071014,2
20071015,9
20071016,11
20071017,19
20071018,23
20071019,13
20071020,8
20071022,24
20071023,12
20071024,25
20071025,21
20071026,25
20071027,12
20071028,1
20071029,16
20071030,22
20071031,19
20071101,19
20071102,21
20071103,9
20071104,2
20071105,16
20071106,19
20071107,20
20071108,18
20071109,20
20071110,9
20071112,12
20071113,21
20071114,20
20071115,18
20071116,15
20071117,7
20071118,1
20071119,11
20071120,25
20071121,15
20071122,5
20071123,14
20071124,6
20071126,10
20071127,15
20071128,10
20071129,19
20071130,18
20071201,13
20071203,14
20071204,14
20071205,19
20071206,14
20071207,29
20071208,8
20071209,1
20071210,13
20071211,12
20071212,14
20071213,19
20071214,16
20071215,5
20071216,2
20071217,14
20071218,18
20071219,16
20071220,16
20071221,14
20071222,6
20071223,1
20071224,6
20071225,2
20071226,19
20071227,11
20071228,16
20071229,9
20071230,2
20071231,10
20080102,20
20080103,22
20080104,17
20080105,6
20080107,14
20080108,9
20080109,15
20080110,16
20080111,14
20080112,12
20080113,1
20080114,10
20080115,16
20080116,19
20080117,12
20080118,16
20080119,3
20080120,1
20080121,1
20080122,22
20080123,22
20080124,21
20080125,25
20080126,5
20080127,1
20080128,12
20080129,20
20080130,24
20080131,25
20080201,26
20080202,12
20080204,16
20080205,16
20080206,13
20080207,23
20080208,15
20080209,7
20080210,2
20080211,12
20080212,14
20080213,13
20080214,19
20080215,16
20080216,6
20080218,3
20080219,10
20080220,12
20080221,18
20080222,18
20080223,3
20080224,1
20080225,12
20080226,16
20080227,20
20080228,18
20080229,16
20080301,6
20080302,1
20080303,10
20080304,13
20080305,16
20080306,11
20080307,10
20080308,4
20080310,11
20080311,21
20080312,12
20080313,18
20080314,15
20080315,4
20080317,13
20080318,18
20080319,17
20080320,17
20080321,6
20080322,5
20080323,3
20080324,17
20080325,12
20080326,18
20080327,16
20080328,14
20080329,9
20080330,1
20080331,19
20080401,13
20080402,18
20080403,14
20080404,13
20080405,5
20080406,2
20080407,13
20080408,11
20080409,16
20080410,11
20080411,21
20080412,8
20080414,10
20080415,31
20080416,28
20080417,13
20080418,16
20080419,5
20080421,16
20080422,20
20080423,17
20080424,19
20080425,21
20080426,4
20080427,2
20080428,10
20080429,12
20080430,24
20080501,17
20080502,20
20080503,4
20080504,3
20080505,14
20080506,14
20080507,18
20080508,15
20080509,16
20080510,7
20080512,10
20080513,13
20080514,13
20080515,21
20080516,19
20080517,3
20080518,2
20080519,23
20080520,11
20080521,10
20080522,11
20080523,15
20080524,6
20080525,1
20080526,1
20080527,16
20080528,18
20080529,12
20080530,13
20080531,16
20080601,1
20080602,13
20080603,24
20080604,19
20080605,8
20080606,21
20080607,9
20080608,1
20080609,10
20080610,11
20080611,13
20080612,21
20080613,21
20080614,9
20080616,12
20080617,12
20080618,15
20080619,9
20080620,15
20080621,5
20080622,2
20080623,13
20080624,11
20080625,19
20080626,14
20080627,13
20080628,5
20080630,11
20080701,12
20080702,19
20080703,20
20080704,6
20080705,3
20080706,1
20080707,15
20080708,15
20080709,12
20080710,17
20080711,14
20080712,3
20080713,2
20080714,11
20080715,17
20080716,10
20080717,25
20080718,18
20080719,7
20080720,2
20080721,18
20080722,16
20080723,17
20080724,22
20080725,14
20080726,6
20080727,1
20080728,14
20080729,12
20080730,37
20080731,30
20080801,24
20080802,11
20080804,12
20080805,21
20080806,21
20080807,16
20080808,17
20080809,7
20080810,2
20080811,7
20080812,20
20080813,17
20080814,18
20080815,14
20080816,4
20080817,4
20080818,9
20080819,14
20080820,21
20080821,23
20080822,15
20080823,7
20080824,2
20080825,8
20080826,11
20080827,14
20080828,14
20080829,21
20080830,12
20080831,3
20080901,6
20080902,14
20080903,19
20080904,13
20080905,13
20080906,6
20080907,1
20080908,16
20080909,16
20080910,14
20080911,12
20080912,8
20080913,9
20080914,2
20080915,8
20080916,11
20080917,16
20080918,16
20080919,23
20080920,8
20080921,2
20080922,16
20080923,18
20080924,15
20080925,17
20080926,14
20080927,5
20080928,2
20080929,14
20080930,11
20081001,16
20081002,11
20081003,10
20081004,4
20081005,2
20081006,8
20081007,8
20081008,9
20081009,8
20081010,10
20081011,6
20081012,1
20081013,18
20081014,20
20081015,28
20081016,16
20081017,11
20081018,6
20081019,1
20081020,7
20081021,20
20081022,18
20081023,18
20081024,13
20081025,8
20081026,4
20081027,14
20081028,14
20081029,24
20081030,25
20081031,18
20081101,7
20081102,1
20081103,13
20081104,13
20081105,27
20081106,24
20081107,12
20081108,6
20081109,1
20081110,16
20081111,13
20081112,14
20081113,10
20081114,15
20081115,6
20081116,2
20081117,7
20081118,14
20081119,16
20081120,10
20081121,10
20081122,9
20081123,2
20081124,14
20081125,10
20081126,13
20081127,7
20081128,10
20081129,5
20081201,13
20081202,17
20081203,16
20081204,11
20081205,12
20081206,3
20081207,1
20081208,6
20081209,14
20081210,11
20081211,14
20081212,16
20081213,4
20081214,1
20081215,8
20081216,12
20081217,13
20081218,9
20081219,14
20081220,6
20081222,13
20081223,3
20081224,12
20081225,1
20081226,9
20081227,3
20081229,7
20081230,13
20081231,9
20090101,1
20090102,16
20090103,4
20090105,18
20090106,18
20090107,17
20090108,9
20090109,10
20090110,1
20090112,11
20090113,11
20090114,15
20090115,11
20090116,17
20090117,10
20090118,2
20090119,2
20090120,13
20090121,7
20090122,15
20090123,14
20090124,9
20090125,1
20090126,11
20090127,11
20090128,11
20090129,11
20090130,17
20090131,5
20090201,1
20090202,6
20090203,11
20090204,11
20090205,8
20090206,16
20090207,7
20090208,1
20090209,13
20090210,10
20090211,15
20090212,21
20090213,17
20090214,5
20090215,1
20090216,8
20090217,8
20090218,10
20090219,8
20090220,9
20090221,4
20090222,2
20090223,11
20090224,9
20090225,12
20090226,5
20090227,21
20090228,3
20090301,1
20090302,10
20090303,9
20090304,13
20090305,19
20090306,7
20090307,6
20090308,1
20090309,13
20090310,13
20090311,14
20090312,12
20090313,19
20090314,8
20090315,2
20090316,11
20090317,10
20090318,12
20090319,22
20090320,17
20090321,7
20090323,10
20090324,15
20090325,16
20090326,19
20090327,15
20090328,6
20090329,1
20090330,7
20090331,10
20090401,16
20090402,11
20090403,14
20090404,8
20090405,2
20090406,19
20090407,12
20090408,17
20090409,16
20090410,16
20090411,1
20090412,1
20090413,13
20090414,21
20090415,11
20090416,16
20090417,11
20090418,6
20090419,1
20090420,9
20090421,9
20090422,25
20090423,15
20090424,21
20090425,9
20090426,3
20090427,15
20090428,14
20090429,17
20090430,23
20090501,18
20090502,9
20090503,2
20090504,19
20090505,28
20090506,24
20090507,10
20090508,18
20090509,4
20090511,22
20090512,9
20090513,17
20090514,14
20090515,15
20090516,9
20090518,13
20090519,12
20090520,16
20090521,9
20090522,19
20090523,4
20090525,1
20090526,15
20090527,14
20090528,13
20090529,25
20090530,11
20090531,1
20090601,15
20090602,14
20090603,18
20090604,7
20090605,16
20090606,3
20090607,4
20090608,12
20090609,13
20090610,10
20090611,11
20090612,8
20090613,5
20090615,13
20090616,14
20090617,12
20090618,16
20090619,11
20090620,8
20090621,1
20090622,12
20090623,11
20090624,12
20090625,15
20090626,16
20090627,8
20090628,3
20090629,11
20090630,19
20090701,18
20090702,13
20090703,8
20090704,3
20090706,3
20090707,15
20090708,9
20090709,13
20090710,11
20090711,7
20090713,11
20090714,17
20090715,16
20090716,19
20090717,19
20090718,7
20090719,2
20090720,12
20090721,22
20090722,21
20090723,22
20090724,22
20090725,6
20090726,1
20090727,14
20090728,19
20090729,18
20090730,30
20090731,20
20090801,7
20090802,3
20090803,20
20090804,16
20090805,21
20090806,12
20090807,23
20090808,9
20090809,3
20090810,19
20090811,13
20090812,15
20090813,18
20090814,14
20090815,5
20090816,1
20090817,8
20090818,21
20090819,11
20090820,19
20090821,20
20090822,9
20090823,1
20090824,13
20090825,16
20090826,13
20090827,18
20090828,16
20090829,6
20090830,3
20090831,14
20090901,8
20090902,17
20090903,12
20090904,15
20090905,2
20090906,2
20090907,9
20090908,17
20090909,18
20090910,10
20090911,17
20090912,3
20090913,4
20090914,10
20090915,11
20090916,26
20090917,11
20090918,12
20090919,8
20090921,6
20090922,13
20090923,15
20090924,14
20090925,8
20090926,3
20090927,1
20090928,15
20090929,10
20090930,21
20091001,14
20091002,16
20091003,6
20091004,2
20091005,10
20091006,12
20091007,9
20091008,14
20091009,22
20091010,6
20091011,3
20091012,12
20091013,15
20091014,5
20091015,18
20091016,19
20091017,6
20091018,4
20091019,14
20091020,18
20091021,18
20091022,19
20091023,26
20091024,4
20091025,2
20091026,15
20091027,14
20091028,27
20091029,25
20091030,29
20091031,8
20091101,5
20091102,16
20091103,17
20091104,23
20091105,13
20091106,17
20091107,5
20091108,2
20091109,19
20091110,14
20091111,20
20091112,23
20091113,18
20091114,5
20091115,3
20091116,15
20091117,14
20091118,15
20091119,15
20091120,12
20091121,3
20091122,3
20091123,6
20091124,12
20091125,18
20091126,7
20091127,12
20091128,2
20091129,6
20091130,23
20091201,18
20091202,14
20091203,20
20091204,24
20091205,9
20091206,1
20091207,16
20091208,17
20091209,14
20091210,13
20091211,23
20091212,5
20091213,3
20091214,17
20091215,14
20091216,19
20091217,21
20091218,7
20091219,6
20091220,5
20091221,17
20091222,14
20091223,14
20091224,17
20091225,2
20091226,3
20091228,14
20091229,14
20091230,11
20091231,15
20100101,5
20100102,4
20100103,4
20100104,18
20100105,17
20100106,19
20100107,26
20100108,22
20100109,7
20100110,3
20100111,15
20100112,15
20100113,20
20100114,16
20100115,22
20100116,4
20100117,7
20100118,7
20100119,15
20100120,12
20100121,15
20100122,15
20100123,2
20100124,5
20100125,23
20100126,25
20100127,19
20100128,24
20100129,19
20100130,7
20100131,4
20100201,25
20100202,15
20100203,17
20100204,16
20100205,21
20100206,6
20100207,4
20100208,10
20100209,20
20100210,21
20100211,15
20100212,17
20100213,6
20100214,6
20100215,13
20100216,21
20100217,21
20100218,22
20100219,26
20100220,11
20100221,3
20100222,18
20100223,17
20100224,9
20100225,19
20100226,20
20100227,8
20100228,2
20100301,16
20100302,18
20100303,13
20100304,15
20100305,26
20100306,4
20100307,3
20100308,12
20100309,15
20100310,18
20100311,16
20100312,17
20100313,5
20100314,2
20100315,18
20100316,17
20100317,22
20100318,26
20100319,18
20100320,6
20100321,2
20100322,18
20100323,17
20100324,17
20100325,12
20100326,14
20100327,1
20100328,2
20100329,17
20100330,24
20100331,11
20100401,20
20100402,12
20100403,4
20100404,3
20100405,14
20100406,22
20100407,13
20100408,17
20100409,16
20100410,8
20100411,2
20100412,16
20100413,15
20100414,15
20100415,18
20100416,17
20100417,7
20100418,3
20100419,15
20100420,20
20100421,15
20100422,17
20100423,16
20100424,5
20100425,5
20100426,19
20100427,19
20100428,19
20100429,14
20100430,15
20100501,13
20100502,5
20100503,15
20100504,25
20100505,17
20100506,20
20100507,15
20100508,13
20100509,5
20100510,12
20100511,18
20100512,14
20100513,15
20100514,23
20100515,8
20100516,2
20100517,17
20100518,16
20100519,14
20100520,16
20100521,13
20100522,10
20100523,1
20100524,21
20100525,17
20100526,16
20100527,14
20100528,19
20100529,4
20100530,4
20100531,3
20100601,8
20100602,18
20100603,19
20100604,19
20100605,8
20100606,1
20100607,20
20100608,15
20100609,23
20100610,17
20100611,22
20100612,7
20100613,1
20100614,15
20100615,22
20100616,16
20100617,17
20100618,21
20100619,6
20100620,3
20100621,25
20100622,16
20100623,17
20100624,19
20100625,24
20100626,12
20100627,4
20100628,20
20100629,19
20100630,24
20100701,22
20100702,25
20100703,6
20100704,2
20100705,4
20100706,16
20100707,26
20100708,19
20100709,27
20100710,13
20100711,4
20100712,26
20100713,31
20100714,19
20100715,17
20100716,11
20100717,10
20100718,2
20100719,11
20100720,15
20100721,13
20100722,21
20100723,18
20100724,5
20100725,3
20100726,17
20100727,25
20100728,23
20100729,18
20100730,29
20100731,11
20100801,1
20100802,19
20100803,20
20100804,26
20100805,24
20100806,29
20100807,8
20100808,2
20100809,21
20100810,18
20100811,16
20100812,17
20100813,23
20100814,6
20100815,2
20100816,15
20100817,23
20100818,18
20100819,20
20100820,13
20100821,7
20100822,3
20100823,9
20100824,18
20100825,16
20100826,21
20100827,18
20100828,12
20100829,3
20100830,18
20100831,17
20100901,26
20100902,27
20100903,22
20100904,13
20100905,1
20100906,8
20100907,20
20100908,18
20100909,14
20100910,19
20100911,7
20100912,4
20100913,27
20100914,20
20100915,16
20100916,15
20100917,18
20100918,11
20100919,7
20100920,28
20100921,24
20100922,11
20100923,14
20100924,12
20100925,6
20100926,2
20100927,21
20100928,18
20100929,23
20100930,29
20101001,21
20101002,13
20101003,3
20101004,22
20101005,19
20101006,30
20101007,20
20101008,20
20101009,10
20101010,3
20101011,17
20101012,25
20101013,22
20101014,19
20101015,21
20101016,9
20101017,6
20101018,23
20101019,22
20101020,22
20101021,30
20101022,22
20101023,12
20101024,7
20101025,32
20101026,23
20101027,30
20101028,34
20101029,31
20101030,8
20101031,10
20101101,24
20101102,33
20101103,25
20101104,38
20101105,37
20101106,10
20101107,5
20101108,13
20101109,26
20101110,17
20101111,16
20101112,17
20101113,7
20101115,21
20101116,20
20101117,13
20101118,27
20101119,17
20101120,7
20101121,7
20101122,17
20101123,24
20101124,17
20101125,5
20101126,20
20101127,8
20101128,8
20101129,10
20101130,20
20101201,22
20101202,39
20101203,24
20101204,14
20101205,2
20101206,25
20101207,19
20101208,21
20101209,15
20101210,19
20101211,6
20101212,5
20101213,16
20101214,28
20101215,31
20101216,20
20101217,15
20101218,10
20101219,6
20101220,20
20101221,21
20101222,16
20101223,12
20101224,8
20101226,2
20101227,11
20101228,20
20101229,22
20101230,16
20101231,17
20110101,2
20110102,5
20110103,20
20110104,21
20110105,26
20110106,34
20110107,26
20110108,14
20110109,8
20110110,17
20110111,15
20110112,14
20110113,20
20110114,30
20110115,14
20110116,1
20110117,10
20110118,18
20110119,28
20110120,19
20110121,20
20110122,11
20110123,4
20110124,19
20110125,16
20110126,27
20110127,30
20110128,24
20110129,10
20110130,5
20110131,26
20110201,32
20110202,28
20110203,16
20110204,33
20110205,14
20110206,4
20110207,20
20110208,22
20110209,20
20110210,25
20110211,19
20110212,9
20110213,3
20110214,17
20110215,24
20110216,26
20110217,15
20110218,24
20110219,5
20110221,13
20110222,32
20110223,18
20110224,15
20110225,24
20110226,9
20110227,1
20110228,30
20110301,24
20110302,21
20110303,20
20110304,23
20110305,12
20110306,5
20110307,24
20110308,19
20110309,30
20110310,14
20110311,16
20110312,7
20110314,22
20110315,22
20110316,17
20110317,22
20110318,24
20110319,7
20110320,3
20110321,20
20110322,22
20110323,9
20110324,10
20110325,23
20110326,7
20110327,4
20110328,16
20110329,29
20110330,26
20110331,22
20110401,30
20110402,6
20110403,2
20110404,16
20110405,16
20110406,15
20110407,23
20110408,18
20110409,7
20110410,2
20110411,36
20110412,10
20110413,22
20110414,26
20110415,18
20110416,8
20110417,4
20110418,21
20110419,21
20110420,20
20110421,27
20110422,16
20110423,5
20110424,2
20110425,19
20110426,25
20110427,22
20110428,30
20110429,21
20110430,5
20110501,3
20110502,15
20110503,22
20110504,25
20110505,25
20110506,30
20110507,7
20110508,1
20110509,23
20110510,39
20110511,34
20110512,18
20110513,24
20110514,6
20110516,23
20110517,20
20110518,17
20110519,33
20110520,18
20110521,4
20110522,3
20110523,12
20110524,14
20110525,22
20110526,26
20110527,27
20110528,3
20110529,2
20110530,7
20110531,19
20110601,26
20110602,28
20110603,35
20110604,10
20110605,5
20110606,24
20110607,24
20110608,25
20110609,20
20110610,20
20110611,13
20110612,1
20110613,22
20110614,21
20110615,28
20110616,20
20110617,16
20110618,10
20110619,3
20110620,17
20110621,19
20110622,28
20110623,16
20110624,18
20110625,11
20110626,2
20110627,22
20110628,32
20110629,24
20110630,27
20110701,34
20110702,10
20110703,2
20110704,7
20110705,33
20110706,20
20110707,26
20110708,32
20110709,8
20110710,2
20110711,24
20110712,13
20110713,15
20110714,23
20110715,22
20110716,12
20110717,2
20110718,11
20110719,26
20110720,30
20110721,27
20110722,25
20110723,8
20110724,6
20110725,15
20110726,24
20110727,24
20110728,37
20110729,27
20110730,9
20110731,4
20110801,18
20110802,20
20110803,19
20110804,24
20110805,35
20110806,11
20110807,3
20110808,19
20110809,23
20110810,24
20110811,32
20110812,28
20110813,5
20110815,28
20110816,29
20110817,23
20110818,19
20110819,13
20110820,6
20110821,1
20110822,11
20110823,12
20110824,24
20110825,19
20110826,15
20110827,7
20110828,3
20110829,15
20110830,22
20110831,16
20110901,27
20110902,18
20110903,10
20110905,3
20110906,15
20110907,25
20110908,25
20110909,21
20110910,11
20110911,1
20110912,21
20110913,17
20110914,21
20110915,24
20110916,24
20110917,7
20110918,2
20110919,27
20110920,22
20110921,22
20110922,26
20110923,10
20110924,14
20110925,4
20110926,23
20110927,20
20110928,11
20110929,16
20110930,22
20111001,11
20111002,4
20111003,17
20111004,20
20111005,30
20111006,26
20111007,24
20111008,10
20111009,1
20111010,25
20111011,25
20111012,24
20111013,17
20111014,32
20111015,6
20111016,3
20111017,28
20111018,30
20111019,29
20111020,25
20111021,27
20111022,11
20111023,5
20111024,29
20111025,24
20111026,25
20111027,23
20111028,26
20111029,11
20111030,2
20111031,15
20111101,21
20111102,29
20111103,34
20111104,37
20111105,11
20111106,2
20111107,15
20111108,24
20111109,25
20111110,20
20111111,12
20111112,8
20111113,3
20111114,20
20111115,28
20111116,17
20111117,21
20111118,21
20111119,8
20111120,2
20111121,15
20111122,16
20111123,17
20111124,9
20111125,21
20111126,9
20111127,4
20111128,23
20111129,18
20111130,29
20111201,25
20111202,31
20111203,15
20111204,1
20111205,20
20111206,22
20111207,19
20111208,20
20111209,21
20111210,9
20111211,3
20111212,24
20111213,25
20111214,17
20111215,28
20111216,13
20111217,7
20111218,3
20111219,17
20111220,17
20111221,17
20111222,17
20111223,21
20111224,12
20111225,1
20111226,2
20111227,15
20111228,14
20111229,17
20111230,18
20111231,6
20120101,3
20120102,5
20120103,35
20120104,26
20120105,26
20120106,39
20120107,13
20120108,3
20120109,32
20120110,37
20120111,21
20120112,25
20120113,23
20120114,9
20120115,5
20120116,9
20120117,24
20120118,31
20120119,28
20120120,21
20120121,11
20120122,3
20120123,15
20120124,22
20120125,14
20120126,19
20120127,31
20120128,13
20120129,6
20120130,19
20120131,23
20120201,20
20120202,21
20120203,32
20120204,12
20120205,8
20120206,20
20120207,29
20120208,32
20120209,31
20120210,21
20120211,8
20120212,3
20120213,20
20120214,22
20120215,34
20120216,33
20120217,32
20120218,7
20120219,2
20120220,6
20120221,20
20120222,27
20120223,31
20120224,22
20120225,8
20120227,29
20120228,27
20120229,39
20120301,27
20120302,22
20120303,1
20120304,3
20120305,25
20120306,29
20120307,21
20120308,22
20120309,21
20120310,3
20120311,6
20120312,32
20120313,34
20120314,23
20120315,28
20120316,21
20120317,4
20120318,6
20120319,22
20120320,23
20120321,23
20120322,11
20120323,22
20120324,1
20120325,4
20120326,17
20120327,20
20120328,18
20120329,26
20120330,30
20120331,3
20120401,8
20120402,31
20120403,26
20120404,14
20120405,30
20120406,12
20120407,2
20120408,3
20120409,18
20120410,23
20120411,24
20120412,22
20120413,26
20120414,5
20120415,14
20120416,30
20120417,33
20120418,26
20120419,27
20120420,28
20120421,1
20120422,7
20120423,15
20120424,29
20120425,28
20120426,37
20120427,28
20120429,9
20120430,34
20120501,29
20120502,24
20120503,28
20120504,31
20120506,9
20120507,19
20120508,31
20120509,33
20120510,38
20120511,26
20120512,2
20120513,10
20120514,23
20120515,25
20120516,25
20120517,22
20120518,20
20120520,3
20120521,19
20120522,22
20120523,27
20120524,23
20120525,20
20120526,1
20120527,4
20120528,7
20120529,27
20120530,16
20120531,23
20120601,28
20120602,3
20120603,7
20120604,18
20120605,15
20120606,32
20120607,33
20120608,26
20120609,4
20120610,7
20120611,21
20120612,28
20120613,26
20120614,21
20120615,30
20120616,4
20120617,8
20120618,18
20120619,26
20120620,19
20120621,15
20120622,10
20120624,9
20120625,8
20120626,24
20120627,23
20120628,16
20120629,32
20120630,2
20120701,6
20120702,19
20120703,20
20120704,11
20120705,27
20120706,22
20120707,2
20120708,2
20120709,25
20120710,18
20120711,9
20120712,14
20120713,26
20120714,4
20120715,6
20120716,14
20120717,23
20120718,35
20120719,26
20120720,25
20120722,2
20120723,16
20120724,23
20120725,36
20120726,24
20120727,30
20120728,2
20120729,1
20120730,18
20120731,43
20120801,26
20120802,33
20120803,37
20120804,1
20120805,4
20120806,25
20120807,21
20120808,18
20120809,24
20120810,26
20120811,3
20120812,6
20120813,16
20120814,21
20120815,23
20120816,31
20120817,12
20120818,2
20120819,4
20120820,10
20120821,19
20120822,18
20120823,23
20120824,25
20120825,2
20120826,6
20120827,24
20120828,28
20120829,25
20120830,17
20120831,26
20120901,3
20120902,2
20120903,12
20120904,19
20120905,19
20120906,37
20120907,35
20120908,4
20120909,9
20120910,32
20120911,16
20120912,26
20120913,41
20120914,26
20120915,3
20120916,3
20120917,11
20120918,16
20120919,28
20120920,29
20120921,13
20120922,2
20120923,2
20120924,15
20120925,28
20120926,17
20120927,20
20120928,32
20120929,5
20120930,6
20121001,26
20121002,30
20121003,18
20121004,12
20121005,28
20121006,1
20121007,6
20121008,19
20121009,12
20121010,18
20121011,19
20121012,22
20121013,4
20121014,6
20121015,29
20121016,37
20121017,27
20121018,24
20121019,23
20121020,1
20121021,12
20121022,61
20121023,37
20121024,17
20121025,31
20121026,29
20121028,6
20121029,25
20121030,23
20121031,22
20121101,31
20121102,29
20121104,5
20121105,25
20121106,29
20121107,29
20121108,31
20121109,30
20121110,1
20121111,6
20121112,21
20121113,17
20121114,16
20121115,19
20121116,29
20121118,4
20121119,34
20121120,25
20121121,27
20121122,8
20121123,23
20121124,1
20121125,10
20121126,29
20121127,21
20121128,16
20121129,31
20121130,31
20121202,12
20121203,28
20121204,24
20121205,20
20121206,30
20121207,34
20121208,1
20121209,4
20121210,18
20121211,26
20121212,18
20121213,22
20121214,19
20121215,2
20121216,13
20121217,22
20121218,19
20121219,19
20121220,27
20121221,26
20121223,5
20121224,3
20121225,2
20121226,20
20121227,11
20121228,15
20121229,2
20121230,6
20121231,15
20130101,14
20130102,27
20130103,25
20130104,33
20130105,2
20130106,15
20130107,16
20130108,39
20130109,19
20130110,26
20130111,27
20130112,1
20130113,5
20130114,23
20130115,27
20130116,24
20130117,35
20130118,23
20130119,1
20130120,4
20130121,16
20130122,35
20130123,31
20130124,31
20130125,34
20130126,1
20130127,4
20130128,21
20130129,26
20130130,25
20130131,38
20130201,33
20130202,2
20130203,8
20130204,20
20130205,26
20130206,15
20130207,30
20130208,30
20130210,6
20130211,14
20130212,22
20130213,25
20130214,29
20130215,24
20130216,3
20130217,6
20130218,13
20130219,26
20130220,22
20130221,23
20130222,27
20130223,2
20130224,9
20130225,29
20130226,36
20130227,30
20130228,23
20130301,29
20130302,1
20130303,12
20130304,22
20130305,32
20130306,30
20130307,26
20130308,35
20130309,1
20130310,8
20130311,33
20130312,23
20130313,26
20130314,31
20130315,27
20130316,1
20130317,12
20130318,16
20130319,20
20130320,24
20130321,24
20130322,26
20130323,1
20130324,13
20130325,20
20130326,41
20130327,19
20130328,23
20130329,21
20130331,8
20130401,20
20130402,26
20130403,28
20130404,23
20130405,36
20130406,3
20130407,6
20130408,25
20130409,31
20130410,32
20130411,28
20130412,23
20130413,3
20130414,8
20130415,20
20130416,41
20130417,21
20130418,29
20130419,30
20130420,3
20130421,6
20130422,20
20130423,29
20130424,14
20130425,34
20130426,22
20130427,1
20130428,11
20130429,30
20130430,33
20130501,24
20130502,34
20130503,28
20130505,12
20130506,25
20130507,27
20130508,45
20130509,40
20130510,37
20130512,12
20130513,31
20130514,25
20130515,28
20130516,40
20130517,29
20130518,1
20130519,6
20130520,28
20130521,18
20130522,22
20130523,24
20130524,32
20130525,2
20130526,6
20130527,8
20130528,29
20130529,34
20130530,23
20130531,25
20130601,2
20130602,10
20130603,24
20130604,20
20130605,29
20130606,26
20130607,40
20130608,4
20130609,13
20130610,23
20130611,23
20130612,30
20130613,27
20130614,23
20130615,3
20130616,2
20130617,16
20130618,6
20130619,26
20130620,28
20130621,23
20130622,2
20130623,10
20130624,21
20130625,29
20130626,23
20130627,25
20130628,32
20130629,4
20130630,10
20130701,22
20130702,24
20130703,22
20130704,21
20130705,22
20130706,3
20130707,14
20130708,18
20130709,30
20130710,19
20130711,21
20130712,25
20130714,6
20130715,36
20130716,30
20130717,32
20130718,36
20130719,30
20130720,2
20130721,7
20130722,23
20130723,36
20130724,15
20130725,34
20130726,28
20130727,1
20130728,3
20130729,20
20130730,36
20130731,46
20130801,27
20130802,36
20130803,3
20130804,7
20130805,34
20130806,21
20130807,26
20130808,27
20130809,28
20130810,2
20130811,4
20130812,29
20130813,39
20130814,35
20130815,24
20130816,19
20130817,3
20130818,6
20130819,21
20130820,21
20130821,34
20130822,18
20130823,25
20130824,2
20130825,6
20130826,22
20130827,21
20130828,25
20130829,30
20130830,28
20130831,4
20130901,5
20130902,17
20130903,25
20130904,32
20130905,23
20130906,33
20130907,3
20130908,18
20130909,22
20130910,34
20130911,21
20130912,16
20130913,24
20130914,5
20130915,6
20130916,31
20130917,28
20130918,32
20130919,28
20130920,28
20130921,1
20130922,8
20130923,20
20130924,28
20130925,24
20130926,31
20130927,25
20130928,2
20130929,8
20130930,28
20131001,22
20131002,18
20131003,31
20131004,17
20131005,1
20131006,9
20131007,16
20131008,19
20131009,23
20131010,26
20131011,20
20131012,3
20131013,7
20131014,22
20131015,26
20131016,29
20131017,24
20131018,23
20131019,3
20131020,4
20131021,19
20131022,36
20131023,23
20131024,25
20131025,22
20131026,2
20131027,10
20131028,22
20131029,25
20131030,45
20131031,36
20131101,23
20131103,12
20131104,16
20131105,29
20131106,31
20131107,32
20131108,37
20131109,4
20131110,9
20131111,21
20131112,19
20131113,24
20131114,33
20131115,30
20131116,2
20131117,8
20131118,18
20131119,27
20131120,21
20131121,27
20131122,29
20131123,1
20131124,7
20131125,21
20131126,28
20131127,14
20131128,14
20131129,19
20131130,2
20131201,4
20131202,22
20131203,32
20131204,33
20131205,39
20131206,41
20131207,1
20131208,7
20131209,27
20131210,25
20131211,23
20131212,34
20131213,24
20131214,1
20131215,12
20131216,22
20131217,28
20131218,27
20131219,26
20131220,25
20131222,8
20131223,27
20131224,17
20131225,8
20131226,17
20131227,17
20131228,3
20131229,5
20131230,27
20131231,19
20140101,13
20140102,30
20140103,25
20140105,12
20140106,23
20140107,23
20140108,35
20140109,53
20140110,38
20140111,2
20140112,7
20140113,27
20140114,41
20140115,36
20140116,34
20140117,40
20140118,4
20140119,5
20140120,18
20140121,28
20140122,25
20140123,29
20140124,30
20140126,8
20140127,26
20140128,30
20140129,38
20140130,30
20140131,30
20140201,3
20140202,10
20140203,35
20140204,26
20140205,26
20140206,41
20140207,22
20140208,2
20140209,12
20140210,25
20140211,30
20140212,22
20140213,33
20140214,33
20140215,4
20140216,6
20140217,11
20140218,33
20140219,20
20140220,38
20140221,28
20140222,3
20140223,11
20140224,19
20140225,29
20140226,41
20140227,36
20140228,34
20140301,1
20140302,4
20140303,27
20140304,25
20140305,24
20140306,25
20140307,40
20140308,2
20140309,9
20140310,24
20140311,29
20140312,25
20140313,29
20140314,15
20140315,2
20140316,7
20140317,27
20140318,29
20140319,32
20140320,28
20140321,26
20140323,5
20140324,24
20140325,26
20140326,22
20140327,20
20140328,24
20140329,1
20140330,4
20140331,28
20140401,21
20140402,20
20140403,24
20140404,38
20140406,12
20140407,25
20140408,22
20140409,30
20140410,29
20140411,24
20140413,8
20140414,33
20140415,28
20140416,39
20140417,25
20140418,25
20140419,2
20140420,9
20140421,17
20140422,26
20140423,28
20140424,45
20140425,28
20140426,4
20140427,10
20140428,20
20140429,41
20140430,45
20140501,35
20140502,27
20140504,11
20140505,36
20140506,20
20140507,41
20140508,44
20140509,26
20140510,2
20140511,8
20140512,22
20140513,20
20140514,28
20140515,27
20140516,25
20140518,12
20140519,25
20140520,24
20140521,32
20140522,29
20140523,21
20140524,1
20140525,3
20140526,12
20140527,23
20140528,29
20140529,24
20140530,21
20140601,11
20140602,24
20140603,25
20140604,20
20140605,28
20140606,24
20140608,11
20140609,29
20140610,20
20140611,30
20140612,27
20140613,21
20140614,2
20140615,5
20140616,28
20140617,22
20140618,21
20140619,33
20140620,27
20140622,5
20140623,22
20140624,11
20140625,28
20140626,18
20140627,24
20140628,1
20140629,12
20140630,28
20140701,25
20140702,25
20140703,33
20140704,10
20140705,2
20140706,6
20140707,22
20140708,24
20140709,29
20140710,27
20140711,28
20140712,2
20140713,11
20140714,29
20140715,25
20140716,31
20140717,26
20140718,21
20140719,1
20140720,5
20140721,13
20140722,23
20140723,30
20140724,27
20140725,30
20140726,2
20140727,10
20140728,32
20140729,43
20140730,35
20140731,33
20140801,34
20140802,1
20140803,6
20140804,20
20140805,25
20140806,28
20140807,27
20140808,25
20140810,4
20140811,25
20140812,18
20140813,54
20140814,27
20140815,19
20140816,7
20140817,5
20140818,18
20140819,21
20140820,22
20140821,22
20140822,25
20140823,3
20140824,7
20140825,17
20140826,32
20140827,28
20140828,19
20140829,32
20140830,3
20140831,5
20140901,12
20140902,24
20140903,22
20140904,34
20140905,38
20140906,2
20140907,16
20140908,29
20140909,32
20140910,24
20140911,23
20140912,22
20140913,2
20140914,8
20140915,35
20140916,22
20140917,19
20140918,22
20140919,27
20140921,10
20140922,21
20140923,21
20140924,37
20140925,15
20140926,22
20140927,2
20140928,7
20140929,25
20140930,35
20141001,28
20141002,20
20141003,21
20141004,1
20141005,9
20141006,20
20141007,27
20141008,21
20141009,29
20141010,24
20141011,3
20141012,16
20141013,16
20141014,22
20141015,26
20141016,22
20141017,31
20141018,2
20141019,13
20141020,27
20141021,34
20141022,17
20141023,30
20141024,23
20141025,2
20141026,6
20141027,23
20141028,38
20141029,28
20141030,43
20141031,45
20141101,1
20141102,10
20141103,31
20141104,34
20141105,46
20141106,34
20141107,36
20141108,6
20141109,10
20141110,14
20141111,26
20141112,23
20141113,31
20141114,21
20141115,4
20141116,7
20141117,22
20141118,23
20141119,21
20141120,33
20141121,17
20141122,1
20141123,8
20141124,19
20141125,21
20141126,13
20141127,8
20141128,9
20141129,2
20141130,7
20141201,22
20141202,34
20141203,24
20141204,20
20141205,28
20141206,1
20141207,12
20141208,22
20141209,28
20141210,24
20141211,25
20141212,22
20141213,1
20141214,10
20141215,21
20141216,18
20141217,33
20141218,34
20141219,29
20141220,2
20141221,5
20141222,22
20141223,32
20141224,11
20141225,3
20141226,15
20141227,1
20141228,5
20141229,24
20141230,26
20141231,17
20150101,16
20150102,16
20150103,1
20150104,9
20150105,33
20150106,27
20150107,26
20150108,25
20150109,28
20150110,1
20150111,6
20150112,25
20150113,23
20150114,25
20150115,24
20150116,27
20150117,6
20150118,4
20150119,13
20150120,18
20150121,27
20150122,31
20150123,23
20150124,5
20150125,10
20150126,33
20150127,23
20150128,23
20150129,34
20150130,34
20150131,2
20150201,12
20150202,20
20150203,26
20150204,31
20150205,34
20150206,34
20150207,1
20150208,13
20150209,21
20150210,18
20150211,35
20150212,30
20150213,17
20150215,1
20150216,9
20150217,15
20150218,20
20150219,16
20150220,29
20150221,1
20150222,6
20150223,20
20150224,26
20150225,18
20150226,33
20150227,24
20150228,1
20150301,10
20150302,20
20150303,27
20150304,22
20150305,17
20150306,27
20150307,2
20150308,18
20150309,19
20150310,31
20150311,30
20150312,26
20150313,14
20150314,4
20150315,8
20150316,30
20150317,26
20150318,22
20150319,27
20150320,26
20150322,7
20150323,13
20150324,19
20150325,17
20150326,25
20150327,23
20150328,1
20150329,8
20150330,26
20150331,22
20150401,31
20150402,23
20150403,19
20150405,5
20150406,28
20150407,17
20150408,17
20150409,24
20150410,22
20150411,1
20150412,9
20150413,22
20150414,40
20150415,37
20150416,32
20150417,28
20150418,1
20150419,18
20150420,17
20150421,20
20150422,33
20150423,32
20150424,23
20150425,1
20150426,6
20150427,20
20150428,28
20150429,27
20150430,31
