20050114,1
20050117,2
20050119,1
20050121,1
20050125,4
20050127,1
20050131,2
20050201,1
20050204,2
20050207,1
20050208,1
20050216,1
20050221,1
20050222,1
20050227,2
20050303,1
20050304,1
20050307,2
20050316,1
20050317,2
20050324,1
20050330,1
20050401,1
20050405,1
20050407,1
20050419,2
20050421,1
20050422,1
20050429,1
20050502,1
20050519,1
20050524,1
20050526,1
20050601,1
20050603,1
20050613,1
20050615,2
20050621,1
20050623,1
20050630,1
20050705,1
20050707,1
20050708,1
20050713,1
20050720,1
20050721,1
20050722,2
20050726,1
20050801,1
20050802,1
20050810,1
20050812,1
20050816,1
20050824,1
20050830,1
20050907,1
20050909,1
20050912,1
20050920,1
20050922,1
20050927,1
20050928,1
20050929,1
20051001,1
20051007,1
20051010,1
20051020,2
20051023,1
20051024,1
20051031,1
20051103,1
20051104,1
20051111,1
20051112,1
20051117,1
20051122,1
20051125,1
20051128,1
20051129,1
20051201,1
20051202,1
20051205,2
20051212,1
20051213,1
20051214,3
20051215,5
20051217,1
20051219,1
20051220,1
20051222,1
20060109,1
20060113,3
20060126,2
20060129,1
20060206,1
20060207,3
20060217,1
20060222,1
20060224,2
20060324,1
20060327,1
20060328,1
20060330,1
20060331,2
20060404,1
20060406,1
20060410,1
20060417,1
20060419,2
20060420,2
20060509,1
20060516,1
20060517,1
20060519,1
20060522,1
20060525,1
20060526,1
20060530,1
20060609,1
20060616,1
20060626,1
20060627,1
20060703,1
20060705,1
20060717,1
20060718,1
20060720,1
20060724,1
20060725,1
20060731,1
20060803,1
20060814,1
20060825,1
20060828,1
20060901,1
20060913,1
20060921,1
20060926,1
20060928,1
20060930,1
20061003,2
20061009,1
20061010,2
20061011,1
20061012,1
20061016,1
20061017,1
20061018,3
20061019,1
20061023,1
20061026,2
20061108,1
20061201,1
20061213,1
20061215,1
20061219,1
20061222,1
20070103,2
20070108,1
20070115,1
20070116,2
20070117,1
20070120,1
20070124,2
20070125,1
20070205,3
20070207,1
20070208,1
20070209,1
20070302,1
20070303,3
20070313,2
20070316,1
20070317,1
20070320,1
20070324,1
20070326,1
20070328,1
20070402,1
20070406,1
20070418,3
20070425,3
20070430,2
20070504,1
20070505,1
20070507,2
20070511,1
20070514,2
20070524,1
20070530,1
20070608,1
20070610,1
20070611,2
20070621,2
20070626,1
20070707,1
20070709,1
20070722,1
20070724,1
20070725,1
20070726,2
20070727,1
20070730,2
20070817,2
20070828,1
20070831,2
20070905,1
20070912,1
20070913,1
20070915,2
20070924,1
20070926,1
20070927,2
20071010,2
20071012,1
20071018,1
20071019,1
20071024,1
20071025,1
20071029,1
20071030,1
20071102,2
20071130,1
20071204,1
20071205,2
20071206,1
20071213,1
20071220,1
20071221,2
20071226,1
20071229,1
20071231,2
20080105,1
20080108,1
20080114,1
20080119,1
20080121,1
20080122,1
20080123,1
20080126,1
20080129,2
20080131,1
20080201,1
20080204,1
20080205,1
20080206,1
20080211,1
20080212,1
20080213,2
20080214,2
20080219,1
20080220,1
20080225,3
20080227,3
20080228,1
20080305,1
20080310,1
20080313,1
20080314,1
20080320,2
20080321,1
20080326,1
20080404,1
20080407,2
20080411,2
20080412,1
20080417,1
20080422,1
20080423,1
20080424,1
20080501,1
20080503,1
20080505,1
20080508,3
20080510,1
20080511,1
20080514,1
20080515,2
20080516,1
20080524,1
20080527,1
20080530,2
20080602,1
20080604,2
20080605,1
20080607,1
20080609,1
20080619,1
20080621,1
20080624,1
20080625,1
20080627,1
20080629,1
20080630,1
20080704,1
20080723,1
20080724,3
20080730,1
20080804,1
20080808,1
20080819,2
20080820,2
20080822,2
20080825,1
20080827,1
20080828,1
20080830,1
20080905,2
20080908,2
20080916,1
20080923,1
20080927,1
20081010,1
20081023,1
20081024,1
20081029,1
20081105,1
20081106,1
20081118,1
20081209,1
20081210,2
20081213,1
20081214,1
20081222,1
20081224,1
20090122,1
20090128,1
20090129,1
20090130,1
20090205,1
20090211,1
20090221,1
20090223,1
20090225,1
20090226,1
20090303,1
20090304,1
20090306,1
20090308,1
20090309,1
20090313,1
20090315,1
20090325,1
20090327,1
20090330,1
20090402,1
20090406,2
20090407,1
20090408,1
20090416,2
20090418,1
20090421,1
20090426,1
20090428,1
20090430,2
20090508,1
20090519,1
20090520,1
20090523,1
20090602,1
20090605,2
20090606,1
20090607,1
20090612,1
20090701,1
20090702,1
20090707,1
20090714,1
20090715,2
20090716,2
20090723,1
20090724,2
20090729,1
20090730,1
20090809,1
20090812,1
20090825,1
20090901,2
20090904,1
20090908,1
20090911,1
20090914,2
20090916,1
20090922,1
20090924,1
20090926,1
20091002,1
20091009,1
20091010,2
20091012,1
20091014,1
20091019,2
20091020,1
20091021,1
20091023,1
20091026,1
20091028,1
20091030,1
20091102,1
20091105,1
20091110,1
20091116,2
20091119,1
20091124,1
20091128,1
20091203,1
20091204,1
20091205,1
20091219,1
20100106,1
20100113,2
20100115,1
20100121,1
20100122,1
20100127,2
20100129,1
20100201,1
20100204,2
20100210,1
20100211,1
20100216,1
20100217,1
20100222,1
20100301,1
20100305,2
20100306,1
20100308,1
20100310,1
20100316,1
20100318,1
20100322,1
20100326,2
20100403,1
20100404,1
20100407,1
20100412,1
20100417,1
20100420,1
20100428,3
20100506,1
20100507,1
20100518,1
20100607,1
20100612,1
20100615,1
20100616,1
20100621,2
20100629,1
20100701,1
20100702,1
20100703,1
20100711,1
20100712,1
20100713,1
20100714,1
20100716,1
20100720,1
20100722,3
20100728,3
20100803,2
20100805,1
20100809,1
20100810,1
20100818,1
20100826,1
20100827,1
20100906,1
20100913,1
20100924,1
20100929,1
20100930,1
20101002,2
20101012,1
20101019,1
20101020,2
20101022,2
20101025,2
20101026,2
20101027,3
20101028,4
20101102,2
20101104,3
20101108,1
20101109,2
20101111,1
20101112,1
20101115,1
20101118,1
20101122,1
20101130,1
20101202,2
20101207,1
20101211,1
20101220,1
20110106,1
20110108,1
20110110,1
20110112,2
20110118,2
20110119,2
20110123,1
20110125,1
20110127,1
20110128,2
20110211,1
20110212,1
20110222,1
20110226,1
20110303,1
20110310,3
20110311,1
20110312,1
20110313,2
20110318,1
20110320,1
20110327,1
20110328,1
20110329,1
20110330,1
20110401,1
20110404,2
20110407,1
20110413,2
20110418,2
20110420,1
20110421,1
20110422,1
20110425,1
20110426,1
20110427,5
20110428,1
20110429,1
20110503,3
20110506,1
20110509,1
20110510,1
20110513,1
20110516,1
20110518,1
20110519,1
20110523,1
20110524,5
20110527,2
20110531,2
20110601,1
20110602,1
20110603,1
20110610,1
20110612,1
20110613,1
20110615,1
20110618,1
20110621,1
20110628,1
20110629,1
20110701,1
20110709,1
20110712,1
20110713,2
20110714,1
20110715,1
20110716,1
20110717,1
20110718,1
20110721,2
20110727,2
20110728,1
20110730,1
20110805,3
20110806,1
20110807,1
20110808,2
20110810,1
20110813,2
20110817,2
20110818,1
20110819,2
20110820,1
20110822,2
20110827,2
20110901,1
20110903,2
20110906,2
20110912,2
20110914,1
20110915,2
20110916,2
20110920,1
20110921,1
20110922,1
20110923,1
20110927,3
20111007,1
20111010,2
20111012,1
20111014,1
20111017,1
20111018,1
20111019,1
20111024,2
20111025,2
20111026,4
20111027,1
20111029,1
20111031,1
20111101,1
20111107,3
20111110,1
20111116,4
20111117,2
20111118,1
20111124,2
20111126,1
20111128,1
20111129,1
20111205,1
20111210,1
20120103,3
20120105,1
20120106,2
20120112,1
20120113,2
20120117,2
20120123,1
20120124,1
20120125,6
20120127,1
20120128,1
20120130,2
20120131,3
20120202,1
20120207,2
20120208,1
20120213,2
20120214,4
20120215,1
20120216,1
20120217,1
20120222,2
20120223,1
20120227,2
20120228,1
20120302,2
20120306,1
20120307,3
20120308,1
20120310,1
20120313,2
20120320,2
20120327,3
20120328,1
20120402,1
20120405,1
20120406,2
20120409,1
20120411,3
20120416,1
20120421,1
20120424,2
20120425,1
20120426,2
20120427,1
20120430,1
20120507,1
20120509,1
20120510,1
20120513,1
20120514,1
20120516,1
20120520,1
20120521,1
20120522,1
20120523,3
20120524,4
20120525,1
20120531,3
20120601,1
20120605,1
20120606,2
20120607,1
20120608,1
20120612,3
20120614,2
20120615,2
20120617,1
20120625,1
20120629,1
20120701,1
20120704,1
20120705,1
20120711,1
20120716,2
20120717,1
20120725,1
20120727,2
20120816,2
20120823,1
20120830,2
20120831,3
20120902,1
20120904,1
20120906,1
20120913,1
20120915,1
20120917,1
20120918,2
20120920,1
20120921,1
20120924,1
20120925,1
20120926,1
20120929,1
20121003,1
20121004,1
20121009,1
20121010,1
20121011,1
20121015,3
20121017,1
20121018,1
20121019,1
20121022,9
20121024,1
20121025,2
20121026,3
20121031,1
20121101,5
20121102,1
20121105,1
20121106,2
20121109,1
20121111,1
20121112,1
20121115,3
20121116,2
20121117,1
20121121,8
20121122,1
20121123,2
20121126,1
20121130,1
20121205,2
20121207,1
20121210,1
20121212,1
20121213,1
20121214,3
20121217,1
20121218,2
20121220,3
20121221,1
20121228,1
20130104,1
20130106,1
20130107,1
20130110,3
20130111,3
20130114,1
20130118,1
20130122,4
20130123,4
20130124,3
20130127,1
20130131,1
20130201,1
20130205,2
20130206,1
20130208,1
20130210,2
20130211,1
20130213,1
20130215,3
20130218,1
20130221,3
20130222,1
20130224,1
20130225,2
20130301,1
20130304,6
20130306,2
20130309,1
20130311,1
20130312,3
20130318,2
20130319,1
20130321,1
20130322,2
20130328,2
20130404,1
20130409,1
20130410,1
20130412,1
20130413,1
20130417,2
20130418,2
20130421,2
20130422,1
20130423,3
20130424,1
20130425,1
20130426,1
20130506,1
20130508,2
20130513,1
20130515,1
20130516,1
20130517,1
20130519,1
20130521,1
20130523,3
20130530,2
20130603,1
20130604,2
20130605,2
20130606,1
20130607,2
20130610,1
20130612,3
20130617,1
20130619,1
20130620,2
20130621,1
20130624,1
20130702,1
20130704,1
20130705,1
20130709,1
20130710,1
20130711,4
20130712,1
20130716,2
20130717,1
20130718,1
20130719,1
20130724,1
20130725,4
20130729,2
20130801,2
20130805,2
20130806,1
20130807,1
20130812,1
20130813,2
20130819,1
20130820,1
20130822,1
20130823,2
20130829,1
20130903,1
20130904,1
20130905,1
20130906,2
20130912,2
20130913,1
20130917,1
20130918,1
20130919,2
20130923,1
20130925,1
20130930,1
20131001,2
20131002,1
20131008,1
20131011,1
20131012,1
20131014,1
20131015,2
20131018,1
20131020,2
20131021,3
20131023,4
20131028,1
20131029,1
20131030,2
20131101,6
20131104,2
20131105,1
20131106,1
20131107,2
20131108,2
20131111,1
20131112,1
20131118,1
20131119,1
20131120,1
20131121,2
20131122,2
20131125,1
20131127,1
20131203,1
20131205,1
20131206,1
20131209,1
20131210,2
20131214,1
20131216,1
20131217,1
20131218,1
20131219,1
20131220,1
20131224,1
20131226,1
20131231,1
20140102,1
20140103,2
20140106,1
20140107,3
20140108,1
20140109,2
20140115,1
20140117,1
20140121,1
20140122,3
20140123,4
20140124,1
20140131,1
20140204,1
20140205,1
20140207,3
20140210,1
20140211,2
20140212,1
20140213,3
20140214,2
20140217,1
20140218,1
20140219,1
20140220,2
20140221,1
20140224,2
20140225,2
20140226,1
20140227,3
20140303,1
20140306,1
20140307,2
20140310,1
20140314,2
20140319,2
20140320,2
20140321,1
20140326,1
20140328,1
20140402,1
20140403,1
20140407,2
20140408,1
20140409,3
20140411,1
20140414,2
20140415,1
20140417,1
20140424,2
20140425,1
20140426,1
20140428,1
20140429,2
20140502,2
20140508,3
20140513,1
20140514,1
20140515,2
20140516,1
20140519,1
20140520,1
20140523,3
20140524,1
20140526,1
20140527,2
20140528,1
20140529,2
20140530,1
20140602,1
20140605,1
20140606,1
20140610,1
20140611,1
20140612,1
20140613,1
20140615,1
20140616,1
20140617,1
20140623,1
20140625,2
20140627,1
20140629,1
20140701,1
20140702,1
20140703,2
20140704,1
20140707,2
20140708,1
20140714,1
20140716,1
20140717,3
20140718,1
20140721,1
20140722,3
20140723,4
20140724,1
20140725,1
20140728,3
20140729,1
20140811,1
20140813,3
20140814,1
20140818,1
20140822,2
20140826,2
20140828,2
20140829,1
20140901,2
20140902,1
20140903,2
20140907,1
20140909,1
20140912,1
20140914,1
20140916,1
20140918,1
20140919,1
20140922,1
20140923,1
20140924,1
20140925,1
20140926,1
20141007,1
20141008,1
20141009,2
20141012,1
20141013,1
20141014,2
20141017,1
20141019,1
20141020,1
20141021,3
20141022,3
20141023,2
20141024,2
20141028,2
20141030,1
20141031,2
20141105,1
20141106,3
20141107,2
20141109,1
20141110,1
20141112,1
20141117,1
20141120,2
20141121,1
20141124,1
20141127,1
20141201,2
20141202,1
20141203,1
20141204,1
20141205,1
20141208,1
20141209,2
20141211,1
20141214,1
20141215,1
20141217,2
20141219,1
20141223,1
20141231,1
20150104,1
20150106,1
20150115,1
20150116,2
20150120,2
20150123,1
20150125,1
20150126,3
20150128,2
20150129,2
20150201,1
20150202,1
20150203,1
20150204,1
20150205,1
20150206,1
20150208,1
20150210,1
20150212,1
20150213,1
20150216,1
20150218,2
20150219,1
20150220,1
20150222,1
20150224,1
20150227,1
20150228,1
20150303,1
20150304,3
20150305,2
20150309,1
20150311,3
20150316,1
20150317,1
20150320,2
20150322,1
20150324,1
20150326,1
20150327,3
20150330,4
20150331,2
20150401,1
20150406,1
20150408,2
20150412,2
20150415,1
20150420,1
20150423,3
20150428,1
20150429,3
