20050104,1
20050105,4
20050106,2
20050107,1
20050110,6
20050111,6
20050112,6
20050113,2
20050114,7
20050116,2
20050117,8
20050118,5
20050119,7
20050120,6
20050121,6
20050123,4
20050124,7
20050125,2
20050126,5
20050127,1
20050128,2
20050130,1
20050131,4
20050201,3
20050202,12
20050203,6
20050204,3
20050207,5
20050208,4
20050209,7
20050210,3
20050211,7
20050213,2
20050214,6
20050215,6
20050216,1
20050217,3
20050218,5
20050221,2
20050222,2
20050223,6
20050224,6
20050225,2
20050228,3
20050301,8
20050302,2
20050303,6
20050304,4
20050306,2
20050307,9
20050309,2
20050310,3
20050311,7
20050314,7
20050315,3
20050316,8
20050317,15
20050318,10
20050320,1
20050321,10
20050322,7
20050323,15
20050324,7
20050325,4
20050327,1
20050328,4
20050329,5
20050330,8
20050331,6
20050401,9
20050403,2
20050404,6
20050405,8
20050406,7
20050407,9
20050408,5
20050410,1
20050411,7
20050412,6
20050413,4
20050414,8
20050415,10
20050417,3
20050418,8
20050419,5
20050420,11
20050421,4
20050422,6
20050424,2
20050425,7
20050426,3
20050427,7
20050428,4
20050429,5
20050502,5
20050503,5
20050504,12
20050505,16
20050506,14
20050507,1
20050508,2
20050509,11
20050510,10
20050511,17
20050512,12
20050513,10
20050514,1
20050516,4
20050517,5
20050518,8
20050519,8
20050520,5
20050521,2
20050522,1
20050523,4
20050524,5
20050525,11
20050526,6
20050527,6
20050529,2
20050531,4
20050601,13
20050602,4
20050603,3
20050606,2
20050607,9
20050608,8
20050609,9
20050610,6
20050613,5
20050614,5
20050615,8
20050616,9
20050617,4
20050619,1
20050620,9
20050621,5
20050622,5
20050623,9
20050624,2
20050627,9
20050628,6
20050629,4
20050630,5
20050701,10
20050703,1
20050704,2
20050705,6
20050706,7
20050707,5
20050708,4
20050710,1
20050711,4
20050712,3
20050713,5
20050714,5
20050715,4
20050717,1
20050718,4
20050719,5
20050720,9
20050721,8
20050722,4
20050724,2
20050725,11
20050726,3
20050727,7
20050728,12
20050729,7
20050731,2
20050801,5
20050802,11
20050803,12
20050804,6
20050805,7
20050808,8
20050809,1
20050810,4
20050811,5
20050812,2
20050815,2
20050816,6
20050817,4
20050818,2
20050819,3
20050820,1
20050822,6
20050823,3
20050824,7
20050825,10
20050826,5
20050828,2
20050829,6
20050830,2
20050831,6
20050901,10
20050902,4
20050903,1
20050906,1
20050907,3
20050908,3
20050909,5
20050911,1
20050912,4
20050913,5
20050914,5
20050915,8
20050916,2
20050917,1
20050919,4
20050920,4
20050921,5
20050922,5
20050923,5
20050924,3
20050926,6
20050927,4
20050928,4
20050929,7
20050930,5
20051001,4
20051003,7
20051004,7
20051005,6
20051006,6
20051007,2
20051008,5
20051009,1
20051010,4
20051011,12
20051012,9
20051013,7
20051014,10
20051015,4
20051016,1
20051017,12
20051018,11
20051019,13
20051020,8
20051021,7
20051022,4
20051023,1
20051024,7
20051025,5
20051026,4
20051027,16
20051028,3
20051029,2
20051031,8
20051101,6
20051102,5
20051103,6
20051104,5
20051105,3
20051106,1
20051107,3
20051108,6
20051109,8
20051110,11
20051111,8
20051112,6
20051113,1
20051114,6
20051115,6
20051116,8
20051117,17
20051118,12
20051119,5
20051120,1
20051121,17
20051122,10
20051123,8
20051124,1
20051125,4
20051126,3
20051127,1
20051128,5
20051129,5
20051130,7
20051201,9
20051202,10
20051203,6
20051204,1
20051205,5
20051206,8
20051207,9
20051208,12
20051209,9
20051210,3
20051211,1
20051212,6
20051213,8
20051214,7
20051215,4
20051216,5
20051217,3
20051219,5
20051220,11
20051221,7
20051222,8
20051223,5
20051224,2
20051225,1
20051226,1
20051227,7
20051228,3
20051229,3
20051230,6
20051231,7
20060101,1
20060103,4
20060104,8
20060105,7
20060106,9
20060107,4
20060108,3
20060109,9
20060110,11
20060111,10
20060112,5
20060113,9
20060114,4
20060115,1
20060116,6
20060117,6
20060118,8
20060119,1
20060120,7
20060121,2
20060122,1
20060123,6
20060124,11
20060125,5
20060126,17
20060127,13
20060128,2
20060130,5
20060131,4
20060201,7
20060202,12
20060203,6
20060204,4
20060206,7
20060207,10
20060208,16
20060209,6
20060210,6
20060211,7
20060212,1
20060213,6
20060214,7
20060215,3
20060216,9
20060217,6
20060218,4
20060219,2
20060220,2
20060221,3
20060222,3
20060223,6
20060224,2
20060225,2
20060227,5
20060228,5
20060301,12
20060302,8
20060303,7
20060304,3
20060305,1
20060306,6
20060307,8
20060308,4
20060309,9
20060310,8
20060311,2
20060312,2
20060313,4
20060314,4
20060315,7
20060316,8
20060317,12
20060318,5
20060319,1
20060320,4
20060321,5
20060322,8
20060323,16
20060324,8
20060325,3
20060326,2
20060327,8
20060328,7
20060329,6
20060330,10
20060331,9
20060401,6
20060402,2
20060403,11
20060404,13
20060405,8
20060406,5
20060407,4
20060408,5
20060409,1
20060410,6
20060411,7
20060412,10
20060413,10
20060414,3
20060415,3
20060417,8
20060418,6
20060419,2
20060420,6
20060421,10
20060422,3
20060423,2
20060424,4
20060425,3
20060426,8
20060427,9
20060428,4
20060429,3
20060501,6
20060502,14
20060503,10
20060504,4
20060505,6
20060506,5
20060507,1
20060508,4
20060509,10
20060510,12
20060511,8
20060512,5
20060515,1
20060516,7
20060517,9
20060518,8
20060519,5
20060520,2
20060521,1
20060522,4
20060523,2
20060524,5
20060525,9
20060526,8
20060527,3
20060528,1
20060529,2
20060530,8
20060531,6
20060601,7
20060602,7
20060603,3
20060604,1
20060605,7
20060606,6
20060607,5
20060608,6
20060609,6
20060610,2
20060611,1
20060612,5
20060613,9
20060614,3
20060615,2
20060616,6
20060617,2
20060619,6
20060620,5
20060621,3
20060622,8
20060623,6
20060624,3
20060625,1
20060626,3
20060627,7
20060628,10
20060629,8
20060630,10
20060701,8
20060702,3
20060703,9
20060704,5
20060705,10
20060706,4
20060707,10
20060708,5
20060709,1
20060710,9
20060711,8
20060712,6
20060713,7
20060714,9
20060715,6
20060716,2
20060717,8
20060718,8
20060719,7
20060720,7
20060721,6
20060722,4
20060724,6
20060725,8
20060726,8
20060727,12
20060728,5
20060729,1
20060730,1
20060731,2
20060801,7
20060802,11
20060803,7
20060804,11
20060805,3
20060807,4
20060808,1
20060809,5
20060810,4
20060811,5
20060814,4
20060815,3
20060816,5
20060817,4
20060818,6
20060819,1
20060821,1
20060822,1
20060823,8
20060824,5
20060825,6
20060826,2
20060827,1
20060828,3
20060829,2
20060830,5
20060831,1
20060901,6
20060902,4
20060904,1
20060905,1
20060906,11
20060907,6
20060908,4
20060909,1
20060911,2
20060912,2
20060913,8
20060914,5
20060915,10
20060916,8
20060918,9
20060919,8
20060920,12
20060921,5
20060922,7
20060923,3
20060924,1
20060925,6
20060926,12
20060927,14
20060928,13
20060929,13
20060930,5
20061001,2
20061002,4
20061003,9
20061004,12
20061005,10
20061006,10
20061007,6
20061008,1
20061009,3
20061010,1
20061011,9
20061012,2
20061013,2
20061014,1
20061016,6
20061017,3
20061018,5
20061019,6
20061020,8
20061021,3
20061023,5
20061024,7
20061025,9
20061026,10
20061027,6
20061028,3
20061030,1
20061031,4
20061101,7
20061102,5
20061103,1
20061104,1
20061106,4
20061107,9
20061108,7
20061109,4
20061110,4
20061111,2
20061113,6
20061114,4
20061115,2
20061116,9
20061117,6
20061118,2
20061120,7
20061121,7
20061122,9
20061123,3
20061124,6
20061125,1
20061126,1
20061127,5
20061128,6
20061129,11
20061130,9
20061201,9
20061202,6
20061203,1
20061204,8
20061205,6
20061206,5
20061207,9
20061208,4
20061209,1
20061211,6
20061212,4
20061213,2
20061214,8
20061215,2
20061216,1
20061218,5
20061219,4
20061220,1
20061221,4
20061222,7
20061223,1
20061224,1
20061226,3
20061227,7
20061228,2
20061229,1
20061230,8
20070102,10
20070103,5
20070104,4
20070105,4
20070106,3
20070107,3
20070108,7
20070109,8
20070110,1
20070111,6
20070112,7
20070113,1
20070115,1
20070116,3
20070117,5
20070118,3
20070120,2
20070121,1
20070122,6
20070123,6
20070124,1
20070125,7
20070126,6
20070129,6
20070130,1
20070131,4
20070201,6
20070202,7
20070203,2
20070204,2
20070205,6
20070206,7
20070207,5
20070208,1
20070209,6
20070210,2
20070212,2
20070213,4
20070214,9
20070215,3
20070216,9
20070217,3
20070219,5
20070220,5
20070221,8
20070222,5
20070223,5
20070224,1
20070225,1
20070226,7
20070227,10
20070228,4
20070301,9
20070302,8
20070303,5
20070304,2
20070306,1
20070307,4
20070308,3
20070309,4
20070310,1
20070313,9
20070314,17
20070315,8
20070316,6
20070317,2
20070318,1
20070319,2
20070320,5
20070321,1
20070322,3
20070323,5
20070324,4
20070325,1
20070326,10
20070327,10
20070328,9
20070329,8
20070330,6
20070331,2
20070402,4
20070403,6
20070404,6
20070405,5
20070406,5
20070409,3
20070411,4
20070412,3
20070413,7
20070414,1
20070416,2
20070417,6
20070418,6
20070419,5
20070420,7
20070422,1
20070423,3
20070424,10
20070425,9
20070426,2
20070427,5
20070428,3
20070429,1
20070501,6
20070502,4
20070503,11
20070504,6
20070505,1
20070507,2
20070508,3
20070509,7
20070510,4
20070511,4
20070512,4
20070513,1
20070514,9
20070515,12
20070516,5
20070517,3
20070518,2
20070519,3
20070521,4
20070522,1
20070523,6
20070524,6
20070525,5
20070526,1
20070529,3
20070530,5
20070531,4
20070601,7
20070602,3
20070604,2
20070605,4
20070606,4
20070607,3
20070608,2
20070609,3
20070610,1
20070611,2
20070613,2
20070614,3
20070615,10
20070616,3
20070617,1
20070618,3
20070619,3
20070620,3
20070621,4
20070622,3
20070623,3
20070625,5
20070626,9
20070627,2
20070628,6
20070629,5
20070630,2
20070701,1
20070702,3
20070703,9
20070704,3
20070705,6
20070706,4
20070707,1
20070709,1
20070710,3
20070712,3
20070713,3
20070714,1
20070715,1
20070716,2
20070717,3
20070719,8
20070720,4
20070721,2
20070723,3
20070724,7
20070725,9
20070726,7
20070727,3
20070728,1
20070729,1
20070730,5
20070731,11
20070801,10
20070802,7
20070803,2
20070804,2
20070806,4
20070807,7
20070808,10
20070809,10
20070810,2
20070811,1
20070812,1
20070813,2
20070814,5
20070815,1
20070816,3
20070817,4
20070820,2
20070821,5
20070822,3
20070823,3
20070824,2
20070826,1
20070827,1
20070828,2
20070829,4
20070830,3
20070831,6
20070901,1
20070902,1
20070904,5
20070905,6
20070906,3
20070907,12
20070908,2
20070910,2
20070911,8
20070912,7
20070913,7
20070914,5
20070915,7
20070916,2
20070917,4
20070918,6
20070919,3
20070920,2
20070921,2
20070922,3
20070923,1
20070924,17
20070925,20
20070926,18
20070927,13
20070928,11
20070929,6
20070930,2
20071001,2
20071002,8
20071003,9
20071004,4
20071005,1
20071007,1
20071008,5
20071009,2
20071010,8
20071011,7
20071012,8
20071013,2
20071015,5
20071016,2
20071017,5
20071018,3
20071019,4
20071020,1
20071022,6
20071023,4
20071024,4
20071025,2
20071026,1
20071027,2
20071029,9
20071030,9
20071031,6
20071101,4
20071102,8
20071103,1
20071105,4
20071106,6
20071107,9
20071108,7
20071109,4
20071110,1
20071111,1
20071112,3
20071113,3
20071114,6
20071115,6
20071116,2
20071117,2
20071119,1
20071120,7
20071121,8
20071122,1
20071123,2
20071127,1
20071128,2
20071129,6
20071130,6
20071201,3
20071203,5
20071204,12
20071205,7
20071206,3
20071207,2
20071208,2
20071210,7
20071211,1
20071212,1
20071213,3
20071214,2
20071217,4
20071218,1
20071219,5
20071220,4
20071221,6
20071222,1
20071223,1
20071224,1
20071226,1
20071227,6
20071228,4
20080102,5
20080103,4
20080104,6
20080105,1
20080107,6
20080108,7
20080109,4
20080110,4
20080111,8
20080112,2
20080113,3
20080114,11
20080115,6
20080116,2
20080117,5
20080118,8
20080121,2
20080122,1
20080123,6
20080124,4
20080125,2
20080126,2
20080128,1
20080129,1
20080130,6
20080131,1
20080201,5
20080202,2
20080203,1
20080204,2
20080205,5
20080206,9
20080207,5
20080208,3
20080211,8
20080212,11
20080213,10
20080214,5
20080215,6
20080216,2
20080217,2
20080218,1
20080219,3
20080220,6
20080221,5
20080222,8
20080223,2
20080225,3
20080226,4
20080227,4
20080228,2
20080229,1
20080301,2
20080302,1
20080303,10
20080304,13
20080305,5
20080306,3
20080307,2
20080308,1
20080309,1
20080310,6
20080311,5
20080312,2
20080313,5
20080314,3
20080315,1
20080317,5
20080318,5
20080319,4
20080320,4
20080321,3
20080322,1
20080323,1
20080324,7
20080325,3
20080326,3
20080327,1
20080329,3
20080331,2
20080401,6
20080402,4
20080403,6
20080404,5
20080405,3
20080407,3
20080408,2
20080409,7
20080410,5
20080411,2
20080414,2
20080415,1
20080416,3
20080417,3
20080418,3
20080421,4
20080422,2
20080423,2
20080424,7
20080425,8
20080426,5
20080428,6
20080429,5
20080430,11
20080501,10
20080502,6
20080503,1
20080505,7
20080506,6
20080507,2
20080508,3
20080509,4
20080510,2
20080512,3
20080513,6
20080514,3
20080515,2
20080516,2
20080517,2
20080519,6
20080520,6
20080521,4
20080522,5
20080523,7
20080524,2
20080526,1
20080527,4
20080528,8
20080529,6
20080530,6
20080531,3
20080601,1
20080602,3
20080603,11
20080604,14
20080605,7
20080606,5
20080607,3
20080608,1
20080609,3
20080610,2
20080611,6
20080612,5
20080613,4
20080614,1
20080616,5
20080617,3
20080618,8
20080619,7
20080620,7
20080621,3
20080622,1
20080623,11
20080624,6
20080625,4
20080626,6
20080627,15
20080628,4
20080629,2
20080630,5
20080701,12
20080702,10
20080703,17
20080704,4
20080705,3
20080707,9
20080708,10
20080709,3
20080710,4
20080711,6
20080712,1
20080714,4
20080715,9
20080716,11
20080717,8
20080718,9
20080719,4
20080720,1
20080721,6
20080722,5
20080723,6
20080724,9
20080725,15
20080726,4
20080728,11
20080729,6
20080730,10
20080731,8
20080801,13
20080802,9
20080803,2
20080804,6
20080805,5
20080806,9
20080807,7
20080808,11
20080809,4
20080810,1
20080811,3
20080812,4
20080813,2
20080814,7
20080815,6
20080816,1
20080818,6
20080819,6
20080820,3
20080821,5
20080822,5
20080823,3
20080825,6
20080826,1
20080827,5
20080828,7
20080829,4
20080830,1
20080831,1
20080901,1
20080902,2
20080903,7
20080904,7
20080905,3
20080908,7
20080909,4
20080910,4
20080911,5
20080912,8
20080913,6
20080915,6
20080916,2
20080917,5
20080918,5
20080919,7
20080920,3
20080922,4
20080923,12
20080924,9
20080925,8
20080926,6
20080927,2
20080929,4
20080930,5
20081001,8
20081002,8
20081003,6
20081005,1
20081006,3
20081007,4
20081008,5
20081009,7
20081010,14
20081011,5
20081013,13
20081014,9
20081015,3
20081016,7
20081017,6
20081018,1
20081020,6
20081021,2
20081022,5
20081023,7
20081024,5
20081025,5
20081027,6
20081028,5
20081029,9
20081030,8
20081031,11
20081101,4
20081102,2
20081103,9
20081104,8
20081105,6
20081106,5
20081107,19
20081108,8
20081109,2
20081110,13
20081111,16
20081112,15
20081113,10
20081114,7
20081115,5
20081116,2
20081117,12
20081118,15
20081119,16
20081120,16
20081121,12
20081122,6
20081123,1
20081124,7
20081125,6
20081126,9
20081127,3
20081128,5
20081129,3
20081130,1
20081201,12
20081202,13
20081203,16
20081204,10
20081205,16
20081206,3
20081207,3
20081208,12
20081209,14
20081210,16
20081211,11
20081212,20
20081213,8
20081214,1
20081215,13
20081216,10
20081217,8
20081218,12
20081219,18
20081220,8
20081221,3
20081222,8
20081223,8
20081224,5
20081225,1
20081226,8
20081227,5
20081228,2
20081229,5
20081230,10
20081231,20
20090101,1
20090102,5
20090103,6
20090104,1
20090105,11
20090106,3
20090107,7
20090108,9
20090109,4
20090110,6
20090111,4
20090112,9
20090113,4
20090114,7
20090115,3
20090116,6
20090117,1
20090120,7
20090121,7
20090122,8
20090123,1
20090124,2
20090125,1
20090126,5
20090127,6
20090128,3
20090129,7
20090130,5
20090131,2
20090201,2
20090202,5
20090203,6
20090204,8
20090205,4
20090206,9
20090207,5
20090208,1
20090209,4
20090210,6
20090211,3
20090212,2
20090213,8
20090214,2
20090215,3
20090216,3
20090217,5
20090218,15
20090219,15
20090220,5
20090221,4
20090222,2
20090223,5
20090224,12
20090225,7
20090226,7
20090227,10
20090228,6
20090301,2
20090302,3
20090303,11
20090304,3
20090305,8
20090306,5
20090307,1
20090308,2
20090309,4
20090310,7
20090312,4
20090313,9
20090314,6
20090315,2
20090316,4
20090317,8
20090318,7
20090319,2
20090320,4
20090321,2
20090322,2
20090323,5
20090324,6
20090325,3
20090326,7
20090327,3
20090328,1
20090329,2
20090330,17
20090331,28
20090401,20
20090402,13
20090403,3
20090404,6
20090405,4
20090406,11
20090407,10
20090408,8
20090409,12
20090410,9
20090411,4
20090413,10
20090414,7
20090415,9
20090416,8
20090417,11
20090418,3
20090419,1
20090420,4
20090421,8
20090422,9
20090423,10
20090424,16
20090425,6
20090426,2
20090427,20
20090428,10
20090429,16
20090430,16
20090501,9
20090502,5
20090504,16
20090505,8
20090506,16
20090507,11
20090508,9
20090509,2
20090510,2
20090511,13
20090512,12
20090513,12
20090514,12
20090515,13
20090516,6
20090517,2
20090518,6
20090519,7
20090520,5
20090521,18
20090522,8
20090523,5
20090524,1
20090525,2
20090526,19
20090527,12
20090528,17
20090529,31
20090530,8
20090531,10
20090601,41
20090602,35
20090603,22
20090604,21
20090605,16
20090606,4
20090607,2
20090608,14
20090609,7
20090610,20
20090611,11
20090612,13
20090613,7
20090614,1
20090615,7
20090616,10
20090617,9
20090618,5
20090619,10
20090620,1
20090621,1
20090622,7
20090623,4
20090624,8
20090625,9
20090626,11
20090627,2
20090629,6
20090630,4
20090701,10
20090702,11
20090703,5
20090704,1
20090706,10
20090707,5
20090708,8
20090709,8
20090710,13
20090711,1
20090712,2
20090713,10
20090714,11
20090715,8
20090716,11
20090717,9
20090718,2
20090719,2
20090720,9
20090721,4
20090722,4
20090723,10
20090724,10
20090725,2
20090727,3
20090728,13
20090729,7
20090730,5
20090731,9
20090801,1
20090802,1
20090803,6
20090804,13
20090805,10
20090806,9
20090807,5
20090808,3
20090809,1
20090810,6
20090811,7
20090812,5
20090813,7
20090814,4
20090816,2
20090817,3
20090818,8
20090819,9
20090820,8
20090821,4
20090822,1
20090823,2
20090824,12
20090825,3
20090826,5
20090827,8
20090828,4
20090831,5
20090901,4
20090902,2
20090903,8
20090904,1
20090907,1
20090908,4
20090909,6
20090910,7
20090911,14
20090912,1
20090913,2
20090914,4
20090915,3
20090916,6
20090917,6
20090918,2
20090921,2
20090922,1
20090923,7
20090924,5
20090925,6
20090928,2
20090929,5
20090930,4
20091001,5
20091002,5
20091003,1
20091004,1
20091005,7
20091006,6
20091007,4
20091008,5
20091009,5
20091010,1
20091012,6
20091013,5
20091014,4
20091015,2
20091016,6
20091017,2
20091018,3
20091020,3
20091021,7
20091022,4
20091023,6
20091024,3
20091026,7
20091027,8
20091028,9
20091029,7
20091030,9
20091031,1
20091101,1
20091102,6
20091103,6
20091104,16
20091105,13
20091106,6
20091107,1
20091109,2
20091110,6
20091111,7
20091112,3
20091113,4
20091114,1
20091115,1
20091116,9
20091117,7
20091118,8
20091119,4
20091120,3
20091121,1
20091122,2
20091123,3
20091124,4
20091125,5
20091126,4
20091127,3
20091128,2
20091129,1
20091130,6
20091201,11
20091202,7
20091203,7
20091204,5
20091205,4
20091206,1
20091207,7
20091208,5
20091209,3
20091210,6
20091211,2
20091213,1
20091214,8
20091215,4
20091216,6
20091217,2
20091218,9
20091219,2
20091220,3
20091221,6
20091222,8
20091223,5
20091224,4
20091225,1
20091226,2
20091227,1
20091228,4
20091229,6
20091230,7
20091231,4
20100101,2
20100102,1
20100103,3
20100104,8
20100105,11
20100106,5
20100107,9
20100108,10
20100109,1
20100110,3
20100111,12
20100112,3
20100113,7
20100114,5
20100115,5
20100116,2
20100117,1
20100118,1
20100119,7
20100120,5
20100121,7
20100122,2
20100123,1
20100124,1
20100125,6
20100126,9
20100127,8
20100128,4
20100129,4
20100130,3
20100131,2
20100201,3
20100202,7
20100203,5
20100204,7
20100205,7
20100206,3
20100208,5
20100209,2
20100210,4
20100211,3
20100212,4
20100213,1
20100214,1
20100215,1
20100216,4
20100217,1
20100219,2
20100220,1
20100222,9
20100223,9
20100224,10
20100225,7
20100226,7
20100227,1
20100228,1
20100301,5
20100302,8
20100303,6
20100304,5
20100305,3
20100306,2
20100307,3
20100308,6
20100309,6
20100310,4
20100311,6
20100312,1
20100314,2
20100315,4
20100316,3
20100317,5
20100318,5
20100319,5
20100320,3
20100322,1
20100323,6
20100324,3
20100325,3
20100326,3
20100327,5
20100328,2
20100329,6
20100330,1
20100331,8
20100401,3
20100402,4
20100403,1
20100405,4
20100406,3
20100407,3
20100408,3
20100409,1
20100410,1
20100411,1
20100412,3
20100413,2
20100414,1
20100415,3
20100416,1
20100417,5
20100419,1
20100420,3
20100421,2
20100422,6
20100423,2
20100424,2
20100425,3
20100426,6
20100427,5
20100428,2
20100429,4
20100430,2
20100501,1
20100502,1
20100503,5
20100504,7
20100505,4
20100506,7
20100510,7
20100511,4
20100512,2
20100513,5
20100514,2
20100515,1
20100516,2
20100517,4
20100518,6
20100519,4
20100520,1
20100521,2
20100522,3
20100523,1
20100524,5
20100525,5
20100526,3
20100527,3
20100528,6
20100529,2
20100530,1
20100531,1
20100601,3
20100602,6
20100603,3
20100604,3
20100605,1
20100606,2
20100607,2
20100608,4
20100609,9
20100610,7
20100611,5
20100612,1
20100613,1
20100614,1
20100615,2
20100616,4
20100617,11
20100618,5
20100619,2
20100620,1
20100621,7
20100622,1
20100623,6
20100624,5
20100625,1
20100627,2
20100628,2
20100629,8
20100630,4
20100701,5
20100702,5
20100703,3
20100704,1
20100706,3
20100707,4
20100708,2
20100709,1
20100711,2
20100713,4
20100714,2
20100715,8
20100716,1
20100717,2
20100719,3
20100720,3
20100721,3
20100722,8
20100723,6
20100724,1
20100725,1
20100726,1
20100727,6
20100728,6
20100729,6
20100730,7
20100731,4
20100801,1
20100802,5
20100803,5
20100804,4
20100805,5
20100806,7
20100808,3
20100809,4
20100810,2
20100811,7
20100812,16
20100813,9
20100814,3
20100815,1
20100816,6
20100817,4
20100818,10
20100819,12
20100820,4
20100821,3
20100822,2
20100823,7
20100824,7
20100825,3
20100826,6
20100827,4
20100829,2
20100830,3
20100831,1
20100901,6
20100902,5
20100903,5
20100905,1
20100906,2
20100907,4
20100908,6
20100909,5
20100910,9
20100911,1
20100912,1
20100913,3
20100915,1
20100916,5
20100917,5
20100918,1
20100919,1
20100920,6
20100921,10
20100922,12
20100923,3
20100924,9
20100925,1
20100926,1
20100927,6
20100928,3
20100929,6
20100930,6
20101001,9
20101002,2
20101003,2
20101004,6
20101005,3
20101006,5
20101007,8
20101008,5
20101009,1
20101011,5
20101012,2
20101013,5
20101014,4
20101015,7
20101017,3
20101018,8
20101019,2
20101020,2
20101021,5
20101022,5
20101023,2
20101025,9
20101026,7
20101027,8
20101028,16
20101029,8
20101030,3
20101031,5
20101101,7
20101102,9
20101103,13
20101104,6
20101105,2
20101106,1
20101107,2
20101108,4
20101109,8
20101110,8
20101111,10
20101112,9
20101113,3
20101114,2
20101115,7
20101116,13
20101117,17
20101118,41
20101119,19
20101120,4
20101121,1
20101122,7
20101123,7
20101124,7
20101125,2
20101126,6
20101127,2
20101128,2
20101129,5
20101130,15
20101201,7
20101202,3
20101203,3
20101204,5
20101205,1
20101206,3
20101207,4
20101208,11
20101209,3
20101210,2
20101211,4
20101212,1
20101213,2
20101214,5
20101215,7
20101216,5
20101217,4
20101218,1
20101219,3
20101220,2
20101221,1
20101223,3
20101224,2
20101226,1
20101227,5
20101228,7
20101229,2
20101230,5
20101231,1
20110103,11
20110104,7
20110105,4
20110106,5
20110107,3
20110108,6
20110109,1
20110110,15
20110111,12
20110112,4
20110113,10
20110114,8
20110115,5
20110116,1
20110118,3
20110119,5
20110120,8
20110121,4
20110122,1
20110123,1
20110124,5
20110125,8
20110126,10
20110127,8
20110128,6
20110129,5
20110130,2
20110131,4
20110201,12
20110202,6
20110203,5
20110204,3
20110205,1
20110206,4
20110207,5
20110208,2
20110209,8
20110210,7
20110211,6
20110212,2
20110214,10
20110215,8
20110216,2
20110217,4
20110218,2
20110219,1
20110222,4
20110223,4
20110224,5
20110225,7
20110226,2
20110227,2
20110228,11
20110301,3
20110302,4
20110303,7
20110304,3
20110305,1
20110307,3
20110308,2
20110309,6
20110310,6
20110311,1
20110312,3
20110313,1
20110314,3
20110315,2
20110316,6
20110317,7
20110318,11
20110319,2
20110320,2
20110321,4
20110322,8
20110323,7
20110324,3
20110325,9
20110326,1
20110328,6
20110329,3
20110330,5
20110331,8
20110401,11
20110402,2
20110404,3
20110405,1
20110406,4
20110407,5
20110408,6
20110410,1
20110411,5
20110412,8
20110413,4
20110414,2
20110415,3
20110416,2
20110418,3
20110419,5
20110420,11
20110421,6
20110422,7
20110423,1
20110424,1
20110425,4
20110426,7
20110427,2
20110428,3
20110429,8
20110430,3
20110501,1
20110502,3
20110503,11
20110504,4
20110505,12
20110506,5
20110507,2
20110508,1
20110509,5
20110510,8
20110511,7
20110512,7
20110513,6
20110514,3
20110515,2
20110516,7
20110517,3
20110518,7
20110519,1
20110520,3
20110522,2
20110523,5
20110524,8
20110525,6
20110526,6
20110527,8
20110528,2
20110529,2
20110531,5
20110601,7
20110602,7
20110603,13
20110605,1
20110606,3
20110607,4
20110608,3
20110609,6
20110610,12
20110611,3
20110613,3
20110614,6
20110615,6
20110616,4
20110617,2
20110618,1
20110619,1
20110620,3
20110621,4
20110622,3
20110623,5
20110624,3
20110625,1
20110626,1
20110627,5
20110628,3
20110629,5
20110630,8
20110701,4
20110702,4
20110703,1
20110704,1
20110705,1
20110706,4
20110707,8
20110708,2
20110711,7
20110712,5
20110713,5
20110714,2
20110715,3
20110716,1
20110718,1
20110719,2
20110720,2
20110721,3
20110722,3
20110723,1
20110725,3
20110726,5
20110727,6
20110728,4
20110729,3
20110801,2
20110802,8
20110803,6
20110804,10
20110805,8
20110807,2
20110808,1
20110809,5
20110810,8
20110811,5
20110812,2
20110813,1
20110817,3
20110818,4
20110819,4
20110820,1
20110822,4
20110823,3
20110824,5
20110826,2
20110827,1
20110829,2
20110830,9
20110831,5
20110901,9
20110902,7
20110903,1
20110904,1
20110906,10
20110907,3
20110908,1
20110909,7
20110912,4
20110913,7
20110914,8
20110915,9
20110916,8
20110917,2
20110918,1
20110919,4
20110920,11
20110921,5
20110922,4
20110923,1
20110924,3
20110925,1
20110926,6
20110927,4
20110928,2
20110929,6
20110930,2
20111001,1
20111002,1
20111003,3
20111004,2
20111005,7
20111006,6
20111007,2
20111008,2
20111009,1
20111010,4
20111011,2
20111012,6
20111013,3
20111014,5
20111015,4
20111016,1
20111017,4
20111018,1
20111019,2
20111020,5
20111021,8
20111022,2
20111023,1
20111024,2
20111026,5
20111027,5
20111028,5
20111029,2
20111031,4
20111101,6
20111102,10
20111103,3
20111104,3
20111106,1
20111107,4
20111108,6
20111109,18
20111110,5
20111111,5
20111112,3
20111113,1
20111114,3
20111115,6
20111116,5
20111117,4
20111118,2
20111119,2
20111120,1
20111121,6
20111122,4
20111123,6
20111125,1
20111126,2
20111127,1
20111128,5
20111129,9
20111130,5
20111201,3
20111202,5
20111203,1
20111205,3
20111206,3
20111207,6
20111208,1
20111209,4
20111210,1
20111212,10
20111213,1
20111214,1
20111215,4
20111216,2
20111219,4
20111220,6
20111221,1
20111222,3
20111223,6
20111224,1
20111228,1
20111229,4
20111230,1
20111231,3
20120103,4
20120104,7
20120105,13
20120106,9
20120107,3
20120108,4
20120109,19
20120110,6
20120111,8
20120112,6
20120113,7
20120114,1
20120116,1
20120117,5
20120118,4
20120119,5
20120120,4
20120121,1
20120123,5
20120124,6
20120125,4
20120126,6
20120127,7
20120128,3
20120130,6
20120131,4
20120201,7
20120202,6
20120203,7
20120205,3
20120206,13
20120207,2
20120208,9
20120209,9
20120210,5
20120211,4
20120213,2
20120214,5
20120215,8
20120216,15
20120217,9
20120218,1
20120219,1
20120220,1
20120221,4
20120222,6
20120223,5
20120224,9
20120225,4
20120227,4
20120228,6
20120229,16
20120301,11
20120302,9
20120303,2
20120304,1
20120305,7
20120306,10
20120307,6
20120308,7
20120309,5
20120310,1
20120311,1
20120312,8
20120313,2
20120314,2
20120315,6
20120316,2
20120318,3
20120319,6
20120320,6
20120321,3
20120322,2
20120323,2
20120325,2
20120327,4
20120328,7
20120329,6
20120330,4
20120331,1
20120402,5
20120403,6
20120404,8
20120405,4
20120406,5
20120407,1
20120408,1
20120409,5
20120410,8
20120411,4
20120412,6
20120413,2
20120415,2
20120416,6
20120417,8
20120418,6
20120419,4
20120420,8
20120422,3
20120423,8
20120424,8
20120425,10
20120426,12
20120427,3
20120428,1
20120429,5
20120430,10
20120501,9
20120502,3
20120503,16
20120504,8
20120505,1
20120507,6
20120508,3
20120509,7
20120510,9
20120511,6
20120512,1
20120513,5
20120514,4
20120515,7
20120516,22
20120517,14
20120518,11
20120520,1
20120521,9
20120522,3
20120523,5
20120524,8
20120525,3
20120527,2
20120528,1
20120529,5
20120530,1
20120531,5
20120601,7
20120602,1
20120603,2
20120604,4
20120605,8
20120606,1
20120607,4
20120608,4
20120609,1
20120610,3
20120611,7
20120612,8
20120613,10
20120614,5
20120615,7
20120618,5
20120619,3
20120620,7
20120621,5
20120622,1
20120625,1
20120626,1
20120627,3
20120628,4
20120629,4
20120701,1
20120702,4
20120703,18
20120704,4
20120705,4
20120706,5
20120707,1
20120708,1
20120709,1
20120710,7
20120711,6
20120712,7
20120713,7
20120714,1
20120715,1
20120716,4
20120717,6
20120718,7
20120719,1
20120720,2
20120723,11
20120724,7
20120725,7
20120726,10
20120727,4
20120729,3
20120730,7
20120731,4
20120801,9
20120802,6
20120803,8
20120805,1
20120806,8
20120807,4
20120808,2
20120809,3
20120810,2
20120811,1
20120812,2
20120813,3
20120814,10
20120815,14
20120816,6
20120817,2
20120818,2
20120819,4
20120820,7
20120821,3
20120822,5
20120823,8
20120824,5
20120825,2
20120826,3
20120827,9
20120828,7
20120829,7
20120830,7
20120831,6
20120903,3
20120904,9
20120905,4
20120906,4
20120907,5
20120910,10
20120911,4
20120912,7
20120913,7
20120914,10
20120916,1
20120917,16
20120918,9
20120919,7
20120920,4
20120921,5
20120924,8
20120925,3
20120926,8
20120927,7
20120928,7
20120930,3
20121001,5
20121002,10
20121003,6
20121004,3
20121005,6
20121006,1
20121007,1
20121008,5
20121009,8
20121010,7
20121011,4
20121012,4
20121013,1
20121014,2
20121015,3
20121016,8
20121017,4
20121018,5
20121019,3
20121022,8
20121023,5
20121024,8
20121025,9
20121026,3
20121028,3
20121029,14
20121030,7
20121031,6
20121101,13
20121102,10
20121104,1
20121105,6
20121106,10
20121107,7
20121108,8
20121109,1
20121111,2
20121112,4
20121113,7
20121114,11
20121115,8
20121116,7
20121117,1
20121119,4
20121120,4
20121121,3
20121122,6
20121123,8
20121125,3
20121126,6
20121127,7
20121128,2
20121129,11
20121130,5
20121202,1
20121203,10
20121204,4
20121205,2
20121206,10
20121207,9
20121210,4
20121211,4
20121212,4
20121213,3
20121214,2
20121216,2
20121217,3
20121218,4
20121219,19
20121220,15
20121221,3
20121224,1
20121225,2
20121226,2
20121227,3
20121228,2
20121230,1
20121231,5
20130101,1
20130102,3
20130103,7
20130104,3
20130106,1
20130107,1
20130108,9
20130109,9
20130110,8
20130111,7
20130113,6
20130114,15
20130115,8
20130116,8
20130117,5
20130118,6
20130119,2
20130120,2
20130121,3
20130122,5
20130123,5
20130124,3
20130125,5
20130126,1
20130127,1
20130128,11
20130129,9
20130130,2
20130131,6
20130201,5
20130202,1
20130203,2
20130204,1
20130205,8
20130206,4
20130207,6
20130208,5
20130210,1
20130211,3
20130212,1
20130213,9
20130214,13
20130215,3
20130216,1
20130217,1
20130218,1
20130219,3
20130220,6
20130221,5
20130222,5
20130223,1
20130224,2
20130225,6
20130226,8
20130227,5
20130228,3
20130301,8
20130303,4
20130304,6
20130305,6
20130306,8
20130307,8
20130308,3
20130309,1
20130310,1
20130311,5
20130312,7
20130313,5
20130314,2
20130315,4
20130318,2
20130319,4
20130320,6
20130321,7
20130322,1
20130325,3
20130326,10
20130327,9
20130328,3
20130329,1
20130401,1
20130402,9
20130403,9
20130404,5
20130405,4
20130407,1
20130408,5
20130409,14
20130410,9
20130411,5
20130412,2
20130414,1
20130415,5
20130416,3
20130417,1
20130418,2
20130419,3
20130420,5
20130421,3
20130422,3
20130424,8
20130425,3
20130426,3
20130428,1
20130429,5
20130430,4
20130501,4
20130502,13
20130503,4
20130505,2
20130506,7
20130507,6
20130508,7
20130509,4
20130510,8
20130512,1
20130513,7
20130514,8
20130515,8
20130516,6
20130517,5
20130520,7
20130521,5
20130522,8
20130523,5
20130524,5
20130527,2
20130528,5
20130529,5
20130530,4
20130531,5
20130601,1
20130602,4
20130603,11
20130604,10
20130605,5
20130606,4
20130607,1
20130609,1
20130610,7
20130611,5
20130612,7
20130613,3
20130614,4
20130616,1
20130617,5
20130619,6
20130620,3
20130621,2
20130624,6
20130625,4
20130626,7
20130627,6
20130628,3
20130701,2
20130702,6
20130703,2
20130704,3
20130705,3
20130708,5
20130709,4
20130710,5
20130711,2
20130712,5
20130715,5
20130716,8
20130717,3
20130718,7
20130719,9
20130721,1
20130722,2
20130723,4
20130724,2
20130725,7
20130726,8
20130728,2
20130729,3
20130730,6
20130731,5
20130801,8
20130802,6
20130803,1
20130804,1
20130805,5
20130806,5
20130807,9
20130808,3
20130809,2
20130811,2
20130812,4
20130813,2
20130814,3
20130815,10
20130816,6
20130817,2
20130819,2
20130820,5
20130821,5
20130823,8
20130825,1
20130826,5
20130827,7
20130828,8
20130829,6
20130902,1
20130903,8
20130904,9
20130905,5
20130906,4
20130908,3
20130909,2
20130910,5
20130911,8
20130912,10
20130913,6
20130914,1
20130915,2
20130916,3
20130917,9
20130918,5
20130919,6
20130920,3
20130922,1
20130923,4
20130924,11
20130925,3
20130926,5
20130927,3
20130930,6
20131001,12
20131002,7
20131003,3
20131004,1
20131006,3
20131007,4
20131008,8
20131009,5
20131010,2
20131011,5
20131013,1
20131014,5
20131015,3
20131016,5
20131017,5
20131018,1
20131021,2
20131022,3
20131023,9
20131024,6
20131025,1
20131027,5
20131028,4
20131029,7
20131030,8
20131031,1
20131101,6
20131103,1
20131104,2
20131105,6
20131106,9
20131107,7
20131110,3
20131111,2
20131112,5
20131113,2
20131114,2
20131115,5
20131118,4
20131119,4
20131120,6
20131121,8
20131122,9
20131123,2
20131124,1
20131125,8
20131126,1
20131127,1
20131129,5
20131202,5
20131203,5
20131204,10
20131205,5
20131206,5
20131208,1
20131209,5
20131210,23
20131211,19
20131212,14
20131213,10
20131214,1
20131216,13
20131217,7
20131218,5
20131219,4
20131220,5
20131223,2
20131225,2
20131227,5
20131229,2
20131230,2
20140101,2
20140102,4
20140103,7
20140105,8
20140106,4
20140107,8
20140108,6
20140109,5
20140110,6
20140111,1
20140112,6
20140113,20
20140114,8
20140115,12
20140116,10
20140117,2
20140120,1
20140121,3
20140122,4
20140123,5
20140124,4
20140126,1
20140127,6
20140128,2
20140129,7
20140130,3
20140131,1
20140202,1
20140203,5
20140204,8
20140205,3
20140206,9
20140207,3
20140209,2
20140210,5
20140211,10
20140212,8
20140213,7
20140214,3
20140215,3
20140216,2
20140217,2
20140218,10
20140219,3
20140220,5
20140221,2
20140224,8
20140225,9
20140226,4
20140227,7
20140301,2
20140302,2
20140303,9
20140304,11
20140305,7
20140306,5
20140307,4
20140309,3
20140310,9
20140311,12
20140312,15
20140313,13
20140314,8
20140315,2
20140316,1
20140317,9
20140318,12
20140319,3
20140320,5
20140321,4
20140323,2
20140324,9
20140325,12
20140326,13
20140327,6
20140328,12
20140329,1
20140330,3
20140331,15
20140401,34
20140402,23
20140403,13
20140404,11
20140406,3
20140407,7
20140408,6
20140409,8
20140410,14
20140411,11
20140413,3
20140414,8
20140415,8
20140416,7
20140417,7
20140418,4
20140419,2
20140420,4
20140421,5
20140422,6
20140423,6
20140424,9
20140425,5
20140428,3
20140429,3
20140430,4
20140501,8
20140502,10
20140503,1
20140505,5
20140506,3
20140507,8
20140508,3
20140509,5
20140512,5
20140513,6
20140514,4
20140515,15
20140516,10
20140518,2
20140519,6
20140520,8
20140521,9
20140522,5
20140523,8
20140526,5
20140527,8
20140528,8
20140529,10
20140530,3
20140601,3
20140602,7
20140603,10
20140604,5
20140605,37
20140606,10
20140608,1
20140609,13
20140610,14
20140611,12
20140612,7
20140613,7
20140615,4
20140616,7
20140617,13
20140618,16
20140619,6
20140620,9
20140622,2
20140623,7
20140624,5
20140625,5
20140626,8
20140627,12
20140629,1
20140630,14
20140701,15
20140702,8
20140703,6
20140704,4
20140707,3
20140708,8
20140709,1
20140710,4
20140711,2
20140713,3
20140714,10
20140715,5
20140716,8
20140717,15
20140718,4
20140721,2
20140722,5
20140723,6
20140724,11
20140725,5
20140728,6
20140729,3
20140730,8
20140731,4
20140801,7
20140802,2
20140803,3
20140804,5
20140805,6
20140806,5
20140807,5
20140808,5
20140809,1
20140811,5
20140812,7
20140813,8
20140814,11
20140815,5
20140818,3
20140819,6
20140820,5
20140821,5
20140822,9
20140824,1
20140825,1
20140826,3
20140827,4
20140828,4
20140829,5
20140901,1
20140902,3
20140903,7
20140904,5
20140905,7
20140907,1
20140908,11
20140909,6
20140910,3
20140911,7
20140912,6
20140915,5
20140916,11
20140917,7
20140918,5
20140919,8
20140920,1
20140922,7
20140923,7
20140924,11
20140925,9
20140926,3
20140929,3
20140930,14
20141001,10
20141002,9
20141003,13
20141004,1
20141005,2
20141006,4
20141007,12
20141008,2
20141009,2
20141010,4
20141013,6
20141014,2
20141015,3
20141016,4
20141017,9
20141019,1
20141020,3
20141021,6
20141022,8
20141023,18
20141024,5
20141026,1
20141027,5
20141028,5
20141029,5
20141030,7
20141031,4
20141101,1
20141103,8
20141104,8
20141105,6
20141106,9
20141107,4
20141109,1
20141110,12
20141111,8
20141112,7
20141113,2
20141114,3
20141116,2
20141117,5
20141118,5
20141119,4
20141120,7
20141121,3
20141122,1
20141124,2
20141125,5
20141126,3
20141127,1
20141128,1
20141129,1
20141130,3
20141201,3
20141202,4
20141203,8
20141204,2
20141205,2
20141207,2
20141208,5
20141209,2
20141210,4
20141211,2
20141215,3
20141216,7
20141217,4
20141218,2
20141219,5
20141220,1
20141222,3
20141223,1
20141225,1
20141226,2
20141228,1
20141229,4
20141230,7
20141231,4
20150101,3
20150102,5
20150104,3
20150105,10
20150106,5
20150107,2
20150108,7
20150109,3
20150111,4
20150112,17
20150113,9
20150114,6
20150115,3
20150116,3
20150119,3
20150120,6
20150121,4
20150122,4
20150123,4
20150125,2
20150126,2
20150127,7
20150128,3
20150129,6
20150130,1
20150131,1
20150201,3
20150202,9
20150203,10
20150204,14
20150205,6
20150206,3
20150207,1
20150209,1
20150210,12
20150211,8
20150212,11
20150213,5
20150214,1
20150216,3
20150217,11
20150218,9
20150219,7
20150220,7
20150222,3
20150223,6
20150224,3
20150225,3
20150226,9
20150227,5
20150302,4
20150303,7
20150304,5
20150305,2
20150306,5
20150307,1
20150308,1
20150309,17
20150310,6
20150311,3
20150312,6
20150313,7
20150315,3
20150316,5
20150317,6
20150318,7
20150319,8
20150320,4
20150322,1
20150323,2
20150324,8
20150325,2
20150326,1
20150327,5
20150330,8
20150331,4
20150401,5
20150402,5
20150403,4
20150405,1
20150406,6
20150407,8
20150408,3
20150409,6
20150410,8
20150412,1
20150413,8
20150414,5
20150415,7
20150416,4
20150417,4
20150418,1
20150419,2
20150420,6
20150421,4
20150422,3
20150423,11
20150424,5
20150426,3
20150427,8
20150428,5
20150429,5
20150430,3
