20050215,1
20050406,1
20050518,1
20050524,1
20050624,1
20050627,1
20050711,1
20050719,1
20051012,1
20051013,1
20051014,1
20051019,2
20051027,1
20051101,1
20051103,1
20051107,1
20051109,2
20051112,1
20051116,1
20051117,3
20051119,1
20060108,1
20060209,1
20060222,1
20060325,1
20060410,1
20060429,1
20060503,1
20060518,1
20060524,1
20060525,1
20060601,1
20060602,1
20060630,1
20060707,1
20060710,1
20060711,1
20060713,1
20060812,1
20060814,1
20060815,1
20060822,1
20061002,3
20061003,2
20070107,1
20070201,1
20070202,1
20070210,1
20070228,1
20070307,1
20070312,1
20070619,1
20070703,1
20070715,1
20070817,1
20070923,1
20070924,1
20071025,1
20080116,1
20080123,1
20080130,1
20080320,1
20080414,1
20080713,1
20080717,1
20080722,1
20080731,1
20080802,1
20080811,1
20080825,1
20080903,1
20081020,1
20081029,1
20081114,1
20081121,1
20081209,1
20090111,1
20090213,1
20090225,1
20090311,1
20090313,3
20090316,1
20090317,2
20100127,1
20100128,1
20100211,1
20100212,1
20100216,1
20100301,2
20100302,2
20100304,1
20100412,1
20100415,1
20100416,1
20100421,1
20100422,2
20100515,1
20100524,1
20100611,1
20100621,1
20100626,1
20100701,2
20100702,1
20100720,1
20100726,1
20100729,1
20100824,1
20101025,1
20101123,1
20101208,1
20101221,1
20110124,1
20110126,1
20110127,1
20110218,1
20110225,1
20110302,1
20110331,1
20110419,2
20110421,1
20110426,1
20110512,1
20110513,1
20110610,1
20110613,2
20110627,1
20110628,1
20110711,1
20110713,1
20110714,1
20110726,1
20110811,2
20111001,1
20111020,1
20111026,1
20111027,1
20111121,6
20111122,5
20111213,1
20111216,1
20120109,2
20120123,1
20120131,1
20120201,1
20120202,3
20120203,3
20120217,3
20120307,1
20120308,1
20120322,1
20120404,1
20120405,1
20120406,1
20120419,4
20120427,1
20120506,1
20120507,1
20120508,1
20120509,1
20120510,2
20120511,1
20120621,1
20120628,1
20120629,2
20120711,1
20120716,3
20120718,1
20120802,2
20120816,1
20120819,1
20120827,2
20120828,1
20120905,1
20120918,2
20121005,1
20121015,1
20121019,1
20121022,1
20121023,2
20121024,1
20121110,1
20121114,1
20121212,1
20121218,1
20130102,1
20130124,1
20130125,1
20130128,1
20130205,1
20130206,1
20130207,1
20130219,1
20130225,1
20130301,1
20130304,2
20130308,1
20130415,1
20130418,1
20130508,1
20130520,1
20130522,1
20130523,1
20130607,1
20130610,1
20130620,2
20130623,2
20130624,3
20130701,1
20130725,1
20130726,1
20130903,1
20130910,1
20131002,1
20131010,1
20131022,1
20131025,1
20131028,2
20131029,3
20131104,1
20131105,2
20131113,1
20131114,1
20131118,1
20131126,1
20131206,1
20131209,2
20131215,1
20131218,1
20131219,1
20131223,1
20131227,1
20131230,1
20140114,2
20140203,1
20140204,1
20140304,1
20140305,2
20140321,4
20140324,4
20140326,2
20140327,1
20140330,1
20140331,1
20140401,3
20140402,1
20140407,1
20140408,1
20140410,7
20140411,3
20140414,2
20140415,1
20140417,1
20140420,1
20140422,4
20140423,2
20140424,2
20140428,1
20140429,3
20140430,1
20140501,1
20140504,1
20140506,1
20140508,1
20140515,1
20140521,1
20140604,1
20140605,1
20140609,3
20140610,1
20140612,1
20140616,2
20140618,1
20140620,1
20140623,2
20140624,5
20140625,1
20140627,2
20140701,1
20140706,1
20140708,3
20140711,2
20140713,1
20140714,2
20140715,2
20140716,1
20140717,4
20140720,1
20140721,5
20140722,1
20140724,3
20140725,3
20140729,1
20140730,2
20140803,2
20140804,1
20140807,2
20140812,1
20140813,1
20140814,1
20140815,3
20140820,1
20140827,3
20140829,1
20140904,1
20140905,1
20140908,1
20140909,1
20140911,1
20140915,3
20140916,2
20140917,3
20140918,1
20140919,1
20140922,1
20140924,1
20140929,1
20140930,4
20141001,2
20141002,1
20141003,1
20141007,1
20141008,1
20141009,1
20141010,2
20141011,1
20141013,2
20141014,4
20141015,1
20141020,1
20141027,1
20141028,3
20141029,3
20141030,1
20141031,1
20141103,1
20141104,1
20141105,2
20141106,1
20141110,1
20141112,1
20141113,1
20141117,2
20141119,2
20141120,2
20141121,1
20141126,2
20141201,3
20141203,1
20141204,1
20141207,1
20141208,1
20141210,1
20141211,2
20141217,1
20141218,1
20141219,4
20141222,8
20141223,1
20141224,2
20141226,1
20141229,3
20141230,1
20150104,1
20150105,4
20150106,6
20150107,1
20150108,2
20150109,2
20150111,1
20150113,1
20150114,3
20150115,1
20150116,1
20150120,1
20150121,1
20150122,1
20150123,1
20150126,2
20150127,2
20150129,2
20150130,3
20150202,3
20150203,6
20150204,5
20150205,1
20150206,1
20150209,2
20150210,4
20150211,3
20150212,2
20150213,1
20150220,2
20150223,1
20150224,2
20150226,1
20150227,1
20150302,3
20150303,1
20150306,1
20150309,1
20150310,2
20150312,1
20150313,1
20150316,1
20150317,1
20150318,1
20150319,1
20150322,1
20150323,3
20150325,4
20150326,1
20150330,1
20150401,1
20150403,1
20150408,3
20150409,3
20150414,2
20150415,1
20150421,2
20150423,3
20150424,3
20150427,5
20150428,3
20150429,1
20150430,2
