20050103,7
20050104,4
20050105,4
20050106,2
20050107,5
20050110,4
20050111,6
20050112,7
20050113,5
20050114,2
20050117,3
20050118,2
20050119,3
20050120,3
20050121,7
20050123,1
20050124,9
20050125,6
20050126,8
20050127,2
20050128,11
20050130,2
20050131,2
20050201,6
20050202,4
20050203,2
20050204,2
20050206,1
20050207,3
20050208,8
20050209,6
20050210,1
20050211,4
20050214,4
20050215,3
20050216,2
20050217,8
20050218,6
20050222,7
20050223,6
20050224,5
20050225,3
20050228,4
20050301,7
20050302,7
20050303,10
20050304,3
20050307,6
20050308,1
20050309,7
20050310,7
20050311,8
20050313,1
20050314,4
20050315,6
20050316,9
20050317,10
20050318,11
20050320,1
20050321,4
20050322,4
20050323,3
20050324,3
20050325,3
20050327,1
20050328,6
20050329,8
20050330,3
20050331,7
20050401,12
20050403,1
20050404,9
20050405,10
20050406,8
20050407,4
20050408,5
20050411,3
20050412,5
20050413,5
20050414,2
20050415,9
20050418,5
20050419,5
20050420,6
20050421,7
20050422,12
20050424,1
20050425,5
20050426,8
20050427,5
20050428,7
20050429,9
20050502,6
20050503,5
20050504,2
20050505,3
20050506,3
20050509,7
20050510,10
20050511,3
20050512,5
20050513,7
20050516,10
20050517,4
20050518,5
20050519,6
20050520,9
20050521,1
20050523,8
20050524,3
20050525,3
20050526,6
20050527,4
20050529,1
20050530,2
20050531,4
20050601,5
20050602,6
20050603,14
20050605,1
20050606,10
20050607,7
20050608,6
20050609,8
20050610,3
20050612,1
20050613,4
20050614,14
20050615,7
20050616,8
20050617,8
20050619,1
20050620,6
20050621,2
20050622,5
20050623,8
20050624,11
20050626,1
20050627,7
20050628,3
20050629,8
20050630,3
20050701,5
20050704,2
20050705,6
20050706,5
20050707,8
20050708,4
20050711,9
20050712,5
20050713,9
20050714,7
20050715,3
20050718,3
20050719,11
20050720,7
20050721,8
20050722,5
20050725,1
20050726,5
20050727,4
20050728,4
20050729,7
20050731,1
20050801,7
20050802,2
20050803,3
20050804,4
20050805,6
20050808,4
20050809,5
20050810,7
20050811,6
20050812,6
20050815,6
20050816,9
20050817,6
20050818,4
20050819,5
20050821,1
20050822,4
20050823,5
20050824,5
20050825,2
20050826,6
20050829,2
20050830,7
20050831,4
20050901,8
20050902,10
20050905,2
20050906,5
20050907,5
20050908,4
20050909,5
20050912,1
20050913,8
20050914,5
20050915,10
20050916,5
20050918,1
20050919,4
20050920,11
20050921,13
20050922,6
20050923,6
20050924,2
20050926,5
20050927,2
20050928,9
20050929,4
20050930,5
20051001,4
20051003,8
20051004,3
20051005,5
20051006,6
20051007,3
20051008,4
20051010,3
20051011,4
20051012,7
20051013,3
20051014,6
20051015,4
20051017,9
20051018,8
20051019,10
20051020,10
20051021,6
20051024,4
20051025,7
20051026,6
20051027,5
20051028,5
20051029,1
20051031,7
20051101,6
20051102,3
20051103,3
20051104,5
20051105,2
20051107,3
20051108,8
20051109,10
20051110,5
20051111,6
20051112,6
20051113,2
20051114,8
20051115,9
20051116,3
20051117,6
20051118,4
20051119,4
20051121,5
20051122,2
20051123,7
20051125,2
20051126,2
20051128,7
20051129,6
20051130,4
20051201,2
20051202,5
20051203,3
20051205,3
20051206,5
20051207,5
20051208,6
20051209,5
20051210,4
20051212,4
20051213,3
20051214,6
20051215,6
20051216,7
20051217,5
20051218,1
20051219,8
20051220,7
20051221,6
20051222,7
20051223,6
20051224,3
20051227,3
20051228,2
20051229,3
20051230,6
20051231,3
20060101,1
20060103,6
20060104,3
20060105,4
20060106,3
20060107,4
20060109,5
20060110,12
20060111,8
20060112,10
20060113,11
20060114,7
20060116,3
20060117,3
20060118,5
20060119,4
20060120,3
20060121,1
20060122,1
20060123,5
20060124,5
20060125,9
20060126,9
20060127,10
20060128,2
20060129,1
20060130,5
20060131,4
20060201,9
20060202,7
20060203,11
20060204,5
20060206,4
20060207,4
20060208,4
20060209,6
20060210,6
20060211,1
20060213,4
20060214,7
20060215,4
20060216,10
20060217,5
20060218,2
20060219,1
20060220,2
20060221,6
20060222,6
20060223,7
20060224,9
20060225,1
20060227,6
20060228,6
20060301,10
20060302,10
20060303,12
20060304,2
20060305,1
20060306,8
20060307,4
20060308,4
20060309,4
20060310,3
20060311,3
20060313,8
20060314,8
20060315,12
20060316,7
20060317,9
20060318,3
20060320,3
20060321,11
20060322,10
20060323,6
20060324,10
20060325,2
20060327,6
20060328,7
20060329,8
20060330,8
20060331,6
20060401,2
20060403,8
20060404,10
20060405,8
20060406,5
20060407,12
20060408,3
20060410,3
20060411,5
20060412,3
20060413,1
20060414,5
20060415,3
20060416,1
20060417,7
20060418,8
20060419,5
20060420,7
20060421,10
20060422,7
20060424,5
20060425,3
20060426,5
20060427,6
20060428,9
20060429,2
20060501,4
20060502,7
20060503,3
20060504,10
20060505,9
20060506,1
20060507,1
20060508,2
20060509,5
20060510,7
20060511,4
20060512,8
20060513,1
20060514,1
20060515,3
20060516,9
20060517,7
20060518,5
20060519,5
20060520,3
20060522,2
20060523,2
20060524,5
20060525,5
20060526,7
20060527,2
20060529,3
20060530,11
20060531,16
20060601,11
20060602,11
20060603,7
20060604,1
20060605,9
20060606,11
20060607,8
20060608,9
20060609,11
20060610,1
20060611,1
20060612,9
20060613,16
20060614,13
20060615,15
20060616,10
20060617,3
20060619,9
20060620,7
20060621,5
20060622,7
20060623,13
20060624,4
20060625,2
20060626,6
20060627,7
20060628,14
20060629,8
20060630,8
20060701,2
20060703,7
20060704,2
20060705,4
20060706,11
20060707,5
20060708,1
20060710,9
20060711,5
20060712,4
20060713,6
20060714,9
20060715,3
20060717,1
20060718,2
20060719,6
20060720,4
20060721,5
20060722,2
20060724,6
20060725,4
20060726,2
20060727,6
20060728,11
20060729,2
20060731,5
20060801,5
20060802,9
20060803,4
20060804,8
20060805,4
20060807,5
20060808,6
20060809,8
20060810,3
20060811,10
20060812,5
20060814,8
20060815,3
20060816,5
20060817,5
20060818,4
20060819,1
20060821,3
20060822,4
20060823,5
20060824,2
20060825,7
20060826,2
20060827,1
20060828,4
20060829,6
20060830,4
20060831,2
20060901,3
20060902,5
20060903,1
20060905,4
20060906,4
20060907,3
20060908,5
20060909,2
20060910,1
20060911,5
20060912,10
20060913,16
20060914,10
20060915,13
20060916,5
20060917,2
20060918,5
20060919,5
20060920,16
20060921,12
20060922,7
20060924,1
20060925,7
20060926,4
20060927,11
20060928,7
20060929,8
20060930,6
20061001,1
20061002,7
20061003,5
20061004,7
20061005,8
20061006,4
20061007,1
20061009,4
20061010,4
20061011,8
20061012,10
20061013,8
20061014,2
20061015,1
20061016,6
20061017,6
20061018,10
20061019,8
20061020,5
20061021,4
20061023,6
20061024,5
20061025,6
20061026,7
20061027,6
20061028,6
20061030,3
20061031,2
20061101,5
20061102,9
20061103,4
20061104,2
20061106,9
20061107,5
20061108,2
20061109,2
20061110,7
20061111,1
20061114,8
20061115,8
20061116,7
20061117,9
20061118,2
20061120,5
20061121,9
20061122,10
20061123,3
20061124,7
20061125,3
20061127,8
20061128,9
20061129,6
20061130,10
20061201,5
20061202,1
20061204,11
20061205,6
20061206,8
20061207,5
20061208,10
20061209,7
20061211,6
20061212,10
20061213,14
20061214,9
20061215,10
20061216,5
20061217,2
20061218,6
20061219,8
20061220,7
20061221,4
20061222,4
20061223,2
20061226,4
20061227,3
20061228,4
20061229,4
20061230,2
20070101,1
20070102,8
20070103,10
20070104,6
20070105,2
20070106,3
20070108,11
20070109,8
20070110,14
20070111,9
20070112,3
20070115,1
20070116,6
20070117,14
20070118,9
20070119,8
20070120,5
20070122,5
20070123,9
20070124,11
20070125,4
20070126,8
20070127,2
20070129,2
20070130,9
20070131,11
20070201,11
20070202,3
20070203,1
20070205,9
20070206,5
20070207,8
20070208,3
20070209,10
20070210,7
20070211,1
20070212,8
20070213,6
20070214,7
20070215,5
20070216,10
20070217,3
20070220,5
20070221,5
20070222,6
20070223,13
20070224,4
20070226,8
20070227,8
20070228,6
20070301,7
20070302,7
20070303,4
20070305,9
20070306,7
20070307,5
20070308,11
20070309,8
20070310,2
20070312,11
20070313,13
20070314,14
20070315,8
20070316,10
20070317,3
20070319,9
20070320,5
20070321,10
20070322,7
20070323,11
20070324,4
20070326,11
20070327,6
20070328,7
20070329,10
20070330,7
20070331,1
20070402,8
20070403,5
20070404,7
20070405,4
20070406,5
20070407,1
20070408,1
20070409,3
20070410,6
20070411,7
20070412,7
20070413,6
20070414,8
20070416,4
20070417,3
20070418,12
20070419,3
20070420,10
20070421,1
20070423,4
20070424,4
20070425,5
20070426,3
20070427,7
20070428,1
20070429,1
20070430,6
20070501,6
20070502,3
20070503,7
20070504,5
20070506,1
20070507,5
20070508,12
20070509,6
20070510,9
20070511,8
20070512,3
20070514,5
20070515,11
20070516,9
20070517,5
20070518,8
20070519,2
20070521,15
20070522,8
20070523,9
20070524,7
20070525,8
20070526,2
20070527,1
20070529,15
20070530,12
20070531,6
20070601,10
20070602,4
20070603,2
20070604,9
20070605,13
20070606,16
20070607,14
20070608,9
20070609,3
20070611,4
20070612,11
20070613,14
20070614,16
20070615,16
20070616,8
20070618,11
20070619,9
20070620,8
20070621,12
20070622,8
20070623,3
20070624,2
20070625,9
20070626,13
20070627,17
20070628,13
20070629,12
20070630,3
20070702,14
20070703,9
20070704,3
20070705,4
20070706,10
20070707,2
20070709,9
20070710,10
20070711,8
20070712,6
20070713,7
20070714,1
20070716,5
20070717,14
20070718,6
20070719,7
20070720,11
20070721,3
20070723,3
20070724,8
20070725,7
20070726,13
20070727,8
20070728,5
20070730,6
20070731,14
20070801,11
20070802,13
20070803,8
20070804,2
20070805,1
20070806,8
20070807,6
20070808,8
20070809,13
20070810,9
20070811,4
20070812,2
20070813,15
20070814,15
20070815,10
20070816,11
20070817,11
20070818,5
20070819,3
20070820,10
20070821,5
20070822,2
20070823,5
20070824,7
20070825,3
20070827,11
20070828,12
20070829,17
20070830,15
20070831,9
20070901,2
20070903,4
20070904,7
20070905,6
20070906,10
20070907,16
20070908,3
20070910,8
20070911,11
20070912,13
20070913,7
20070914,9
20070915,4
20070916,2
20070917,11
20070918,11
20070919,14
20070920,14
20070921,22
20070922,5
20070923,3
20070924,6
20070925,8
20070926,12
20070927,11
20070928,7
20070929,2
20070930,1
20071001,12
20071002,9
20071003,5
20071004,6
20071005,10
20071006,1
20071007,1
20071008,7
20071009,12
20071010,7
20071011,5
20071012,10
20071013,3
20071015,7
20071016,9
20071017,6
20071018,6
20071019,12
20071020,5
20071022,11
20071023,12
20071024,12
20071025,9
20071026,7
20071027,4
20071029,7
20071030,12
20071031,14
20071101,7
20071102,10
20071103,3
20071104,2
20071105,9
20071106,14
20071107,16
20071108,10
20071109,13
20071110,7
20071112,8
20071113,11
20071114,16
20071115,16
20071116,8
20071117,3
20071118,1
20071119,13
20071120,18
20071121,13
20071123,4
20071124,1
20071126,9
20071127,8
20071128,12
20071129,9
20071130,14
20071201,1
20071203,12
20071204,8
20071205,13
20071206,5
20071207,4
20071208,5
20071209,2
20071210,8
20071211,7
20071212,12
20071213,11
20071214,9
20071215,2
20071217,9
20071218,10
20071219,20
20071220,9
20071221,9
20071222,5
20071223,1
20071224,5
20071226,11
20071227,11
20071228,13
20071229,2
20071230,1
20071231,7
20080102,16
20080103,4
20080104,8
20080105,1
20080107,2
20080108,7
20080109,11
20080110,11
20080111,10
20080112,3
20080114,9
20080115,15
20080116,11
20080117,14
20080118,8
20080119,2
20080120,1
20080121,4
20080122,9
20080123,6
20080124,11
20080125,12
20080126,3
20080128,10
20080129,14
20080130,10
20080131,8
20080201,4
20080202,3
20080203,1
20080204,11
20080205,7
20080206,15
20080207,8
20080208,6
20080209,1
20080211,13
20080212,5
20080213,11
20080214,6
20080215,9
20080216,2
20080218,3
20080219,8
20080220,6
20080221,1
20080222,5
20080223,2
20080224,2
20080225,8
20080226,9
20080227,6
20080228,6
20080229,8
20080301,3
20080303,8
20080304,12
20080305,13
20080306,8
20080307,6
20080308,5
20080310,11
20080311,13
20080312,10
20080313,14
20080314,9
20080315,3
20080316,3
20080317,18
20080318,25
20080319,25
20080320,14
20080321,5
20080322,5
20080323,2
20080324,7
20080325,7
20080326,8
20080327,9
20080328,3
20080329,3
20080330,1
20080331,6
20080401,16
20080402,13
20080403,9
20080404,14
20080405,3
20080406,1
20080407,7
20080408,9
20080409,12
20080410,8
20080411,13
20080412,6
20080413,1
20080414,8
20080415,10
20080416,9
20080417,8
20080418,11
20080419,2
20080420,1
20080421,6
20080422,4
20080423,9
20080424,11
20080425,8
20080426,4
20080428,4
20080429,11
20080430,8
20080501,4
20080502,3
20080503,1
20080505,10
20080506,9
20080507,10
20080508,10
20080509,7
20080510,3
20080512,9
20080513,6
20080514,9
20080515,6
20080516,9
20080517,6
20080518,1
20080519,19
20080520,7
20080521,8
20080522,10
20080523,15
20080524,3
20080526,2
20080527,11
20080528,10
20080529,9
20080530,8
20080531,5
20080602,10
20080603,12
20080604,9
20080605,11
20080606,15
20080607,3
20080609,12
20080610,10
20080611,8
20080612,8
20080613,9
20080614,1
20080615,1
20080616,9
20080617,21
20080618,20
20080619,12
20080620,10
20080621,2
20080622,2
20080623,7
20080624,12
20080625,7
20080626,11
20080627,21
20080628,1
20080630,4
20080701,7
20080702,10
20080703,11
20080704,4
20080705,6
20080707,5
20080708,10
20080709,9
20080710,7
20080711,19
20080712,2
20080714,4
20080715,8
20080716,12
20080717,14
20080718,10
20080719,1
20080721,15
20080722,9
20080723,4
20080724,4
20080725,7
20080728,8
20080729,7
20080730,8
20080731,2
20080801,8
20080803,1
20080804,7
20080805,10
20080806,3
20080807,13
20080808,4
20080809,1
20080811,4
20080812,10
20080813,13
20080814,9
20080815,10
20080816,2
20080818,6
20080819,5
20080820,10
20080821,14
20080822,11
20080823,2
20080824,1
20080825,4
20080826,7
20080827,11
20080828,4
20080829,5
20080830,6
20080901,1
20080902,4
20080903,5
20080904,9
20080905,9
20080906,4
20080908,8
20080909,5
20080910,6
20080911,11
20080912,9
20080913,6
20080914,2
20080915,22
20080916,34
20080917,29
20080918,32
20080919,22
20080920,8
20080921,4
20080922,21
20080923,20
20080924,23
20080925,26
20080926,14
20080927,3
20080928,1
20080929,11
20080930,15
20081001,25
20081002,15
20081003,8
20081004,6
20081005,1
20081006,8
20081007,14
20081008,14
20081009,8
20081010,11
20081011,3
20081012,2
20081013,11
20081014,13
20081015,11
20081016,2
20081017,7
20081018,8
20081019,1
20081020,4
20081021,11
20081022,7
20081023,11
20081024,7
20081027,7
20081028,6
20081029,13
20081030,7
20081031,6
20081101,1
20081103,7
20081104,10
20081105,12
20081106,8
20081107,12
20081108,10
20081109,1
20081110,9
20081111,14
20081112,10
20081113,14
20081114,6
20081115,2
20081117,15
20081118,7
20081119,12
20081120,11
20081121,14
20081122,6
20081124,8
20081125,7
20081126,2
20081127,2
20081128,4
20081129,2
20081201,7
20081202,13
20081203,8
20081204,6
20081205,9
20081206,2
20081208,9
20081209,12
20081210,9
20081211,5
20081212,11
20081213,1
20081214,1
20081215,8
20081216,9
20081217,14
20081218,14
20081219,8
20081220,3
20081222,10
20081223,4
20081224,3
20081226,4
20081227,3
20081228,1
20081229,3
20081230,2
20081231,4
20090102,14
20090103,3
20090105,4
20090106,10
20090107,4
20090108,4
20090109,6
20090110,1
20090112,8
20090113,5
20090114,3
20090115,9
20090116,14
20090117,4
20090118,1
20090120,4
20090121,4
20090122,11
20090123,11
20090124,4
20090126,7
20090127,8
20090128,13
20090129,9
20090130,8
20090131,2
20090201,1
20090202,5
20090203,8
20090204,9
20090205,13
20090206,9
20090207,1
20090209,3
20090210,5
20090211,12
20090212,8
20090213,11
20090214,8
20090217,6
20090218,7
20090219,3
20090220,3
20090221,2
20090222,2
20090223,2
20090224,5
20090225,3
20090226,5
20090227,6
20090228,3
20090302,4
20090303,4
20090304,9
20090305,8
20090306,8
20090307,2
20090308,2
20090309,10
20090310,4
20090311,10
20090312,6
20090313,3
20090314,1
20090316,2
20090317,4
20090318,8
20090319,7
20090320,9
20090321,2
20090322,3
20090323,11
20090324,17
20090325,5
20090326,8
20090327,6
20090328,4
20090329,1
20090330,5
20090331,6
20090401,8
20090402,2
20090403,13
20090404,2
20090405,2
20090406,12
20090407,12
20090408,10
20090409,12
20090410,7
20090411,2
20090412,1
20090413,12
20090414,22
20090415,18
20090416,13
20090417,13
20090418,2
20090419,1
20090420,11
20090421,7
20090422,10
20090423,12
20090424,8
20090425,3
20090427,8
20090428,6
20090429,7
20090430,8
20090501,2
20090502,3
20090504,9
20090505,9
20090506,6
20090507,4
20090508,12
20090509,3
20090510,1
20090511,6
20090512,8
20090513,10
20090514,6
20090515,2
20090516,2
20090518,8
20090519,12
20090520,11
20090521,6
20090522,12
20090523,1
20090525,1
20090526,20
20090527,5
20090528,4
20090529,2
20090530,2
20090601,3
20090602,11
20090603,7
20090604,7
20090605,8
20090606,3
20090608,5
20090609,9
20090610,9
20090611,8
20090612,7
20090613,1
20090615,6
20090616,6
20090617,7
20090618,9
20090619,3
20090621,1
20090622,5
20090623,6
20090624,7
20090625,3
20090626,9
20090627,1
20090628,1
20090629,5
20090630,6
20090701,13
20090702,7
20090703,4
20090706,5
20090707,8
20090708,11
20090709,9
20090710,9
20090711,3
20090712,2
20090713,8
20090714,16
20090715,23
20090716,14
20090717,8
20090718,4
20090719,2
20090720,9
20090721,9
20090722,15
20090723,12
20090724,10
20090725,3
20090727,8
20090728,11
20090729,9
20090730,15
20090731,5
20090801,4
20090802,1
20090803,5
20090804,4
20090805,8
20090806,10
20090807,4
20090808,1
20090810,5
20090811,8
20090812,3
20090813,5
20090814,5
20090815,3
20090817,7
20090818,8
20090819,4
20090820,6
20090821,9
20090822,4
20090824,14
20090825,8
20090826,4
20090827,5
20090828,3
20090829,1
20090830,1
20090831,5
20090901,4
20090902,5
20090903,5
20090904,3
20090907,2
20090908,3
20090909,9
20090910,11
20090911,13
20090912,2
20090914,9
20090915,7
20090916,6
20090917,7
20090918,9
20090919,2
20090920,1
20090921,7
20090922,6
20090923,7
20090924,10
20090925,8
20090926,2
20090927,1
20090928,8
20090929,3
20090930,8
20091001,6
20091002,6
20091003,2
20091004,1
20091005,12
20091006,10
20091007,6
20091008,4
20091009,9
20091010,4
20091011,1
20091012,4
20091013,8
20091014,8
20091015,14
20091016,15
20091019,6
20091020,6
20091021,10
20091022,7
20091023,11
20091024,2
20091025,1
20091026,3
20091027,11
20091028,6
20091029,8
20091030,14
20091031,5
20091102,15
20091103,7
20091104,14
20091105,15
20091106,12
20091107,2
20091108,2
20091109,15
20091110,9
20091111,7
20091112,8
20091113,7
20091114,3
20091115,1
20091116,6
20091117,5
20091118,15
20091119,7
20091120,11
20091121,1
20091122,1
20091123,12
20091124,6
20091125,7
20091126,4
20091127,11
20091128,3
20091129,4
20091130,11
20091201,7
20091202,14
20091203,21
20091204,13
20091205,2
20091206,1
20091207,11
20091208,7
20091209,6
20091210,15
20091211,5
20091212,3
20091213,3
20091214,15
20091215,10
20091216,8
20091217,10
20091218,5
20091219,2
20091220,1
20091221,14
20091222,9
20091223,5
20091224,5
20091226,2
20091228,8
20091229,7
20091230,6
20091231,3
20100101,1
20100103,4
20100104,7
20100105,10
20100106,11
20100107,17
20100108,11
20100109,4
20100110,1
20100111,10
20100112,16
20100113,20
20100114,22
20100115,9
20100116,4
20100117,2
20100118,3
20100119,9
20100120,15
20100121,26
20100122,21
20100123,9
20100124,6
20100125,15
20100126,16
20100127,17
20100128,21
20100129,13
20100130,3
20100131,2
20100201,11
20100202,9
20100203,14
20100204,13
20100205,10
20100206,2
20100207,1
20100208,12
20100209,8
20100210,11
20100211,10
20100212,11
20100215,3
20100216,6
20100217,10
20100218,12
20100219,6
20100220,1
20100221,4
20100222,13
20100223,24
20100224,11
20100225,13
20100226,9
20100227,5
20100301,14
20100302,12
20100303,12
20100304,6
20100305,8
20100306,3
20100308,13
20100309,8
20100310,8
20100311,10
20100312,7
20100314,2
20100315,10
20100316,8
20100317,10
20100318,6
20100319,10
20100320,7
20100322,8
20100323,7
20100324,11
20100325,5
20100326,4
20100327,1
20100328,1
20100329,5
20100330,6
20100331,2
20100401,11
20100402,4
20100403,1
20100405,2
20100406,8
20100407,6
20100408,5
20100409,5
20100410,3
20100412,10
20100413,8
20100414,11
20100415,15
20100416,11
20100417,22
20100418,8
20100419,35
20100420,35
20100421,33
20100422,16
20100423,13
20100424,7
20100425,6
20100426,18
20100427,18
20100428,19
20100429,16
20100430,16
20100501,13
20100502,7
20100503,17
20100504,14
20100505,12
20100506,12
20100507,8
20100508,2
20100509,4
20100510,6
20100511,8
20100512,7
20100513,13
20100514,10
20100515,8
20100516,1
20100517,7
20100518,4
20100519,3
20100520,7
20100521,6
20100522,5
20100524,8
20100525,8
20100526,4
20100527,7
20100528,6
20100529,2
20100601,4
20100602,8
20100603,5
20100604,3
20100605,3
20100606,1
20100607,9
20100608,10
20100609,13
20100610,18
20100611,19
20100612,2
20100613,1
20100614,8
20100615,4
20100616,8
20100617,9
20100618,8
20100619,4
20100620,3
20100621,12
20100622,7
20100623,7
20100624,11
20100625,8
20100626,7
20100627,1
20100628,11
20100629,10
20100630,15
20100701,11
20100702,5
20100705,3
20100706,11
20100707,12
20100708,7
20100709,6
20100710,4
20100711,1
20100712,10
20100713,7
20100714,16
20100715,25
20100716,14
20100717,9
20100718,2
20100719,8
20100720,10
20100721,20
20100722,13
20100723,13
20100724,5
20100725,2
20100726,4
20100727,5
20100728,9
20100729,12
20100730,8
20100801,1
20100802,13
20100803,6
20100804,10
20100805,9
20100806,12
20100807,4
20100809,16
20100810,8
20100811,7
20100812,10
20100813,12
20100814,1
20100815,1
20100816,7
20100817,9
20100818,11
20100819,10
20100820,10
20100821,3
20100822,1
20100823,4
20100824,5
20100825,6
20100826,9
20100827,6
20100828,2
20100830,3
20100831,2
20100901,10
20100902,9
20100903,5
20100904,8
20100906,2
20100907,12
20100908,14
20100909,12
20100910,7
20100911,6
20100912,1
20100913,13
20100914,14
20100915,15
20100916,12
20100917,3
20100918,3
20100919,1
20100920,12
20100921,18
20100922,12
20100923,14
20100924,13
20100925,4
20100926,3
20100927,13
20100928,16
20100929,15
20100930,13
20101001,9
20101002,5
20101003,2
20101004,10
20101005,20
20101006,13
20101007,8
20101008,7
20101009,1
20101010,3
20101011,5
20101012,6
20101013,9
20101014,14
20101015,12
20101016,3
20101017,5
20101018,11
20101019,17
20101020,20
20101021,17
20101022,9
20101023,3
20101024,2
20101025,13
20101026,18
20101027,11
20101028,15
20101029,15
20101030,3
20101031,1
20101101,11
20101102,7
20101103,12
20101104,9
20101105,12
20101106,2
20101107,1
20101108,10
20101109,12
20101110,12
20101111,8
20101112,9
20101113,5
20101114,1
20101115,3
20101116,9
20101117,6
20101118,13
20101119,9
20101120,4
20101121,1
20101122,11
20101123,7
20101124,5
20101126,5
20101127,2
20101128,1
20101129,8
20101130,3
20101201,23
20101202,32
20101203,7
20101204,5
20101205,2
20101206,9
20101207,11
20101208,16
20101209,17
20101210,11
20101211,4
20101212,2
20101213,12
20101214,6
20101215,15
20101216,11
20101217,7
20101218,1
20101219,1
20101220,6
20101221,11
20101222,6
20101223,6
20101224,2
20101226,1
20101227,4
20101228,6
20101229,5
20101230,9
20101231,5
20110102,1
20110103,24
20110104,22
20110105,24
20110106,21
20110107,14
20110108,6
20110110,10
20110111,12
20110112,22
20110113,14
20110114,10
20110115,7
20110116,1
20110117,7
20110118,20
20110119,29
20110120,25
20110121,15
20110122,8
20110123,1
20110124,6
20110125,10
20110126,13
20110127,12
20110128,13
20110129,7
20110130,2
20110131,5
20110201,17
20110202,10
20110203,16
20110204,8
20110205,7
20110206,1
20110207,6
20110208,10
20110209,9
20110210,8
20110211,10
20110212,3
20110214,14
20110215,10
20110216,6
20110217,11
20110218,8
20110219,1
20110221,4
20110222,9
20110223,14
20110224,16
20110225,7
20110226,5
20110228,19
20110301,8
20110302,12
20110303,14
20110304,13
20110305,4
20110306,1
20110307,11
20110308,21
20110309,13
20110310,15
20110311,9
20110312,3
20110313,2
20110314,7
20110315,12
20110316,11
20110317,16
20110318,22
20110319,8
20110320,1
20110321,13
20110322,13
20110323,14
20110324,14
20110325,11
20110326,4
20110328,8
20110329,10
20110330,9
20110331,17
20110401,16
20110402,3
20110403,1
20110404,17
20110405,9
20110406,8
20110407,14
20110408,18
20110409,3
20110410,3
20110411,13
20110412,19
20110413,15
20110414,21
20110415,29
20110416,4
20110417,2
20110418,11
20110419,19
20110420,13
20110421,17
20110422,4
20110423,3
20110425,5
20110426,11
20110427,14
20110428,11
20110429,12
20110430,5
20110501,4
20110502,7
20110503,7
20110504,10
20110505,12
20110506,15
20110508,1
20110509,10
20110510,20
20110511,14
20110512,25
20110513,18
20110516,9
20110517,22
20110518,15
20110519,16
20110520,19
20110521,3
20110523,13
20110524,20
20110525,22
20110526,19
20110527,10
20110528,4
20110529,3
20110530,6
20110531,15
20110601,14
20110602,25
20110603,14
20110604,2
20110605,1
20110606,14
20110607,12
20110608,7
20110609,26
20110610,14
20110611,5
20110612,1
20110613,16
20110614,11
20110615,7
20110616,7
20110617,18
20110618,6
20110620,8
20110621,19
20110622,9
20110623,17
20110624,10
20110625,1
20110626,1
20110627,17
20110628,6
20110629,15
20110630,20
20110701,11
20110702,3
20110703,2
20110704,5
20110705,14
20110706,8
20110707,21
20110708,10
20110709,8
20110710,2
20110711,12
20110712,5
20110713,5
20110714,10
20110715,14
20110716,3
20110717,1
20110718,19
20110719,23
20110720,20
20110721,16
20110722,11
20110723,3
20110724,1
20110725,6
20110726,8
20110727,13
20110728,16
20110729,14
20110730,1
20110731,1
20110801,10
20110802,12
20110803,10
20110804,8
20110805,13
20110806,2
20110807,3
20110808,18
20110809,13
20110810,20
20110811,18
20110812,10
20110813,3
20110814,1
20110815,7
20110816,10
20110817,6
20110818,13
20110819,6
20110820,1
20110822,10
20110823,17
20110824,10
20110825,15
20110826,12
20110827,5
20110829,11
20110830,2
20110831,12
20110901,26
20110902,19
20110903,6
20110904,1
20110905,1
20110906,12
20110907,15
20110908,23
20110909,12
20110910,1
20110911,2
20110912,14
20110913,9
20110914,14
20110915,14
20110916,14
20110917,2
20110918,1
20110919,10
20110920,13
20110921,13
20110922,20
20110923,18
20110924,2
20110925,1
20110926,6
20110927,13
20110928,6
20110929,15
20110930,8
20111001,1
20111003,8
20111004,21
20111005,11
20111006,7
20111007,11
20111010,13
20111011,16
20111012,7
20111013,18
20111014,12
20111015,6
20111016,1
20111017,20
20111018,29
20111019,26
20111020,15
20111021,9
20111022,4
20111024,10
20111025,9
20111026,20
20111027,11
20111028,19
20111029,4
20111030,4
20111031,14
20111101,18
20111102,8
20111103,11
20111104,17
20111105,7
20111106,2
20111107,8
20111108,14
20111109,20
20111110,29
20111111,11
20111112,3
20111113,3
20111114,12
20111115,17
20111116,12
20111117,13
20111118,5
20111119,1
20111121,11
20111122,12
20111123,6
20111124,3
20111125,4
20111126,3
20111127,1
20111128,12
20111129,15
20111130,14
20111201,15
20111202,7
20111203,4
20111204,2
20111205,11
20111206,19
20111207,11
20111208,14
20111209,14
20111210,3
20111211,3
20111212,15
20111213,11
20111214,15
20111215,16
20111216,11
20111217,2
20111219,16
20111220,10
20111221,8
20111222,7
20111223,4
20111224,1
20111225,1
20111227,2
20111228,6
20111229,6
20111230,10
20111231,3
20120101,1
20120103,12
20120104,12
20120105,8
20120106,9
20120107,6
20120109,16
20120110,12
20120111,12
20120112,14
20120113,23
20120114,5
20120116,1
20120117,13
20120118,32
20120119,11
20120120,14
20120121,3
20120122,1
20120123,21
20120124,6
20120125,14
20120126,16
20120127,21
20120128,2
20120129,1
20120130,14
20120131,9
20120201,23
20120202,15
20120203,11
20120204,2
20120205,1
20120206,13
20120207,14
20120208,20
20120209,16
20120210,9
20120211,1
20120213,5
20120214,10
20120215,22
20120216,13
20120217,14
20120218,2
20120220,3
20120221,8
20120222,6
20120223,10
20120224,5
20120225,1
20120226,1
20120227,8
20120228,10
20120229,20
20120301,21
20120302,13
20120304,1
20120305,13
20120306,17
20120307,11
20120308,14
20120309,8
20120310,1
20120311,3
20120312,15
20120313,17
20120314,29
20120315,30
20120316,23
20120317,1
20120318,5
20120319,19
20120320,24
20120321,19
20120322,9
20120323,10
20120324,1
20120325,5
20120326,6
20120327,7
20120328,17
20120329,12
20120330,3
20120331,1
20120401,2
20120402,15
20120403,8
20120404,11
20120405,9
20120406,3
20120407,1
20120409,3
20120410,9
20120411,10
20120412,23
20120413,16
20120414,1
20120415,3
20120416,22
20120417,28
20120418,15
20120419,21
20120420,12
20120422,3
20120423,11
20120424,13
20120425,12
20120426,16
20120427,15
20120429,3
20120430,9
20120501,9
20120502,15
20120503,20
20120504,15
20120505,1
20120506,3
20120507,11
20120508,7
20120509,8
20120510,28
20120511,25
20120512,1
20120513,9
20120514,16
20120515,17
20120516,26
20120517,18
20120518,14
20120520,4
20120521,24
20120522,20
20120523,22
20120524,27
20120525,19
20120528,5
20120529,18
20120530,9
20120531,5
20120601,8
20120603,1
20120604,10
20120605,13
20120606,11
20120607,5
20120608,12
20120609,1
20120610,3
20120611,12
20120612,17
20120613,13
20120614,9
20120615,24
20120618,17
20120619,8
20120620,5
20120621,16
20120622,10
20120624,2
20120625,10
20120626,9
20120627,16
20120628,8
20120629,4
20120701,3
20120702,4
20120703,12
20120704,4
20120705,13
20120706,5
20120708,1
20120709,11
20120710,16
20120711,10
20120712,8
20120713,7
20120715,2
20120716,16
20120717,28
20120718,10
20120719,17
20120720,9
20120721,1
20120722,1
20120723,12
20120724,8
20120725,14
20120726,8
20120727,4
20120729,1
20120730,6
20120731,9
20120801,5
20120802,16
20120803,8
20120806,11
20120807,6
20120808,7
20120809,9
20120810,11
20120812,1
20120813,11
20120814,13
20120815,13
20120816,5
20120817,6
20120820,8
20120821,4
20120822,3
20120823,3
20120824,3
20120826,2
20120827,5
20120828,8
20120829,4
20120830,9
20120831,7
20120903,3
20120904,10
20120905,9
20120906,11
20120907,15
20120910,15
20120911,5
20120912,3
20120913,5
20120914,13
20120916,2
20120917,9
20120918,16
20120919,20
20120920,12
20120921,12
20120923,3
20120924,8
20120925,15
20120926,6
20120927,9
20120928,10
20120929,1
20120930,2
20121001,11
20121002,9
20121003,7
20121004,8
20121005,10
20121008,3
20121009,17
20121010,17
20121011,14
20121012,12
20121014,2
20121015,16
20121016,21
20121017,12
20121018,18
20121019,8
20121021,7
20121022,22
20121023,8
20121024,16
20121025,15
20121026,10
20121028,2
20121029,7
20121030,5
20121031,3
20121101,12
20121102,7
20121103,1
20121104,2
20121105,10
20121106,12
20121107,11
20121108,7
20121109,10
20121111,4
20121112,18
20121113,21
20121114,9
20121115,12
20121116,12
20121118,3
20121119,4
20121120,13
20121121,6
20121122,6
20121123,6
20121124,1
20121125,1
20121126,19
20121127,20
20121128,11
20121129,17
20121130,12
20121202,4
20121203,15
20121204,14
20121205,11
20121206,11
20121207,7
20121209,3
20121210,8
20121211,8
20121212,10
20121213,12
20121214,12
20121216,5
20121217,8
20121218,7
20121219,6
20121220,8
20121221,3
20121223,1
20121224,1
20121225,3
20121226,5
20121227,8
20121228,9
20121230,3
20121231,4
20130101,11
20130102,13
20130103,17
20130104,9
20130107,13
20130108,8
20130109,13
20130110,7
20130111,12
20130113,6
20130114,13
20130115,19
20130116,21
20130117,10
20130118,16
20130119,1
20130121,4
20130122,11
20130123,14
20130124,9
20130125,7
20130127,2
20130128,10
20130129,9
20130130,10
20130131,11
20130201,8
20130203,3
20130204,11
20130205,12
20130206,4
20130207,5
20130208,8
20130209,1
20130210,2
20130211,11
20130212,19
20130213,13
20130214,10
20130215,2
20130216,1
20130218,5
20130219,12
20130220,9
20130221,11
20130222,10
20130224,3
20130225,9
20130226,10
20130227,11
20130228,4
20130301,9
20130303,3
20130304,6
20130305,6
20130306,6
20130307,18
20130308,24
20130310,3
20130311,7
20130312,4
20130313,15
20130314,11
20130315,10
20130316,1
20130317,3
20130318,18
20130319,11
20130320,6
20130321,7
20130322,9
20130324,3
20130325,12
20130326,15
20130327,9
20130328,9
20130329,5
20130331,3
20130401,5
20130402,15
20130403,8
20130404,11
20130405,6
20130407,2
20130408,10
20130409,11
20130410,14
20130411,25
20130412,10
20130414,3
20130415,18
20130416,27
20130417,8
20130418,23
20130419,11
20130421,2
20130422,10
20130423,9
20130424,6
20130425,10
20130426,6
20130428,3
20130429,10
20130430,13
20130501,19
20130502,11
20130503,7
20130504,1
20130505,5
20130506,9
20130507,10
20130508,9
20130509,14
20130510,9
20130511,3
20130512,4
20130513,16
20130514,14
20130515,10
20130516,14
20130517,14
20130518,1
20130519,2
20130520,15
20130521,12
20130522,13
20130523,11
20130524,12
20130527,6
20130528,12
20130529,14
20130530,11
20130531,6
20130602,1
20130603,5
20130604,9
20130605,16
20130606,14
20130607,4
20130609,2
20130610,7
20130611,8
20130612,11
20130613,11
20130614,15
20130616,1
20130617,7
20130618,4
20130619,6
20130620,8
20130621,4
20130623,3
20130624,10
20130625,16
20130626,4
20130627,11
20130628,15
20130630,3
20130701,8
20130702,18
20130703,13
20130704,3
20130705,7
20130707,3
20130708,10
20130709,13
20130710,11
20130711,12
20130712,12
20130713,1
20130714,4
20130715,21
20130716,29
20130717,21
20130718,19
20130719,11
20130720,1
20130721,3
20130722,9
20130723,14
20130724,7
20130725,10
20130726,10
20130728,1
20130729,19
20130730,13
20130731,16
20130801,16
20130802,15
20130803,2
20130804,5
20130805,8
20130806,7
20130807,11
20130808,7
20130809,15
20130811,3
20130812,10
20130813,5
20130814,6
20130815,4
20130816,6
20130818,4
20130819,10
20130820,10
20130821,16
20130822,18
20130823,11
20130824,1
20130825,5
20130826,8
20130827,11
20130828,4
20130829,4
20130830,10
20130901,1
20130902,10
20130903,14
20130904,7
20130905,7
20130906,5
20130907,1
20130908,5
20130909,6
20130910,18
20130911,12
20130912,15
20130913,12
20130916,16
20130917,8
20130918,11
20130919,11
20130920,9
20130921,1
20130922,4
20130923,15
20130924,12
20130925,16
20130926,17
20130927,20
20130928,2
20130929,3
20130930,8
20131001,15
20131002,9
20131003,13
20131004,8
20131006,4
20131007,9
20131008,6
20131009,12
20131010,12
20131011,6
20131013,4
20131014,9
20131015,8
20131016,14
20131017,21
20131018,22
20131019,3
20131020,4
20131021,3
20131022,11
20131023,10
20131024,4
20131025,7
20131026,1
20131027,1
20131028,8
20131029,20
20131030,10
20131031,10
20131101,5
20131102,1
20131103,4
20131104,14
20131105,7
20131106,13
20131107,18
20131108,6
20131110,2
20131111,10
20131112,10
20131113,12
20131114,17
20131115,7
20131116,2
20131117,3
20131118,10
20131119,10
20131120,17
20131121,18
20131122,2
20131124,5
20131125,8
20131126,10
20131127,10
20131128,1
20131129,2
20131130,1
20131201,4
20131202,16
20131203,14
20131204,13
20131205,10
20131206,6
20131208,5
20131209,11
20131210,14
20131211,15
20131212,12
20131213,8
20131215,2
20131216,11
20131217,6
20131218,8
20131219,17
20131220,6
20131222,2
20131223,7
20131224,6
20131225,2
20131226,6
20131227,2
20131229,1
20131230,6
20131231,3
20140101,7
20140102,10
20140103,4
20140104,1
20140105,6
20140106,12
20140107,11
20140108,13
20140109,4
20140110,10
20140111,1
20140112,3
20140113,11
20140114,17
20140115,10
20140116,30
20140117,15
20140118,1
20140119,1
20140120,12
20140121,14
20140122,7
20140123,11
20140124,8
20140126,1
20140127,8
20140128,6
20140129,4
20140130,8
20140131,9
20140201,1
20140202,2
20140203,10
20140204,8
20140205,7
20140206,10
20140207,10
20140209,2
20140210,8
20140211,8
20140212,7
20140213,4
20140214,7
20140216,1
20140217,3
20140218,9
20140219,5
20140220,11
20140221,14
20140223,3
20140224,6
20140225,13
20140226,14
20140227,9
20140228,10
20140302,3
20140303,9
20140304,8
20140305,7
20140306,4
20140307,10
20140308,2
20140309,3
20140310,11
20140311,5
20140312,8
20140313,9
20140314,10
20140316,5
20140317,8
20140318,12
20140319,14
20140320,8
20140321,17
20140323,2
20140324,7
20140325,8
20140326,12
20140327,11
20140328,15
20140330,4
20140331,16
20140401,11
20140402,14
20140403,15
20140404,7
20140406,7
20140407,5
20140408,4
20140409,15
20140410,15
20140411,10
20140413,1
20140414,18
20140415,9
20140416,17
20140417,34
20140418,9
20140420,1
20140421,11
20140422,14
20140423,10
20140424,15
20140425,10
20140426,1
20140427,5
20140428,13
20140429,12
20140430,15
20140501,7
20140502,6
20140503,2
20140504,2
20140505,10
20140506,17
20140507,14
20140508,9
20140509,13
20140511,3
20140512,15
20140513,12
20140514,5
20140515,7
20140516,11
20140518,1
20140519,9
20140520,17
20140521,6
20140522,10
20140523,7
20140526,2
20140527,13
20140528,14
20140529,12
20140530,7
20140601,6
20140602,9
20140603,14
20140604,13
20140605,12
20140606,10
20140608,3
20140609,9
20140610,8
20140611,8
20140612,17
20140613,7
20140615,5
20140616,18
20140617,11
20140618,7
20140619,7
20140620,9
20140622,5
20140623,14
20140624,9
20140625,8
20140626,14
20140627,11
20140629,4
20140630,11
20140701,29
20140702,21
20140703,10
20140704,4
20140706,1
20140707,14
20140708,6
20140709,8
20140710,15
20140711,9
20140713,4
20140714,17
20140715,24
20140716,12
20140717,16
20140718,6
20140720,2
20140721,12
20140722,9
20140723,5
20140724,6
20140725,12
20140726,2
20140727,3
20140728,2
20140729,9
20140730,9
20140731,7
20140801,4
20140803,3
20140804,7
20140805,19
20140806,9
20140807,11
20140808,7
20140810,1
20140811,8
20140812,8
20140813,17
20140814,4
20140815,7
20140818,6
20140819,5
20140820,7
20140821,11
20140822,6
20140824,2
20140825,10
20140826,8
20140827,5
20140828,11
20140829,8
20140831,1
20140901,3
20140902,10
20140903,14
20140904,14
20140905,13
20140907,2
20140908,8
20140909,13
20140910,9
20140911,15
20140912,5
20140914,1
20140915,13
20140916,10
20140917,7
20140918,9
20140919,14
20140921,3
20140922,9
20140923,7
20140924,11
20140925,9
20140926,9
20140927,2
20140928,3
20140929,9
20140930,7
20141001,9
20141002,4
20141003,4
20141005,5
20141006,12
20141007,8
20141008,4
20141009,8
20141010,8
20141011,3
20141012,5
20141013,10
20141014,12
20141015,5
20141016,24
20141017,16
20141019,4
20141020,13
20141021,12
20141022,1
20141023,3
20141024,4
20141026,4
20141027,14
20141028,16
20141029,15
20141030,9
20141031,5
20141102,4
20141103,7
20141104,10
20141105,16
20141106,11
20141107,7
20141109,2
20141110,4
20141111,7
20141112,11
20141113,11
20141114,5
20141116,2
20141117,14
20141118,11
20141119,15
20141120,28
20141121,19
20141123,5
20141124,6
20141125,11
20141126,5
20141127,2
20141128,3
20141130,3
20141201,11
20141202,12
20141203,7
20141204,4
20141205,3
20141207,6
20141208,4
20141209,11
20141210,10
20141211,12
20141212,7
20141213,1
20141214,3
20141215,8
20141216,9
20141217,6
20141218,5
20141219,3
20141221,4
20141222,9
20141223,7
20141224,4
20141225,2
20141226,2
20141228,3
20141229,6
20141230,5
20141231,3
20150101,4
20150102,3
20150103,2
20150104,1
20150105,16
20150106,8
20150107,10
20150108,13
20150109,7
20150111,1
20150112,18
20150113,6
20150114,9
20150115,9
20150116,18
20150119,10
20150120,15
20150121,3
20150122,12
20150123,10
20150125,1
20150126,5
20150127,5
20150128,5
20150129,13
20150130,10
20150201,3
20150202,7
20150203,9
20150204,5
20150205,7
20150206,9
20150207,1
20150208,5
20150209,7
20150210,14
20150211,17
20150212,9
20150213,4
20150216,3
20150217,5
20150218,7
20150219,7
20150220,4
20150223,11
20150224,9
20150225,8
20150226,13
20150227,7
20150301,2
20150302,5
20150303,10
20150304,13
20150305,14
20150306,10
20150308,6
20150309,7
20150310,9
20150311,15
20150312,10
20150313,9
20150315,2
20150316,12
20150317,11
20150318,13
20150319,11
20150320,9
20150322,4
20150323,9
20150324,12
20150325,3
20150326,8
20150327,11
20150329,6
20150330,7
20150331,15
20150401,11
20150402,6
20150403,1
20150405,1
20150406,9
20150407,10
20150408,8
20150409,8
20150410,9
20150412,3
20150413,9
20150414,17
20150415,7
20150416,21
20150417,8
20150419,8
20150420,16
20150421,12
20150422,11
20150423,13
20150424,8
20150426,2
20150427,7
20150428,8
20150429,10
20150430,16
