20050102,5
20050103,38
20050104,30
20050105,32
20050106,30
20050107,25
20050108,1
20050109,3
20050110,30
20050111,37
20050112,36
20050113,40
20050114,29
20050116,3
20050117,30
20050118,28
20050119,37
20050120,30
20050121,39
20050123,4
20050124,35
20050125,28
20050126,47
20050127,44
20050128,45
20050130,3
20050131,38
20050201,26
20050202,44
20050203,36
20050204,45
20050206,4
20050207,26
20050208,44
20050209,40
20050210,30
20050211,39
20050212,1
20050213,4
20050214,40
20050215,31
20050216,42
20050217,37
20050218,39
20050220,3
20050221,14
20050222,38
20050223,52
20050224,38
20050225,39
20050227,2
20050228,41
20050301,36
20050302,44
20050303,40
20050304,46
20050306,5
20050307,38
20050308,31
20050309,30
20050310,37
20050311,33
20050312,1
20050313,4
20050314,30
20050315,38
20050316,29
20050317,37
20050318,35
20050320,1
20050321,26
20050322,34
20050323,33
20050324,31
20050325,22
20050327,4
20050328,22
20050329,28
20050330,30
20050331,32
20050401,33
20050403,5
20050404,34
20050405,24
20050406,27
20050407,37
20050408,33
20050409,1
20050410,4
20050411,28
20050412,28
20050413,45
20050414,28
20050415,36
20050416,1
20050417,3
20050418,48
20050419,41
20050420,45
20050421,45
20050422,44
20050424,2
20050425,33
20050426,37
20050427,47
20050428,35
20050429,46
20050430,1
20050501,7
20050502,41
20050503,27
20050504,46
20050505,37
20050506,41
20050508,3
20050509,26
20050510,29
20050511,34
20050512,29
20050513,32
20050514,1
20050515,3
20050516,60
20050517,36
20050518,37
20050519,31
20050520,29
20050521,1
20050522,3
20050523,50
20050524,32
20050525,44
20050526,28
20050527,28
20050529,5
20050530,14
20050531,34
20050601,33
20050602,31
20050603,39
20050604,1
20050605,3
20050606,20
20050607,21
20050608,32
20050609,41
20050610,34
20050611,1
20050612,1
20050613,32
20050614,30
20050615,41
20050616,37
20050617,37
20050619,5
20050620,27
20050621,30
20050622,32
20050623,39
20050624,37
20050626,4
20050627,30
20050628,32
20050629,34
20050630,44
20050701,31
20050702,1
20050703,7
20050704,6
20050705,40
20050706,29
20050707,36
20050708,34
20050710,4
20050711,22
20050712,27
20050713,41
20050714,38
20050715,25
20050717,6
20050718,28
20050719,37
20050720,44
20050721,40
20050722,36
20050723,1
20050724,5
20050725,24
20050726,29
20050727,50
20050728,52
20050729,39
20050731,4
20050801,37
20050802,40
20050803,38
20050804,35
20050805,42
20050807,5
20050808,19
20050809,37
20050810,35
20050811,33
20050812,38
20050814,2
20050815,32
20050816,27
20050817,42
20050818,26
20050819,37
20050820,1
20050821,1
20050822,13
20050823,29
20050824,35
20050825,37
20050826,37
20050828,3
20050829,26
20050830,31
20050831,31
20050901,43
20050902,34
20050903,3
20050904,5
20050905,10
20050906,32
20050907,34
20050908,45
20050909,36
20050910,1
20050911,4
20050912,29
20050913,41
20050914,33
20050915,29
20050916,34
20050917,15
20050918,3
20050919,28
20050920,35
20050921,40
20050922,29
20050923,31
20050924,7
20050925,6
20050926,31
20050927,42
20050928,29
20050929,36
20050930,29
20051001,7
20051002,3
20051003,33
20051004,29
20051005,32
20051006,39
20051007,21
20051008,14
20051009,2
20051010,26
20051011,34
20051012,35
20051013,19
20051014,25
20051015,14
20051016,4
20051017,29
20051018,30
20051019,39
20051020,39
20051021,39
20051022,12
20051023,3
20051024,37
20051025,29
20051026,40
20051027,40
20051028,31
20051029,10
20051030,3
20051031,36
20051101,49
20051102,45
20051103,43
20051104,42
20051105,16
20051106,2
20051107,28
20051108,38
20051109,41
20051110,34
20051111,46
20051112,13
20051113,5
20051114,22
20051115,32
20051116,45
20051117,41
20051118,36
20051119,16
20051120,2
20051121,36
20051122,35
20051123,38
20051124,11
20051125,20
20051126,13
20051127,2
20051128,22
20051129,34
20051130,39
20051201,42
20051202,38
20051203,10
20051204,2
20051205,30
20051206,42
20051207,45
20051208,35
20051209,32
20051210,19
20051211,4
20051212,29
20051213,29
20051214,42
20051215,30
20051216,27
20051217,13
20051218,6
20051219,31
20051220,22
20051221,27
20051222,30
20051223,20
20051224,10
20051225,2
20051226,1
20051227,20
20051228,26
20051229,23
20051230,20
20051231,13
20060101,1
20060102,1
20060103,36
20060104,39
20060105,34
20060106,32
20060107,16
20060108,4
20060109,28
20060110,40
20060111,43
20060112,38
20060113,29
20060114,18
20060115,3
20060116,17
20060117,24
20060118,42
20060119,37
20060120,47
20060121,15
20060122,5
20060123,28
20060124,35
20060125,50
20060126,37
20060127,44
20060128,18
20060129,7
20060130,18
20060131,33
20060201,46
20060202,39
20060203,39
20060204,18
20060205,3
20060206,27
20060207,37
20060208,42
20060209,30
20060210,32
20060211,16
20060212,1
20060213,32
20060214,29
20060215,50
20060216,43
20060217,39
20060218,13
20060219,5
20060220,14
20060221,38
20060222,39
20060223,40
20060224,36
20060225,13
20060226,3
20060227,32
20060228,43
20060301,47
20060302,35
20060303,32
20060304,20
20060305,6
20060306,22
20060307,35
20060308,37
20060309,33
20060310,39
20060311,20
20060312,4
20060313,31
20060314,33
20060315,36
20060316,43
20060317,40
20060318,12
20060319,4
20060320,34
20060321,31
20060322,43
20060323,32
20060324,34
20060325,6
20060326,3
20060327,26
20060328,26
20060329,33
20060330,32
20060331,36
20060401,12
20060402,3
20060403,38
20060404,32
20060405,33
20060406,27
20060407,41
20060408,14
20060409,3
20060410,35
20060411,28
20060412,30
20060413,39
20060414,27
20060415,17
20060416,2
20060417,23
20060418,37
20060419,39
20060420,54
20060421,44
20060422,15
20060423,5
20060424,27
20060425,33
20060426,53
20060427,48
20060428,47
20060429,19
20060430,4
20060501,26
20060502,27
20060503,43
20060504,32
20060505,51
20060506,13
20060507,3
20060508,28
20060509,44
20060510,52
20060511,44
20060512,36
20060513,14
20060514,5
20060515,26
20060516,39
20060517,40
20060518,35
20060519,41
20060520,12
20060521,3
20060522,48
20060523,38
20060524,37
20060525,31
20060526,28
20060527,5
20060528,4
20060529,6
20060530,32
20060531,40
20060601,41
20060602,32
20060603,10
20060604,2
20060605,31
20060606,33
20060607,35
20060608,37
20060609,40
20060610,12
20060611,3
20060612,22
20060613,35
20060614,35
20060615,41
20060616,35
20060617,9
20060618,1
20060619,31
20060620,31
20060621,35
20060622,28
20060623,36
20060624,7
20060625,4
20060626,32
20060627,38
20060628,40
20060629,30
20060630,30
20060701,11
20060702,3
20060703,29
20060704,9
20060705,35
20060706,31
20060707,35
20060708,18
20060709,5
20060710,38
20060711,39
20060712,37
20060713,40
20060714,38
20060715,15
20060716,2
20060717,25
20060718,30
20060719,46
20060720,50
20060721,48
20060722,12
20060723,4
20060724,30
20060725,42
20060726,39
20060727,49
20060728,44
20060729,19
20060730,1
20060731,30
20060801,43
20060802,46
20060803,44
20060804,35
20060805,21
20060806,4
20060807,34
20060808,28
20060809,45
20060810,32
20060811,34
20060812,18
20060813,1
20060814,23
20060815,34
20060816,26
20060817,30
20060818,33
20060819,13
20060820,3
20060821,24
20060822,29
20060823,37
20060824,32
20060825,26
20060826,11
20060827,2
20060828,29
20060829,23
20060830,44
20060831,43
20060901,44
20060902,13
20060903,5
20060904,9
20060905,35
20060906,34
20060907,35
20060908,38
20060909,11
20060910,3
20060911,32
20060912,38
20060913,38
20060914,34
20060915,37
20060916,17
20060917,2
20060918,28
20060919,33
20060920,45
20060921,33
20060922,26
20060923,15
20060924,2
20060925,28
20060926,29
20060927,36
20060928,30
20060929,30
20060930,13
20061001,2
20061002,35
20061003,41
20061004,32
20061005,34
20061006,32
20061007,16
20061008,2
20061009,23
20061010,23
20061011,34
20061012,34
20061013,36
20061014,13
20061015,3
20061016,41
20061017,32
20061018,52
20061019,36
20061020,42
20061021,18
20061022,3
20061023,31
20061024,38
20061025,54
20061026,59
20061027,52
20061028,12
20061029,1
20061030,34
20061031,30
20061101,42
20061102,37
20061103,41
20061104,21
20061105,1
20061106,33
20061107,23
20061108,40
20061109,42
20061110,33
20061111,7
20061112,2
20061113,27
20061114,25
20061115,28
20061116,40
20061117,36
20061118,18
20061119,2
20061120,33
20061121,27
20061122,46
20061123,11
20061124,25
20061125,12
20061126,5
20061127,28
20061128,35
20061129,40
20061130,30
20061201,33
20061202,11
20061203,4
20061204,41
20061205,29
20061206,41
20061207,34
20061208,32
20061209,13
20061210,3
20061211,22
20061212,32
20061213,34
20061214,27
20061215,46
20061216,14
20061217,5
20061218,29
20061219,35
20061220,40
20061221,26
20061222,38
20061223,18
20061224,4
20061225,1
20061226,22
20061227,28
20061228,27
20061229,24
20061230,13
20061231,4
20070101,2
20070102,32
20070103,41
20070104,43
20070105,42
20070106,18
20070107,1
20070108,24
20070109,36
20070110,51
20070111,38
20070112,31
20070113,13
20070114,3
20070115,7
20070116,41
20070117,32
20070118,41
20070119,42
20070120,19
20070121,5
20070122,42
20070123,38
20070124,50
20070125,56
20070126,53
20070127,12
20070128,2
20070129,35
20070130,30
20070131,52
20070201,49
20070202,45
20070203,22
20070205,28
20070206,36
20070207,48
20070208,46
20070209,39
20070210,15
20070211,4
20070212,39
20070213,35
20070214,48
20070215,43
20070216,50
20070217,13
20070218,2
20070219,4
20070220,31
20070221,45
20070222,32
20070223,33
20070224,14
20070225,3
20070226,37
20070227,32
20070228,51
20070301,51
20070302,29
20070303,20
20070304,4
20070305,37
20070306,36
20070307,38
20070308,40
20070309,34
20070310,9
20070311,5
20070312,33
20070313,37
20070314,41
20070315,38
20070316,28
20070317,15
20070318,2
20070319,24
20070320,26
20070321,38
20070322,40
20070323,32
20070324,10
20070325,3
20070326,23
20070327,31
20070328,43
20070329,35
20070330,30
20070331,17
20070401,2
20070402,34
20070403,39
20070404,35
20070405,37
20070406,18
20070407,11
20070408,3
20070409,22
20070410,28
20070411,38
20070412,45
20070413,39
20070414,19
20070415,1
20070416,33
20070417,34
20070418,47
20070419,42
20070420,51
20070421,17
20070422,3
20070423,43
20070424,49
20070425,62
20070426,53
20070427,42
20070428,23
20070429,3
20070430,39
20070501,34
20070502,37
20070503,42
20070504,39
20070505,23
20070506,2
20070507,31
20070508,38
20070509,57
20070510,50
20070511,34
20070512,14
20070513,2
20070514,27
20070515,43
20070516,51
20070517,40
20070518,36
20070519,14
20070520,1
20070521,53
20070522,38
20070523,39
20070524,35
20070525,34
20070526,9
20070527,2
20070528,5
20070529,34
20070530,37
20070531,44
20070601,42
20070602,23
20070603,4
20070604,37
20070605,41
20070606,44
20070607,30
20070608,37
20070609,12
20070610,4
20070611,41
20070612,33
20070613,44
20070614,30
20070615,29
20070616,17
20070617,4
20070618,30
20070619,27
20070620,47
20070621,29
20070622,29
20070623,9
20070624,1
20070625,27
20070626,35
20070627,39
20070628,39
20070629,32
20070630,13
20070701,4
20070702,31
20070703,35
20070704,15
20070705,22
20070706,33
20070707,12
20070708,6
20070709,30
20070710,33
20070711,39
20070712,42
20070713,43
20070714,13
20070715,2
20070716,29
20070717,37
20070718,57
20070719,43
20070720,50
20070721,16
20070722,2
20070723,28
20070724,27
20070725,48
20070726,52
20070727,38
20070728,17
20070729,6
20070730,41
20070731,40
20070801,50
20070802,45
20070803,45
20070804,14
20070805,4
20070806,39
20070807,38
20070808,33
20070809,50
20070810,43
20070811,12
20070812,3
20070813,36
20070814,26
20070815,40
20070816,36
20070817,38
20070818,12
20070819,2
20070820,38
20070821,24
20070822,34
20070823,30
20070824,30
20070825,11
20070826,5
20070827,30
20070828,30
20070829,43
20070830,46
20070831,44
20070901,17
20070902,4
20070903,12
20070904,40
20070905,50
20070906,40
20070907,41
20070908,11
20070909,3
20070910,36
20070911,38
20070912,42
20070913,36
20070914,32
20070915,21
20070916,3
20070917,35
20070918,25
20070919,44
20070920,44
20070921,31
20070922,10
20070923,8
20070924,35
20070925,32
20070926,29
20070927,38
20070928,30
20070929,12
20070930,5
20071001,42
20071002,43
20071003,37
20071004,41
20071005,38
20071006,9
20071007,3
20071008,32
20071009,41
20071010,47
20071011,47
20071012,32
20071013,13
20071014,1
20071015,34
20071016,49
20071017,52
20071018,40
20071019,53
20071020,14
20071021,4
20071022,39
20071023,43
20071024,43
20071025,49
20071026,43
20071027,13
20071028,1
20071029,46
20071030,37
20071031,50
20071101,57
20071102,35
20071103,10
20071104,4
20071105,45
20071106,29
20071107,49
20071108,57
20071109,55
20071110,9
20071111,2
20071112,37
20071113,54
20071114,52
20071115,51
20071116,37
20071117,16
20071118,2
20071119,39
20071120,37
20071121,50
20071122,12
20071123,32
20071124,8
20071125,5
20071126,36
20071127,39
20071128,47
20071129,40
20071130,47
20071201,16
20071202,3
20071203,45
20071204,39
20071205,64
20071206,53
20071207,40
20071208,13
20071209,5
20071210,42
20071211,40
20071212,40
20071213,47
20071214,45
20071215,14
20071216,2
20071217,34
20071218,48
20071219,34
20071220,36
20071221,42
20071222,12
20071223,3
20071224,30
20071225,3
20071226,30
20071227,33
20071228,31
20071229,8
20071230,2
20071231,25
20080102,54
20080103,65
20080104,49
20080105,13
20080106,3
20080107,41
20080108,42
20080109,43
20080110,40
20080111,49
20080112,22
20080113,7
20080114,35
20080115,43
20080116,53
20080117,63
20080118,61
20080119,17
20080120,2
20080121,17
20080122,62
20080123,64
20080124,65
20080125,50
20080126,15
20080127,4
20080128,50
20080129,47
20080130,57
20080131,66
20080201,64
20080202,19
20080203,2
20080204,43
20080205,46
20080206,53
20080207,51
20080208,48
20080209,8
20080210,4
20080211,48
20080212,41
20080213,57
20080214,58
20080215,45
20080216,14
20080217,1
20080218,10
20080219,37
20080220,43
20080221,36
20080222,42
20080223,16
20080224,3
20080225,38
20080226,49
20080227,62
20080228,54
20080229,47
20080301,9
20080302,2
20080303,43
20080304,39
20080305,50
20080306,51
20080307,49
20080308,8
20080309,4
20080310,42
20080311,41
20080312,42
20080313,51
20080314,26
20080315,13
20080316,3
20080317,33
20080318,35
20080319,39
20080320,38
20080321,22
20080322,12
20080323,4
20080324,29
20080325,30
20080326,37
20080327,32
20080328,43
20080329,10
20080330,3
20080331,34
20080401,38
20080402,41
20080403,45
20080404,41
20080405,13
20080406,6
20080407,24
20080408,31
20080409,35
20080410,50
20080411,49
20080412,19
20080413,4
20080414,37
20080415,35
20080416,49
20080417,56
20080418,47
20080419,14
20080420,4
20080421,52
20080422,50
20080423,48
20080424,58
20080425,50
20080426,20
20080427,2
20080428,42
20080429,31
20080430,50
20080501,61
20080502,56
20080503,14
20080504,1
20080505,32
20080506,38
20080507,55
20080508,52
20080509,49
20080510,11
20080511,1
20080512,29
20080513,42
20080514,48
20080515,41
20080516,42
20080517,20
20080518,3
20080519,44
20080520,39
20080521,46
20080522,33
20080523,33
20080524,8
20080525,6
20080526,6
20080527,32
20080528,46
20080529,42
20080530,44
20080531,16
20080601,1
20080602,45
20080603,37
20080604,48
20080605,44
20080606,40
20080607,9
20080608,3
20080609,31
20080610,40
20080611,63
20080612,46
20080613,34
20080614,14
20080615,5
20080616,32
20080617,33
20080618,41
20080619,41
20080620,39
20080621,8
20080622,3
20080623,28
20080624,24
20080625,50
20080626,49
20080627,31
20080628,6
20080629,2
20080630,32
20080701,39
20080702,45
20080703,46
20080704,6
20080705,8
20080706,3
20080707,44
20080708,43
20080709,44
20080710,51
20080711,47
20080712,17
20080713,3
20080714,34
20080715,36
20080716,45
20080717,57
20080718,49
20080719,11
20080720,3
20080721,33
20080722,44
20080723,51
20080724,51
20080725,49
20080726,6
20080727,4
20080728,45
20080729,36
20080730,47
20080731,56
20080801,63
20080802,19
20080803,1
20080804,35
20080805,46
20080806,54
20080807,49
20080808,41
20080809,10
20080810,5
20080811,33
20080812,34
20080813,41
20080814,44
20080815,45
20080816,12
20080817,3
20080818,30
20080819,34
20080820,52
20080821,39
20080822,36
20080823,17
20080824,4
20080825,27
20080826,36
20080827,47
20080828,42
20080829,45
20080830,16
20080831,4
20080901,16
20080902,46
20080903,47
20080904,47
20080905,38
20080906,13
20080907,2
20080908,25
20080909,45
20080910,40
20080911,39
20080912,39
20080913,8
20080914,4
20080915,28
20080916,32
20080917,41
20080918,35
20080919,36
20080920,11
20080921,2
20080922,25
20080923,28
20080924,31
20080925,25
20080926,31
20080927,12
20080928,4
20080929,34
20080930,36
20081001,41
20081002,38
20081003,46
20081004,10
20081005,2
20081006,32
20081007,48
20081008,41
20081009,37
20081010,41
20081011,16
20081013,32
20081014,39
20081015,47
20081016,34
20081017,28
20081018,15
20081019,1
20081020,31
20081021,50
20081022,49
20081023,53
20081024,47
20081025,14
20081026,3
20081027,32
20081028,51
20081029,37
20081030,58
20081031,50
20081101,16
20081102,2
20081103,41
20081104,37
20081105,31
20081106,40
20081107,34
20081108,16
20081109,2
20081110,31
20081111,37
20081112,44
20081113,51
20081114,43
20081115,11
20081116,2
20081117,33
20081118,34
20081119,37
20081120,33
20081121,24
20081122,13
20081123,1
20081124,22
20081125,36
20081126,46
20081127,16
20081128,29
20081129,13
20081130,4
20081201,39
20081202,37
20081203,35
20081204,36
20081205,24
20081206,11
20081207,3
20081208,24
20081209,24
20081210,27
20081211,34
20081212,30
20081213,11
20081214,2
20081215,30
20081216,40
20081217,43
20081218,35
20081219,31
20081220,14
20081221,3
20081222,22
20081223,28
20081224,24
20081225,1
20081226,14
20081227,11
20081228,1
20081229,14
20081230,18
20081231,23
20090102,31
20090103,5
20090104,2
20090105,24
20090106,30
20090107,43
20090108,27
20090109,24
20090110,6
20090111,2
20090112,22
20090113,40
20090114,48
20090115,29
20090116,31
20090117,7
20090119,6
20090120,38
20090121,38
20090122,40
20090123,28
20090124,13
20090126,26
20090127,35
20090128,40
20090129,36
20090130,37
20090131,11
20090201,3
20090202,31
20090203,34
20090204,35
20090205,42
20090206,38
20090207,9
20090208,3
20090209,40
20090210,39
20090211,37
20090212,43
20090213,34
20090214,9
20090215,2
20090216,13
20090217,33
20090218,30
20090219,28
20090220,28
20090221,9
20090222,4
20090223,37
20090224,31
20090225,25
20090226,39
20090227,41
20090228,9
20090301,3
20090302,36
20090303,32
20090304,34
20090305,38
20090306,27
20090307,7
20090308,5
20090309,39
20090310,27
20090311,33
20090312,31
20090313,42
20090314,14
20090315,2
20090316,28
20090317,29
20090318,32
20090319,45
20090320,35
20090321,13
20090322,2
20090323,32
20090324,29
20090325,32
20090326,28
20090327,31
20090328,8
20090329,2
20090330,30
20090331,35
20090401,30
20090402,34
20090403,28
20090404,8
20090405,1
20090406,28
20090407,35
20090408,42
20090409,42
20090410,18
20090411,9
20090412,1
20090413,29
20090414,22
20090415,47
20090416,45
20090417,36
20090418,11
20090419,4
20090420,41
20090421,34
20090422,46
20090423,55
20090424,48
20090425,12
20090426,4
20090427,26
20090428,38
20090429,45
20090430,36
20090501,24
20090502,16
20090503,5
20090504,25
20090505,34
20090506,35
20090507,44
20090508,36
20090509,12
20090510,2
20090511,59
20090512,41
20090513,44
20090514,55
20090515,33
20090516,8
20090517,4
20090518,32
20090519,37
20090520,34
20090521,26
20090522,32
20090523,10
20090524,2
20090525,15
20090526,43
20090527,38
20090528,42
20090529,26
20090530,14
20090531,3
20090601,28
20090602,35
20090603,29
20090604,35
20090605,33
20090606,7
20090607,2
20090608,20
20090609,39
20090610,30
20090611,38
20090612,46
20090613,9
20090614,2
20090615,33
20090616,26
20090617,32
20090618,23
20090619,41
20090620,16
20090621,3
20090622,24
20090623,26
20090624,38
20090625,37
20090626,33
20090627,13
20090628,4
20090629,21
20090630,31
20090701,35
20090702,28
20090703,20
20090704,1
20090705,2
20090706,32
20090707,32
20090708,36
20090709,34
20090710,30
20090711,13
20090712,5
20090713,28
20090714,27
20090715,38
20090716,46
20090717,41
20090718,8
20090719,4
20090720,29
20090721,31
20090722,44
20090723,37
20090724,38
20090725,11
20090726,9
20090727,36
20090728,40
20090729,44
20090730,34
20090731,27
20090801,13
20090802,5
20090803,35
20090804,35
20090805,38
20090806,39
20090807,41
20090808,9
20090809,3
20090810,24
20090811,30
20090812,36
20090813,52
20090814,36
20090815,13
20090816,3
20090817,34
20090818,39
20090819,38
20090820,43
20090821,36
20090822,12
20090823,4
20090824,27
20090825,40
20090826,33
20090827,25
20090828,40
20090829,9
20090830,6
20090831,33
20090901,36
20090902,47
20090903,37
20090904,38
20090905,11
20090906,4
20090907,20
20090908,33
20090909,43
20090910,27
20090911,39
20090912,10
20090913,5
20090914,29
20090915,26
20090916,37
20090917,33
20090918,26
20090919,10
20090920,2
20090921,29
20090922,39
20090923,37
20090924,35
20090925,42
20090926,11
20090927,3
20090928,40
20090929,41
20090930,47
20091001,41
20091002,34
20091003,8
20091004,10
20091005,41
20091006,39
20091007,54
20091008,36
20091009,30
20091010,7
20091011,11
20091012,45
20091013,40
20091014,45
20091015,46
20091016,42
20091017,8
20091018,6
20091019,45
20091020,41
20091021,50
20091022,56
20091023,52
20091024,10
20091025,5
20091026,48
20091027,39
20091028,49
20091029,60
20091030,64
20091031,5
20091101,6
20091102,36
20091103,57
20091104,53
20091105,65
20091106,39
20091107,11
20091108,5
20091109,49
20091110,46
20091111,55
20091112,51
20091113,47
20091114,13
20091115,8
20091116,40
20091117,50
20091118,50
20091119,55
20091120,38
20091121,9
20091122,6
20091123,47
20091124,47
20091125,48
20091126,31
20091127,35
20091128,5
20091129,9
20091130,44
20091201,45
20091202,58
20091203,49
20091204,52
20091205,9
20091206,13
20091207,38
20091208,52
20091209,47
20091210,46
20091211,42
20091212,11
20091213,8
20091214,45
20091215,46
20091216,61
20091217,43
20091218,34
20091219,7
20091220,6
20091221,50
20091222,41
20091223,36
20091224,27
20091225,2
20091226,8
20091227,3
20091228,21
20091229,31
20091230,30
20091231,21
20100101,4
20100102,7
20100103,13
20100104,44
20100105,43
20100106,40
20100107,61
20100108,49
20100109,9
20100110,7
20100111,32
20100112,51
20100113,50
20100114,49
20100115,39
20100116,6
20100117,9
20100118,25
20100119,56
20100120,76
20100121,70
20100122,53
20100123,15
20100124,10
20100125,58
20100126,63
20100127,75
20100128,51
20100129,59
20100130,27
20100131,18
20100201,68
20100202,53
20100203,76
20100204,43
20100205,65
20100206,13
20100207,14
20100208,48
20100209,48
20100210,66
20100211,65
20100212,53
20100213,14
20100214,5
20100215,21
20100216,47
20100217,62
20100218,64
20100219,32
20100220,9
20100221,15
20100222,40
20100223,53
20100224,68
20100225,69
20100226,42
20100227,18
20100228,13
20100301,67
20100302,68
20100303,52
20100304,69
20100305,54
20100306,6
20100307,7
20100308,57
20100309,52
20100310,61
20100311,60
20100312,42
20100313,11
20100314,9
20100315,59
20100316,44
20100317,59
20100318,55
20100319,49
20100320,12
20100321,10
20100322,35
20100323,42
20100324,49
20100325,51
20100326,37
20100327,8
20100328,14
20100329,37
20100330,44
20100331,36
20100401,56
20100402,22
20100403,13
20100404,3
20100405,24
20100406,34
20100407,44
20100408,38
20100409,33
20100410,12
20100411,9
20100412,37
20100413,39
20100414,38
20100415,47
20100416,23
20100417,12
20100418,12
20100419,41
20100420,44
20100421,46
20100422,51
20100423,37
20100424,23
20100425,10
20100426,38
20100427,51
20100428,52
20100429,67
20100430,57
20100501,21
20100502,13
20100503,35
20100504,47
20100505,51
20100506,57
20100507,36
20100508,28
20100509,9
20100510,51
20100511,45
20100512,48
20100513,46
20100514,51
20100515,22
20100516,12
20100517,43
20100518,38
20100519,44
20100520,46
20100521,38
20100522,27
20100523,12
20100524,48
20100525,59
20100526,48
20100527,44
20100528,40
20100529,18
20100530,5
20100531,22
20100601,42
20100602,43
20100603,40
20100604,52
20100605,15
20100606,9
20100607,42
20100608,61
20100609,75
20100610,71
20100611,54
20100612,15
20100613,11
20100614,57
20100615,53
20100616,63
20100617,52
20100618,50
20100619,16
20100620,22
20100621,62
20100622,54
20100623,63
20100624,70
20100625,64
20100626,35
20100627,12
20100628,47
20100629,79
20100630,74
20100701,68
20100702,54
20100703,16
20100704,6
20100705,31
20100706,69
20100707,43
20100708,52
20100709,52
20100710,20
20100711,12
20100712,68
20100713,71
20100714,75
20100715,76
20100716,47
20100717,23
20100718,14
20100719,42
20100720,58
20100721,70
20100722,83
20100723,73
20100724,22
20100725,8
20100726,47
20100727,69
20100728,85
20100729,86
20100730,80
20100731,28
20100801,9
20100802,66
20100803,74
20100804,64
20100805,64
20100806,59
20100807,24
20100808,9
20100809,60
20100810,80
20100811,69
20100812,80
20100813,64
20100814,21
20100815,10
20100816,48
20100817,65
20100818,58
20100819,69
20100820,57
20100821,21
20100822,11
20100823,51
20100824,54
20100825,66
20100826,60
20100827,65
20100828,25
20100829,14
20100830,55
20100831,76
20100901,76
20100902,62
20100903,48
20100904,22
20100905,7
20100906,30
20100907,57
20100908,56
20100909,69
20100910,62
20100911,19
20100912,11
20100913,67
20100914,57
20100915,63
20100916,62
20100917,48
20100918,20
20100919,4
20100920,53
20100921,65
20100922,60
20100923,67
20100924,49
20100925,24
20100926,11
20100927,62
20100928,62
20100929,68
20100930,63
20101001,76
20101002,22
20101003,14
20101004,59
20101005,62
20101006,68
20101007,64
20101008,65
20101009,19
20101010,8
20101011,49
20101012,61
20101013,61
20101014,52
20101015,69
20101016,20
20101017,18
20101018,61
20101019,78
20101020,74
20101021,106
20101022,77
20101023,21
20101024,10
20101025,42
20101026,76
20101027,84
20101028,90
20101029,85
20101030,18
20101031,14
20101101,56
20101102,72
20101103,90
20101104,76
20101105,67
20101106,28
20101107,24
20101108,70
20101109,61
20101110,79
20101111,81
20101112,73
20101113,26
20101114,18
20101115,77
20101116,100
20101117,60
20101118,73
20101119,55
20101120,19
20101121,12
20101122,63
20101123,57
20101124,63
20101125,33
20101126,48
20101127,26
20101128,13
20101129,63
20101130,63
20101201,70
20101202,76
20101203,57
20101204,20
20101205,11
20101206,66
20101207,66
20101208,91
20101209,70
20101210,49
20101211,19
20101212,15
20101213,59
20101214,80
20101215,60
20101216,59
20101217,63
20101218,25
20101219,10
20101220,55
20101221,48
20101222,60
20101223,41
20101224,21
20101225,1
20101226,8
20101227,32
20101228,28
20101229,44
20101230,45
20101231,33
20110101,3
20110102,14
20110103,62
20110104,69
20110105,75
20110106,73
20110107,56
20110108,30
20110109,9
20110110,73
20110111,59
20110112,84
20110113,65
20110114,61
20110115,23
20110116,4
20110117,35
20110118,82
20110119,94
20110120,92
20110121,72
20110122,26
20110123,11
20110124,63
20110125,93
20110126,118
20110127,106
20110128,80
20110129,19
20110130,6
20110131,74
20110201,64
20110202,77
20110203,77
20110204,62
20110205,23
20110206,7
20110207,63
20110208,68
20110209,74
20110210,91
20110211,61
20110212,17
20110213,9
20110214,72
20110215,73
20110216,71
20110217,63
20110218,55
20110219,26
20110220,9
20110221,30
20110222,75
20110223,76
20110224,78
20110225,79
20110226,29
20110227,15
20110228,92
20110301,90
20110302,85
20110303,72
20110304,70
20110305,19
20110306,8
20110307,62
20110308,63
20110309,69
20110310,86
20110311,65
20110312,18
20110313,8
20110314,60
20110315,53
20110316,71
20110317,64
20110318,55
20110319,19
20110320,4
20110321,59
20110322,53
20110323,71
20110324,60
20110325,65
20110326,19
20110327,13
20110328,56
20110329,76
20110330,77
20110331,78
20110401,76
20110402,14
20110403,7
20110404,53
20110405,66
20110406,61
20110407,68
20110408,76
20110409,10
20110410,5
20110411,79
20110412,83
20110413,81
20110414,81
20110415,98
20110416,27
20110417,6
20110418,81
20110419,61
20110420,95
20110421,104
20110422,36
20110423,12
20110424,3
20110425,57
20110426,65
20110427,89
20110428,125
20110429,72
20110430,16
20110501,16
20110502,57
20110503,74
20110504,81
20110505,91
20110506,92
20110507,11
20110508,5
20110509,67
20110510,97
20110511,87
20110512,86
20110513,81
20110514,24
20110515,8
20110516,79
20110517,82
20110518,86
20110519,80
20110520,67
20110521,17
20110522,8
20110523,83
20110524,82
20110525,96
20110526,84
20110527,68
20110528,30
20110529,10
20110530,23
20110531,80
20110601,91
20110602,81
20110603,75
20110604,34
20110605,12
20110606,77
20110607,93
20110608,101
20110609,85
20110610,66
20110611,24
20110612,8
20110613,71
20110614,79
20110615,92
20110616,68
20110617,67
20110618,21
20110619,14
20110620,68
20110621,57
20110622,89
20110623,77
20110624,74
20110625,27
20110626,10
20110627,82
20110628,71
20110629,82
20110630,75
20110701,85
20110702,13
20110703,5
20110704,23
20110705,79
20110706,90
20110707,91
20110708,68
20110709,17
20110710,8
20110711,70
20110712,78
20110713,82
20110714,75
20110715,59
20110716,19
20110717,4
20110718,48
20110719,72
20110720,88
20110721,101
20110722,71
20110723,13
20110724,10
20110725,76
20110726,95
20110727,103
20110728,102
20110729,90
20110730,29
20110731,7
20110801,87
20110802,108
20110803,100
20110804,113
20110805,126
20110806,30
20110807,16
20110808,119
20110809,94
20110810,106
20110811,95
20110812,71
20110813,28
20110814,9
20110815,78
20110816,89
20110817,89
20110818,91
20110819,100
20110820,20
20110821,5
20110822,65
20110823,63
20110824,82
20110825,69
20110826,72
20110827,27
20110828,8
20110829,78
20110830,70
20110831,96
20110901,100
20110902,103
20110903,21
20110904,3
20110905,26
20110906,96
20110907,100
20110908,123
20110909,104
20110910,24
20110911,7
20110912,83
20110913,93
20110914,85
20110915,75
20110916,67
20110917,18
20110918,8
20110919,77
20110920,88
20110921,97
20110922,107
20110923,74
20110924,20
20110925,8
20110926,80
20110927,69
20110928,74
20110929,65
20110930,84
20111001,23
20111002,8
20111003,69
20111004,71
20111005,83
20111006,75
20111007,80
20111008,18
20111009,4
20111010,67
20111011,79
20111012,95
20111013,83
20111014,91
20111015,28
20111016,4
20111017,84
20111018,122
20111019,101
20111020,106
20111021,97
20111022,25
20111023,7
20111024,86
20111025,93
20111026,82
20111027,109
20111028,89
20111029,23
20111030,9
20111031,83
20111101,93
20111102,99
20111103,108
20111104,89
20111105,17
20111106,9
20111107,63
20111108,97
20111109,82
20111110,102
20111111,73
20111112,18
20111113,13
20111114,74
20111115,82
20111116,77
20111117,101
20111118,74
20111119,17
20111120,7
20111121,86
20111122,97
20111123,69
20111124,47
20111125,50
20111126,21
20111127,6
20111128,72
20111129,80
20111130,88
20111201,82
20111202,70
20111203,18
20111204,6
20111205,73
20111206,67
20111207,58
20111208,84
20111209,85
20111210,18
20111211,5
20111212,79
20111213,81
20111214,71
20111215,100
20111216,76
20111217,19
20111218,7
20111219,66
20111220,76
20111221,68
20111222,63
20111223,49
20111224,14
20111225,3
20111226,8
20111227,35
20111228,37
20111229,53
20111230,42
20111231,20
20120101,3
20120102,17
20120103,102
20120104,79
20120105,87
20120106,90
20120107,17
20120108,16
20120109,88
20120110,94
20120111,84
20120112,97
20120113,85
20120114,19
20120115,5
20120116,38
20120117,113
20120118,89
20120119,104
20120120,89
20120121,20
20120122,5
20120123,66
20120124,83
20120125,113
20120126,99
20120127,109
20120128,22
20120129,7
20120130,79
20120131,109
20120201,114
20120202,119
20120203,99
20120204,19
20120205,8
20120206,78
20120207,91
20120208,95
20120209,95
20120210,82
20120211,17
20120212,5
20120213,82
20120214,95
20120215,85
20120216,104
20120217,75
20120218,13
20120219,4
20120220,35
20120221,81
20120222,84
20120223,87
20120224,76
20120225,17
20120226,6
20120227,82
20120228,70
20120229,103
20120301,96
20120302,63
20120303,7
20120304,18
20120305,89
20120306,70
20120307,106
20120308,99
20120309,83
20120310,7
20120311,20
20120312,94
20120313,90
20120314,69
20120315,75
20120316,60
20120317,15
20120318,15
20120319,73
20120320,94
20120321,89
20120322,96
20120323,68
20120324,5
20120325,27
20120326,63
20120327,73
20120328,79
20120329,101
20120330,59
20120331,8
20120401,34
20120402,94
20120403,105
20120404,97
20120405,68
20120406,34
20120407,6
20120408,20
20120409,75
20120410,81
20120411,73
20120412,94
20120413,94
20120414,6
20120415,21
20120416,77
20120417,109
20120418,113
20120419,98
20120420,104
20120421,8
20120422,29
20120423,122
20120424,117
20120425,120
20120426,116
20120427,98
20120428,11
20120429,20
20120430,108
20120501,97
20120502,104
20120503,117
20120504,102
20120505,3
20120506,28
20120507,98
20120508,103
20120509,103
20120510,129
20120511,94
20120512,4
20120513,50
20120514,93
20120515,120
20120516,131
20120517,105
20120518,79
20120519,6
20120520,26
20120521,80
20120522,94
20120523,101
20120524,99
20120525,62
20120526,1
20120527,11
20120528,49
20120529,95
20120530,88
20120531,92
20120601,106
20120602,6
20120603,22
20120604,97
20120605,73
20120606,107
20120607,102
20120608,91
20120609,11
20120610,24
20120611,89
20120612,80
20120613,91
20120614,82
20120615,71
20120616,5
20120617,24
20120618,86
20120619,65
20120620,91
20120621,80
20120622,51
20120623,2
20120624,17
20120625,58
20120626,67
20120627,88
20120628,91
20120629,88
20120630,7
20120701,32
20120702,85
20120703,53
20120704,37
20120705,88
20120706,58
20120707,2
20120708,28
20120709,108
20120710,83
20120711,98
20120712,87
20120713,90
20120714,2
20120715,19
20120716,92
20120717,107
20120718,76
20120719,84
20120720,61
20120721,2
20120722,19
20120723,81
20120724,84
20120725,123
20120726,113
20120727,86
20120728,6
20120729,20
20120730,89
20120731,90
20120801,107
20120802,92
20120803,66
20120804,3
20120805,24
20120806,58
20120807,69
20120808,92
20120809,93
20120810,73
20120811,11
20120812,20
20120813,93
20120814,119
20120815,95
20120816,95
20120817,67
20120818,6
20120819,18
20120820,64
20120821,75
20120822,62
20120823,91
20120824,77
20120825,4
20120826,15
20120827,68
20120828,73
20120829,91
20120830,91
20120831,77
20120901,10
20120902,13
20120903,53
20120904,77
20120905,106
20120906,104
20120907,85
20120908,4
20120909,29
20120910,90
20120911,76
20120912,82
20120913,101
20120914,75
20120915,11
20120916,23
20120917,74
20120918,82
20120919,68
20120920,107
20120921,75
20120922,5
20120923,25
20120924,67
20120925,78
20120926,78
20120927,94
20120928,79
20120929,6
20120930,26
20121001,84
20121002,78
20121003,101
20121004,87
20121005,77
20121006,2
20121007,21
20121008,109
20121009,99
20121010,115
20121011,103
20121012,99
20121013,13
20121014,25
20121015,109
20121016,76
20121017,105
20121018,126
20121019,93
20121020,8
20121021,24
20121022,172
20121023,113
20121024,107
20121025,121
20121026,90
20121027,4
20121028,25
20121029,62
20121030,66
20121031,73
20121101,97
20121102,79
20121103,4
20121104,19
20121105,71
20121106,73
20121107,102
20121108,107
20121109,96
20121110,2
20121111,33
20121112,91
20121113,81
20121114,93
20121115,90
20121116,60
20121117,3
20121118,26
20121119,68
20121120,68
20121121,83
20121122,49
20121123,59
20121124,2
20121125,23
20121126,63
20121127,87
20121128,83
20121129,77
20121130,77
20121201,5
20121202,39
20121203,72
20121204,88
20121205,100
20121206,89
20121207,83
20121208,4
20121209,25
20121210,90
20121211,87
20121212,97
20121213,78
20121214,79
20121215,3
20121216,32
20121217,70
20121218,86
20121219,74
20121220,78
20121221,56
20121222,6
20121223,22
20121224,13
20121225,16
20121226,40
20121227,39
20121228,36
20121229,7
20121230,23
20121231,41
20130101,39
20130102,77
20130103,72
20130104,72
20130105,3
20130106,29
20130107,69
20130108,90
20130109,91
20130110,89
20130111,89
20130112,2
20130113,20
20130114,76
20130115,80
20130116,85
20130117,92
20130118,100
20130119,4
20130120,16
20130121,54
20130122,100
20130123,115
20130124,94
20130125,84
20130126,4
20130127,25
20130128,94
20130129,88
20130130,99
20130131,92
20130201,103
20130202,3
20130203,19
20130204,59
20130205,102
20130206,101
20130207,105
20130208,95
20130209,3
20130210,16
20130211,51
20130212,104
20130213,113
20130214,107
20130215,66
20130216,5
20130217,11
20130218,40
20130219,81
20130220,101
20130221,96
20130222,86
20130223,6
20130224,22
20130225,76
20130226,88
20130227,91
20130228,106
20130301,101
20130302,1
20130303,24
20130304,83
20130305,92
20130306,93
20130307,92
20130308,72
20130309,3
20130310,23
20130311,75
20130312,77
20130313,84
20130314,74
20130315,79
20130316,3
20130317,17
20130318,64
20130319,78
20130320,107
20130321,81
20130322,62
20130323,3
20130324,17
20130325,57
20130326,73
20130327,68
20130328,75
20130329,30
20130330,2
20130331,22
20130401,55
20130402,78
20130403,92
20130404,88
20130405,77
20130406,2
20130407,29
20130408,76
20130409,70
20130410,95
20130411,87
20130412,71
20130413,5
20130414,30
20130415,105
20130416,111
20130417,131
20130418,119
20130419,89
20130420,7
20130421,37
20130422,99
20130423,128
20130424,101
20130425,120
20130426,94
20130427,3
20130428,29
20130429,91
20130430,114
20130501,93
20130502,120
20130503,97
20130504,7
20130505,22
20130506,76
20130507,95
20130508,125
20130509,95
20130510,86
20130511,6
20130512,44
20130513,84
20130514,93
20130515,97
20130516,102
20130517,78
20130518,6
20130519,21
20130520,96
20130521,90
20130522,90
20130523,88
20130524,67
20130526,10
20130527,47
20130528,80
20130529,116
20130530,95
20130531,80
20130601,14
20130602,20
20130603,98
20130604,96
20130605,108
20130606,84
20130607,97
20130608,5
20130609,20
20130610,87
20130611,80
20130612,97
20130613,94
20130614,87
20130615,2
20130616,19
20130617,79
20130618,12
20130619,108
20130620,115
20130621,90
20130622,5
20130623,30
20130624,84
20130625,96
20130626,85
20130627,94
20130628,81
20130629,4
20130630,23
20130701,75
20130702,77
20130703,68
20130704,57
20130705,59
20130706,5
20130707,37
20130708,77
20130709,72
20130710,87
20130711,89
20130712,83
20130713,3
20130714,21
20130715,111
20130716,112
20130717,108
20130718,115
20130719,73
20130720,6
20130721,38
20130722,109
20130723,107
20130724,116
20130725,125
20130726,80
20130727,6
20130728,27
20130729,90
20130730,91
20130731,131
20130801,117
20130802,95
20130803,7
20130804,32
20130805,86
20130806,104
20130807,98
20130808,105
20130809,90
20130810,9
20130811,22
20130812,80
20130813,85
20130814,101
20130815,79
20130816,73
20130817,3
20130818,24
20130819,77
20130820,101
20130821,84
20130822,80
20130823,64
20130824,3
20130825,17
20130826,70
20130827,71
20130828,68
20130829,91
20130830,72
20130831,5
20130901,9
20130902,55
20130903,83
20130904,94
20130905,96
20130906,81
20130907,9
20130908,34
20130909,66
20130910,74
20130911,72
20130912,77
20130913,58
20130914,8
20130915,23
20130916,93
20130917,86
20130918,106
20130919,89
20130920,72
20130921,6
20130922,21
20130923,73
20130924,69
20130925,74
20130926,108
20130927,62
20130928,4
20130929,24
20130930,92
20131001,96
20131002,79
20131003,74
20131004,77
20131005,3
20131006,31
20131007,74
20131008,110
20131009,103
20131010,82
20131011,65
20131012,6
20131013,24
20131014,81
20131015,81
20131016,83
20131017,107
20131018,99
20131019,8
20131020,28
20131021,85
20131022,91
20131023,86
20131024,115
20131025,92
20131026,5
20131027,26
20131028,67
20131029,103
20131030,105
20131031,116
20131101,75
20131102,3
20131103,30
20131104,80
20131105,108
20131106,106
20131107,118
20131108,84
20131109,6
20131110,39
20131111,91
20131112,87
20131113,102
20131114,110
20131115,67
20131116,3
20131117,27
20131118,89
20131119,108
20131120,81
20131121,99
20131122,67
20131123,7
20131124,32
20131125,69
20131126,77
20131127,62
20131128,52
20131129,65
20131130,5
20131201,23
20131202,76
20131203,77
20131204,103
20131205,106
20131206,86
20131207,4
20131208,32
20131209,83
20131210,81
20131211,87
20131212,105
20131213,76
20131214,8
20131215,27
20131216,85
20131217,92
20131218,134
20131219,99
20131220,77
20131221,2
20131222,26
20131223,58
20131224,31
20131225,22
20131226,43
20131227,48
20131228,1
20131229,26
20131230,46
20131231,36
20140101,37
20140102,76
20140103,76
20140104,6
20140105,40
20140106,85
20140107,107
20140108,94
20140109,107
20140110,102
20140111,8
20140112,29
20140113,102
20140114,94
20140115,105
20140116,121
20140117,86
20140118,7
20140119,10
20140120,53
20140121,120
20140122,125
20140123,128
20140124,100
20140125,7
20140126,23
20140127,105
20140128,139
20140129,128
20140130,135
20140131,95
20140201,1
20140202,26
20140203,92
20140204,126
20140205,106
20140206,131
20140207,88
20140208,4
20140209,20
20140210,100
20140211,112
20140212,115
20140213,108
20140214,95
20140215,3
20140216,16
20140217,49
20140218,120
20140219,98
20140220,113
20140221,84
20140222,5
20140223,22
20140224,104
20140225,106
20140226,111
20140227,113
20140228,78
20140301,9
20140302,21
20140303,87
20140304,103
20140305,127
20140306,104
20140307,85
20140308,7
20140309,20
20140310,79
20140311,87
20140312,92
20140313,100
20140314,67
20140315,7
20140316,29
20140317,77
20140318,71
20140319,94
20140320,85
20140321,66
20140322,5
20140323,18
20140324,97
20140325,96
20140326,88
20140327,100
20140328,79
20140329,4
20140330,17
20140331,91
20140401,90
20140402,82
20140403,94
20140404,96
20140405,2
20140406,29
20140407,88
20140408,85
20140409,97
20140410,89
20140411,77
20140412,10
20140413,33
20140414,82
20140415,111
20140416,147
20140417,96
20140418,38
20140419,3
20140420,24
20140421,88
20140422,82
20140423,115
20140424,143
20140425,85
20140426,4
20140427,28
20140428,91
20140429,115
20140430,138
20140501,101
20140502,85
20140503,4
20140504,32
20140505,83
20140506,98
20140507,123
20140508,110
20140509,74
20140510,3
20140511,20
20140512,80
20140513,88
20140514,105
20140515,121
20140516,78
20140517,4
20140518,28
20140519,85
20140520,113
20140521,107
20140522,107
20140523,96
20140524,3
20140525,11
20140526,37
20140527,92
20140528,83
20140529,107
20140530,90
20140531,4
20140601,21
20140602,97
20140603,98
20140604,99
20140605,107
20140606,104
20140607,2
20140608,25
20140609,102
20140610,71
20140611,101
20140612,103
20140613,70
20140614,10
20140615,32
20140616,95
20140617,97
20140618,97
20140619,90
20140620,72
20140621,3
20140622,18
20140623,70
20140624,76
20140625,99
20140626,81
20140627,68
20140628,1
20140629,22
20140630,80
20140701,84
20140702,83
20140703,82
20140704,26
20140705,4
20140706,32
20140707,83
20140708,95
20140709,84
20140710,87
20140711,71
20140713,22
20140714,85
20140715,105
20140716,120
20140717,90
20140718,68
20140719,1
20140720,19
20140721,70
20140722,91
20140723,91
20140724,127
20140725,87
20140726,3
20140727,24
20140728,69
20140729,93
20140730,107
20140731,130
20140801,82
20140802,4
20140803,27
20140804,74
20140805,88
20140806,88
20140807,91
20140808,66
20140809,5
20140810,22
20140811,72
20140812,83
20140813,205
20140814,85
20140815,64
20140816,3
20140817,19
20140818,72
20140819,93
20140820,90
20140821,89
20140822,67
20140823,6
20140824,21
20140825,66
20140826,74
20140827,92
20140828,97
20140829,86
20140830,8
20140831,8
20140901,48
20140902,84
20140903,97
20140904,110
20140905,79
20140906,5
20140907,32
20140908,73
20140909,69
20140910,75
20140911,96
20140912,71
20140913,8
20140914,27
20140915,92
20140916,79
20140917,100
20140918,88
20140919,75
20140920,11
20140921,27
20140922,97
20140923,75
20140924,103
20140925,90
20140926,67
20140927,4
20140928,26
20140929,89
20140930,95
20141001,94
20141002,84
20141003,76
20141004,5
20141005,35
20141006,82
20141007,100
20141008,93
20141009,119
20141010,93
20141011,11
20141012,34
20141013,78
20141014,109
20141015,111
20141016,121
20141017,88
20141018,5
20141019,32
20141020,89
20141021,115
20141022,111
20141023,134
20141024,79
20141025,5
20141026,27
20141027,95
20141028,142
20141029,128
20141030,137
20141031,103
20141101,5
20141102,38
20141103,85
20141104,131
20141105,122
20141106,128
20141107,104
20141108,7
20141109,24
20141110,80
20141111,76
20141112,109
20141113,122
20141114,91
20141115,8
20141116,17
20141117,104
20141118,97
20141119,83
20141120,110
20141121,75
20141122,3
20141123,26
20141124,75
20141125,92
20141126,73
20141127,37
20141128,54
20141129,4
20141130,27
20141201,79
20141202,110
20141203,92
20141204,105
20141205,88
20141206,3
20141207,34
20141208,99
20141209,99
20141210,98
20141211,108
20141212,80
20141213,2
20141214,29
20141215,74
20141216,88
20141217,87
20141218,84
20141219,72
20141220,2
20141221,27
20141222,60
20141223,76
20141224,32
20141225,14
20141226,30
20141227,3
20141228,23
20141229,46
20141230,66
20141231,46
20150101,40
20150102,59
20150103,7
20150104,22
20150105,84
20150106,98
20150107,87
20150108,91
20150109,83
20150111,23
20150112,92
20150113,92
20150114,94
20150115,108
20150116,76
20150117,4
20150118,9
20150119,60
20150120,123
20150121,119
20150122,113
20150123,92
20150124,6
20150125,29
20150126,95
20150127,116
20150128,113
20150129,152
20150130,100
20150131,10
20150201,32
20150202,100
20150203,110
20150204,118
20150205,129
20150206,74
20150207,5
20150208,31
20150209,81
20150210,102
20150211,95
20150212,109
20150213,66
20150214,2
20150215,11
20150216,47
20150217,84
20150218,102
20150219,86
20150220,58
20150221,2
20150222,28
20150223,65
20150224,99
20150225,86
20150226,96
20150227,86
20150228,13
20150301,24
20150302,67
20150303,88
20150304,104
20150305,115
20150306,86
20150307,1
20150308,33
20150309,74
20150310,88
20150311,85
20150312,107
20150313,76
20150314,6
20150315,21
20150316,70
20150317,87
20150318,118
20150319,74
20150320,63
20150321,2
20150322,25
20150323,73
20150324,77
20150325,64
20150326,97
20150327,74
20150328,3
20150329,21
20150330,77
20150331,97
20150401,85
20150402,67
20150403,50
20150404,2
20150405,19
20150406,49
20150407,70
20150408,84
20150409,70
20150410,57
20150411,2
20150412,33
20150413,73
20150414,93
20150415,113
20150416,96
20150417,63
20150418,6
20150419,38
20150420,90
20150421,120
20150422,98
20150423,119
20150424,66
20150425,4
20150426,29
20150427,78
20150428,122
20150429,125
20150430,116
