20050103,2
20050104,1
20050105,1
20050106,1
20050112,1
20050114,1
20050117,1
20050127,1
20050128,1
20050131,1
20050201,2
20050203,1
20050204,1
20050208,2
20050217,1
20050225,1
20050301,1
20050302,2
20050303,1
20050304,1
20050315,2
20050318,1
20050323,1
20050325,1
20050328,1
20050405,2
20050406,1
20050407,1
20050412,1
20050415,1
20050422,1
20050510,2
20050519,2
20050607,1
20050613,1
20050616,1
20050722,1
20050723,1
20050725,3
20050726,2
20050805,1
20050815,1
20050822,1
20050825,1
20050829,1
20050831,1
20050902,1
20050903,2
20050909,2
20050912,2
20050916,1
20050926,1
20050930,1
20051004,1
20051007,1
20051013,2
20051019,1
20051025,1
20051111,1
20051118,1
20051206,2
20051210,1
20051213,1
20051222,1
20051223,1
20051227,1
20060104,1
20060117,1
20060126,1
20060130,2
20060131,3
20060204,1
20060215,1
20060216,1
20060217,3
20060227,2
20060228,1
20060310,1
20060316,1
20060317,1
20060320,1
20060329,2
20060405,1
20060415,1
20060419,2
20060426,1
20060428,1
20060506,1
20060511,1
20060519,1
20060522,1
20060608,1
20060616,1
20060622,1
20060626,1
20060712,1
20060713,2
20060716,1
20060717,2
20060719,1
20060720,1
20060721,1
20060722,2
20060808,1
20060809,1
20060810,1
20060811,1
20060815,1
20060817,1
20060818,1
20060822,1
20060823,1
20060825,1
20060831,1
20060902,1
20060911,1
20060913,1
20060918,1
20060923,1
20060926,1
20061002,1
20061009,1
20061011,1
20061014,1
20061023,1
20061024,2
20061025,1
20061027,1
20061028,1
20061101,1
20061102,3
20061103,1
20061106,1
20061107,3
20061109,1
20061110,4
20061111,2
20061113,1
20061114,1
20061115,1
20061116,2
20061117,5
20061230,1
20070113,1
20070120,1
20070122,1
20070126,5
20070129,1
20070130,1
20070131,3
20070201,1
20070210,1
20070214,1
20070216,1
20070223,1
20070225,1
20070226,1
20070227,1
20070308,1
20070311,1
20070312,2
20070314,1
20070317,1
20070320,1
20070321,3
20070327,1
20070403,1
20070404,1
20070409,1
20070410,2
20070411,1
20070418,2
20070419,1
20070420,1
20070503,1
20070507,1
20070511,1
20070516,1
20070519,1
20070522,1
20070523,2
20070620,1
20070623,1
20070626,1
20070628,1
20070709,1
20070720,1
20070722,1
20070723,6
20070724,1
20070801,1
20070827,1
20070830,1
20070924,1
20071002,1
20071003,1
20071010,1
20071012,1
20071015,1
20071019,1
20071020,1
20071119,1
20071218,2
20080111,1
20080117,1
20080118,2
20080119,1
20080129,1
20080211,3
20080226,1
20080305,2
20080317,1
20080318,2
20080326,1
20080419,1
20080422,2
20080423,1
20080428,2
20080502,1
20080505,1
20080516,1
20080523,4
20080524,1
20080525,1
20080528,1
20080530,1
20080604,1
20080610,1
20080614,1
20080623,2
20080624,4
20080626,2
20080711,1
20080712,1
20080714,1
20080723,1
20080801,1
20080806,1
20080819,1
20080824,1
20080903,1
20080904,3
20080905,1
20080912,3
20080915,1
20080917,1
20080918,1
20080919,1
20081017,1
20081018,1
20081021,3
20081103,1
20081104,1
20081112,1
20081204,1
20081205,1
20090103,2
20090108,2
20090109,1
20090110,1
20090123,1
20090124,1
20090126,2
20090127,1
20090206,2
20090212,2
20090225,1
20090226,1
20090305,1
20090306,1
20090309,1
20090310,1
20090311,1
20090313,2
20090324,1
20090421,1
20090422,1
20090424,1
20090427,1
20090430,1
20090508,1
20090509,1
20090515,1
20090520,2
20090526,1
20090530,1
20090619,1
20090703,1
20090720,2
20090721,3
20090724,1
20090726,1
20090727,1
20090807,1
20090813,1
20090822,1
20090825,1
20090831,1
20090901,1
20090925,1
20090930,1
20091008,1
20091017,1
20091019,1
20091023,1
20091024,1
20091026,1
20091109,1
20091118,1
20091127,1
20091224,1
20100108,1
20100116,1
20100120,1
20100126,2
20100128,1
20100129,1
20100204,1
20100218,1
20100219,2
20100220,1
20100222,3
20100320,1
20100330,2
20100402,1
20100412,1
20100413,1
20100416,1
20100419,2
20100420,1
20100423,1
20100424,1
20100430,1
20100503,2
20100504,1
20100505,2
20100506,1
20100511,6
20100512,3
20100513,2
20100514,2
20100515,2
20100519,1
20100522,1
20100523,1
20100525,2
20100527,2
20100529,1
20100531,1
20100601,5
20100602,3
20100603,3
20100604,1
20100607,1
20100610,2
20100611,2
20100612,1
20100615,1
20100617,2
20100618,1
20100621,1
20100622,2
20100623,2
20100624,1
20100629,1
20100707,2
20100719,5
20100720,2
20100721,1
20100723,3
20100726,2
20100730,1
20100803,1
20100805,2
20100807,1
20100810,1
20100811,1
20100812,1
20100823,1
20100825,1
20100826,1
20100829,1
20100908,7
20100909,4
20100910,2
20100911,2
20100913,1
20100914,1
20100915,1
20100920,2
20100927,3
20100928,1
20100929,2
20101001,2
20101004,1
20101006,2
20101007,1
20101008,3
20101013,1
20101015,1
20101018,2
20101019,3
20101022,1
20101028,3
20101029,6
20101030,2
20101102,2
20101105,1
20101106,1
20101108,2
20101109,2
20101110,3
20101117,1
20101130,1
20101202,3
20101203,2
20101206,1
20101207,3
20101208,3
20101209,1
20101213,1
20101214,3
20101215,1
20101216,3
20101217,1
20101220,1
20101221,1
20101222,2
20101227,1
20101229,1
20101230,1
20110104,1
20110105,1
20110106,3
20110107,3
20110111,1
20110112,2
20110113,1
20110114,1
20110117,1
20110121,1
20110122,1
20110124,2
20110125,3
20110126,2
20110127,1
20110129,1
20110131,2
20110201,2
20110204,1
20110207,1
20110214,3
20110215,2
20110216,1
20110218,1
20110223,1
20110226,1
20110304,1
20110307,2
20110322,1
20110328,1
20110329,2
20110330,1
20110401,1
20110406,2
20110411,1
20110412,1
20110416,1
20110418,4
20110419,2
20110421,3
20110422,1
20110425,1
20110426,1
20110502,1
20110510,1
20110517,1
20110520,1
20110521,2
20110525,1
20110526,1
20110606,2
20110614,1
20110615,1
20110621,2
20110623,1
20110701,1
20110709,2
20110713,1
20110714,1
20110715,2
20110718,4
20110719,2
20110722,2
20110726,2
20110727,1
20110730,1
20110802,1
20110805,1
20110816,1
20110818,1
20110823,1
20110825,1
20110831,1
20110903,2
20110906,1
20110907,2
20110910,1
20110914,5
20110915,2
20110922,1
20110927,1
20110928,1
20111010,2
20111012,1
20111013,2
20111014,1
20111017,5
20111018,5
20111021,1
20111022,1
20111024,3
20111027,1
20111102,1
20111109,1
20111116,2
20111125,2
20111128,1
20111206,3
20111207,1
20111208,1
20111209,1
20111215,2
20111217,1
20111223,1
20111229,1
20120103,2
20120106,1
20120107,1
20120110,1
20120117,1
20120120,1
20120123,8
20120126,2
20120127,1
20120131,1
20120201,2
20120202,1
20120207,1
20120215,1
20120216,1
20120218,1
20120221,1
20120223,2
20120224,6
20120228,2
20120304,1
20120305,1
20120322,1
20120411,1
20120415,1
20120417,1
20120418,6
20120419,1
20120420,1
20120423,1
20120425,2
20120503,2
20120504,1
20120509,1
20120510,1
20120528,1
20120608,1
20120611,1
20120624,1
20120626,1
20120703,1
20120709,1
20120715,1
20120716,1
20120719,2
20120720,3
20120723,5
20120730,1
20120812,1
20120815,1
20120816,1
20120822,1
20120913,1
20120917,1
20120919,1
20120921,1
20121002,1
20121003,1
20121012,1
20121014,1
20121015,2
20121016,2
20121017,4
20121019,1
20121029,1
20121120,1
20121128,1
20121130,1
20121205,1
20121214,1
20121220,1
20121225,1
20130103,2
20130114,2
20130117,1
20130118,2
20130124,1
20130125,6
20130128,3
20130130,1
20130206,1
20130207,1
20130211,1
20130212,2
20130214,3
20130218,1
20130219,1
20130221,1
20130222,1
20130225,2
20130226,5
20130227,2
20130305,1
20130308,1
20130313,2
20130401,1
20130402,1
20130405,1
20130410,1
20130417,1
20130418,2
20130421,1
20130422,9
20130423,1
20130429,1
20130621,1
20130628,1
20130708,2
20130709,1
20130711,1
20130716,1
20130718,1
20130719,1
20130721,1
20130722,3
20130724,1
20130725,2
20130726,5
20130801,1
20130802,3
20130812,1
20130813,1
20130815,1
20130816,1
20130920,1
20130929,1
20131015,1
20131016,1
20131021,5
20131022,2
20131029,2
20131103,1
20131104,1
20131115,1
20131119,1
20131121,1
20131123,1
20131208,1
20131218,1
20131223,1
20140107,3
20140114,1
20140121,5
20140122,1
20140126,1
20140130,1
20140207,1
20140212,1
20140219,1
20140220,1
20140226,1
20140303,2
20140304,3
20140305,4
20140306,1
20140309,1
20140318,1
20140414,1
20140421,5
20140422,1
20140428,1
20140512,1
20140518,1
20140521,1
20140527,1
20140604,1
20140611,1
20140623,3
20140624,3
20140626,2
20140629,1
20140630,2
20140701,1
20140709,1
20140721,2
20140726,1
20140730,1
20140731,1
20140804,1
20140823,1
20140825,2
20140826,1
20140902,5
20140903,2
20140904,5
20140905,2
20140910,1
20140924,2
20140927,1
20141001,1
20141008,1
20141013,2
20141016,1
20141020,5
20141021,1
20141022,1
20141029,1
20141030,1
20141106,1
20141107,1
20141112,1
20141113,7
20141114,12
20141115,3
20141116,3
20141117,18
20141118,7
20141119,7
20141120,3
20141121,2
20141123,1
20141125,4
20141126,1
20141130,2
20141201,1
20141205,2
20141207,3
20141208,2
20141210,1
20141211,7
20141212,2
20141214,1
20141215,1
20141218,1
20141222,1
20141230,2
20141231,1
20150101,2
20150104,1
20150113,1
20150114,3
20150116,2
20150118,1
20150119,1
20150120,8
20150121,2
20150123,2
20150202,1
20150205,1
20150210,3
20150211,5
20150213,2
20150219,1
20150227,1
20150302,1
20150313,1
20150326,1
20150330,1
20150331,1
20150407,3
20150408,1
20150409,1
20150410,1
20150414,1
20150416,1
20150419,1
20150420,9
20150421,4
20150422,4
20150423,2
20150429,1
