20050104,3
20050105,3
20050106,5
20050107,2
20050111,3
20050112,2
20050113,1
20050114,2
20050116,1
20050117,5
20050118,3
20050119,4
20050124,4
20050125,1
20050126,3
20050127,1
20050128,3
20050131,1
20050201,2
20050202,3
20050203,1
20050207,2
20050208,1
20050209,8
20050210,11
20050211,5
20050214,2
20050215,3
20050217,1
20050218,1
20050221,2
20050222,2
20050223,2
20050224,1
20050225,2
20050228,1
20050302,3
20050304,1
20050307,1
20050308,2
20050310,4
20050311,1
20050314,3
20050315,3
20050317,2
20050318,1
20050321,2
20050322,2
20050323,1
20050325,2
20050328,1
20050329,2
20050330,6
20050331,3
20050401,2
20050403,1
20050404,2
20050405,3
20050406,2
20050411,2
20050412,2
20050413,2
20050414,1
20050418,4
20050419,1
20050421,2
20050422,1
20050425,3
20050426,3
20050427,1
20050429,1
20050502,2
20050503,3
20050504,2
20050505,1
20050506,1
20050511,1
20050512,3
20050513,2
20050516,1
20050517,3
20050518,2
20050519,3
20050524,2
20050525,1
20050526,4
20050531,1
20050601,1
20050602,1
20050603,2
20050606,1
20050607,2
20050608,3
20050609,1
20050614,2
20050615,2
20050616,2
20050619,1
20050620,2
20050621,2
20050622,3
20050624,1
20050628,1
20050629,1
20050630,1
20050705,2
20050706,2
20050711,2
20050712,3
20050714,1
20050715,1
20050718,1
20050719,1
20050720,3
20050722,1
20050726,1
20050727,3
20050728,2
20050801,2
20050803,1
20050804,1
20050808,2
20050809,1
20050810,1
20050811,1
20050812,1
20050815,2
20050816,1
20050817,2
20050818,2
20050819,3
20050824,1
20050825,1
20050829,1
20050830,1
20050831,2
20050902,1
20050907,1
20050909,2
20050912,3
20050915,1
20050919,1
20050920,3
20050921,1
20050926,3
20050927,2
20051003,3
20051004,2
20051005,1
20051007,1
20051008,1
20051010,2
20051014,3
20051018,2
20051020,2
20051021,1
20051024,2
20051027,1
20051031,5
20051101,2
20051102,3
20051104,1
20051107,1
20051109,1
20051110,1
20051111,1
20051115,2
20051118,2
20051119,1
20051121,1
20051123,1
20051126,1
20051128,1
20051130,4
20051201,2
20051202,2
20051205,1
20051206,2
20051207,1
20051210,1
20051212,1
20051214,2
20051215,1
20051216,1
20051219,1
20051220,1
20051221,1
20051222,1
20051227,1
20051230,1
20051231,2
20060104,1
20060105,4
20060106,1
20060109,1
20060112,3
20060113,1
20060114,1
20060118,2
20060119,1
20060123,2
20060124,1
20060125,1
20060126,4
20060127,1
20060128,1
20060130,1
20060131,1
20060201,1
20060202,4
20060203,1
20060207,2
20060208,2
20060210,1
20060211,1
20060213,3
20060214,2
20060216,1
20060217,1
20060221,1
20060222,1
20060223,2
20060228,1
20060301,1
20060302,3
20060306,1
20060307,1
20060308,2
20060313,1
20060314,1
20060315,2
20060316,1
20060323,3
20060324,1
20060327,2
20060328,1
20060329,2
20060330,2
20060331,3
20060403,2
20060404,1
20060405,1
20060406,2
20060407,2
20060411,1
20060413,1
20060414,1
20060418,3
20060419,4
20060420,1
20060421,1
20060422,1
20060425,2
20060426,1
20060428,2
20060501,2
20060503,1
20060509,3
20060510,1
20060511,2
20060512,4
20060513,2
20060516,1
20060517,2
20060518,2
20060519,4
20060523,2
20060524,4
20060525,1
20060531,2
20060601,1
20060602,1
20060607,2
20060608,1
20060613,2
20060616,1
20060617,1
20060619,3
20060621,2
20060622,1
20060623,1
20060626,3
20060628,1
20060629,1
20060630,1
20060703,1
20060705,1
20060706,1
20060707,1
20060711,3
20060712,2
20060713,2
20060717,2
20060720,1
20060722,2
20060724,2
20060725,3
20060726,2
20060727,2
20060801,1
20060804,3
20060810,1
20060812,2
20060814,3
20060815,2
20060816,3
20060817,2
20060818,3
20060821,1
20060822,2
20060823,2
20060824,2
20060829,4
20060830,1
20060906,4
20060907,2
20060908,7
20060909,2
20060911,4
20060912,11
20060913,5
20060914,6
20060915,1
20060916,3
20060918,2
20060919,1
20060920,4
20060921,8
20060922,5
20060923,1
20060925,4
20060926,1
20060927,3
20060928,5
20060929,10
20060930,3
20061002,3
20061003,1
20061004,2
20061005,2
20061006,4
20061007,1
20061009,3
20061010,3
20061011,1
20061012,2
20061013,2
20061016,2
20061017,1
20061018,1
20061019,2
20061020,1
20061023,2
20061024,1
20061026,1
20061027,2
20061030,1
20061101,1
20061102,2
20061108,1
20061109,1
20061110,2
20061111,2
20061113,3
20061114,1
20061115,1
20061116,4
20061117,5
20061118,1
20061120,1
20061122,3
20061123,1
20061127,2
20061129,1
20061130,1
20061206,2
20061208,1
20061209,1
20061211,1
20061212,4
20061213,3
20061216,1
20061220,4
20061221,1
20061222,2
20061224,1
20061226,1
20061227,1
20061228,3
20061229,2
20070101,1
20070102,1
20070103,1
20070104,1
20070106,1
20070108,1
20070109,2
20070110,2
20070111,4
20070113,1
20070115,1
20070116,2
20070118,2
20070119,3
20070122,2
20070123,2
20070124,2
20070125,2
20070126,1
20070127,1
20070129,5
20070130,3
20070131,3
20070201,1
20070202,2
20070205,1
20070206,2
20070207,2
20070208,3
20070212,1
20070215,1
20070220,3
20070221,6
20070222,2
20070224,2
20070226,3
20070227,1
20070301,1
20070302,3
20070303,2
20070306,2
20070308,1
20070310,1
20070312,3
20070313,2
20070314,2
20070315,2
20070316,1
20070317,1
20070319,2
20070321,1
20070322,2
20070326,2
20070327,1
20070328,1
20070329,1
20070403,1
20070404,1
20070405,4
20070410,2
20070411,1
20070413,1
20070416,2
20070417,2
20070419,1
20070420,3
20070423,1
20070424,2
20070427,1
20070428,1
20070502,2
20070503,1
20070504,1
20070505,3
20070508,2
20070509,4
20070511,1
20070512,1
20070514,2
20070516,3
20070517,3
20070519,1
20070521,2
20070522,1
20070523,3
20070524,1
20070525,1
20070526,1
20070529,2
20070530,5
20070531,2
20070601,3
20070604,1
20070605,3
20070606,2
20070608,1
20070612,1
20070613,3
20070614,2
20070619,1
20070620,1
20070626,2
20070628,2
20070703,1
20070705,2
20070709,1
20070710,2
20070711,2
20070717,2
20070718,2
20070719,1
20070720,1
20070723,2
20070724,3
20070725,3
20070726,2
20070727,2
20070801,1
20070806,1
20070808,1
20070811,1
20070812,1
20070814,1
20070816,3
20070817,2
20070821,1
20070822,1
20070825,1
20070826,1
20070828,4
20070830,2
20070831,3
20070904,2
20070905,1
20070906,3
20070910,4
20070911,1
20070912,1
20070918,1
20070920,1
20070922,1
20070924,5
20070925,3
20070926,1
20070927,1
20070929,1
20071002,1
20071008,1
20071009,1
20071011,1
20071013,1
20071015,1
20071016,3
20071018,1
20071019,1
20071024,1
20071025,1
20071026,4
20071029,1
20071031,3
20071101,1
20071105,1
20071106,3
20071108,1
20071109,1
20071113,2
20071116,2
20071119,2
20071120,5
20071121,2
20071123,1
20071130,1
20071205,1
20071207,2
20071208,1
20071210,1
20071211,2
20071213,1
20071217,2
20071220,1
20071221,1
20071224,1
20071231,2
20080102,1
20080103,3
20080104,3
20080108,1
20080109,1
20080110,2
20080115,2
20080116,1
20080117,1
20080122,1
20080124,1
20080125,1
20080129,3
20080130,1
20080131,1
20080202,2
20080204,1
20080207,1
20080208,1
20080210,1
20080211,1
20080212,2
20080213,2
20080214,1
20080220,3
20080222,1
20080226,1
20080227,1
20080228,2
20080229,2
20080301,1
20080303,2
20080307,4
20080310,1
20080312,1
20080315,1
20080318,1
20080328,1
20080331,1
20080401,2
20080403,1
20080404,1
20080408,1
20080409,1
20080411,1
20080414,2
20080417,2
20080418,2
20080422,1
20080423,2
20080424,1
20080428,2
20080429,2
20080501,1
20080506,2
20080507,1
20080509,1
20080511,1
20080512,3
20080513,7
20080514,5
20080515,1
20080519,2
20080520,6
20080521,1
20080523,2
20080526,1
20080527,2
20080529,6
20080530,1
20080603,4
20080604,2
20080605,2
20080607,1
20080609,3
20080610,3
20080612,1
20080614,1
20080616,2
20080617,1
20080618,2
20080620,2
20080630,1
20080702,1
20080707,2
20080708,1
20080709,1
20080712,1
20080714,1
20080716,2
20080717,1
20080721,1
20080722,1
20080723,1
20080724,2
20080725,1
20080726,1
20080728,1
20080729,2
20080802,3
20080805,1
20080806,2
20080807,1
20080808,1
20080813,2
20080814,2
20080819,1
20080820,5
20080821,1
20080822,1
20080826,2
20080828,2
20080829,2
20080902,1
20080903,1
20080904,3
20080905,2
20080906,1
20080909,1
20080913,1
20080915,1
20080916,3
20080917,2
20080918,1
20080922,2
20080923,2
20080924,2
20080925,3
20080929,2
20081001,1
20081002,3
20081007,1
20081010,3
20081013,2
20081014,1
20081015,1
20081016,2
20081020,2
20081021,1
20081022,2
20081023,1
20081024,2
20081028,1
20081030,1
20081031,1
20081101,1
20081103,1
20081104,1
20081105,1
20081107,1
20081110,4
20081111,1
20081112,1
20081113,3
20081114,1
20081117,1
20081118,2
20081119,3
20081121,1
20081124,1
20081125,1
20081126,1
20081128,1
20081201,2
20081203,2
20081205,1
20081208,1
20081210,1
20081212,1
20081214,1
20081215,2
20081216,1
20081222,1
20081224,1
20081231,2
20090102,3
20090105,2
20090106,2
20090108,2
20090112,1
20090113,1
20090114,1
20090115,3
20090120,1
20090122,1
20090123,1
20090128,2
20090130,2
20090203,3
20090204,1
20090205,1
20090206,1
20090207,1
20090209,1
20090210,1
20090213,1
20090217,2
20090218,1
20090219,1
20090220,1
20090223,2
20090224,4
20090226,2
20090227,1
20090303,1
20090305,1
20090309,1
20090316,1
20090317,1
20090318,2
20090319,4
20090325,1
20090326,5
20090327,3
20090331,1
20090401,3
20090402,1
20090406,3
20090407,1
20090408,1
20090409,1
20090410,1
20090414,1
20090416,2
20090417,1
20090418,1
20090421,4
20090422,2
20090424,1
20090428,1
20090429,2
20090430,1
20090501,1
20090504,2
20090505,2
20090506,1
20090507,1
20090508,1
20090514,2
20090515,2
20090519,2
20090520,2
20090521,2
20090522,2
20090526,4
20090528,2
20090529,1
20090601,1
20090602,3
20090603,3
20090608,2
20090609,2
20090611,1
20090615,2
20090617,2
20090619,1
20090622,1
20090625,1
20090630,3
20090701,1
20090708,1
20090715,3
20090716,1
20090722,2
20090723,1
20090727,1
20090730,1
20090731,2
20090803,1
20090805,1
20090806,3
20090807,3
20090808,1
20090811,1
20090812,2
20090813,1
20090818,2
20090819,3
20090821,1
20090822,1
20090825,2
20090826,1
20090827,1
20090828,2
20090829,1
20090901,1
20090903,2
20090904,1
20090908,3
20090909,1
20090910,1
20090912,1
20090914,1
20090916,1
20090917,3
20090918,1
20090921,1
20090922,4
20090924,4
20090925,2
20090928,1
20090929,2
20090930,1
20091002,2
20091005,1
20091006,3
20091007,1
20091008,2
20091009,1
20091012,2
20091013,3
20091015,3
20091016,1
20091020,1
20091021,1
20091022,1
20091023,1
20091025,1
20091027,1
20091029,1
20091030,1
20091104,1
20091105,2
20091106,2
20091109,1
20091111,2
20091112,5
20091113,1
20091114,1
20091116,1
20091117,1
20091119,2
20091120,1
20091123,1
20091127,1
20091130,2
20091201,1
20091202,2
20091203,1
20091205,2
20091208,2
20091209,1
20091210,1
20091214,1
20091216,3
20091217,1
20091222,1
20091223,1
20091230,1
20091231,1
20100103,2
20100105,2
20100107,1
20100108,1
20100112,2
20100113,2
20100114,1
20100122,1
20100125,2
20100126,3
20100128,3
20100131,1
20100202,1
20100203,1
20100204,1
20100206,2
20100207,1
20100208,1
20100209,1
20100212,2
20100217,2
20100218,3
20100223,3
20100225,1
20100301,1
20100303,2
20100304,2
20100305,1
20100308,2
20100310,1
20100314,1
20100315,1
20100316,1
20100317,1
20100318,2
20100323,1
20100324,1
20100325,4
20100328,1
20100330,1
20100331,2
20100401,2
20100405,1
20100406,1
20100407,1
20100408,1
20100410,1
20100412,1
20100415,2
20100416,2
20100419,3
20100420,3
20100426,1
20100428,1
20100429,4
20100430,4
20100502,1
20100505,4
20100513,1
20100514,2
20100515,2
20100517,2
20100519,1
20100520,3
20100521,2
20100524,2
20100525,2
20100526,2
20100527,4
20100528,3
20100529,1
20100530,1
20100531,2
20100601,4
20100602,4
20100603,3
20100607,4
20100608,4
20100609,6
20100610,4
20100611,1
20100613,3
20100615,2
20100616,1
20100621,3
20100622,2
20100623,3
20100624,1
20100625,2
20100628,1
20100629,1
20100630,2
20100706,2
20100709,1
20100711,1
20100712,1
20100713,1
20100715,2
20100717,1
20100719,1
20100720,1
20100721,1
20100722,1
20100726,1
20100727,2
20100730,1
20100802,1
20100803,2
20100804,2
20100805,2
20100806,4
20100807,3
20100808,3
20100809,10
20100810,5
20100811,2
20100812,3
20100813,5
20100816,5
20100817,3
20100818,2
20100819,3
20100820,3
20100821,1
20100822,1
20100823,4
20100824,3
20100826,3
20100827,4
20100828,1
20100829,1
20100830,3
20100831,5
20100901,3
20100902,6
20100903,3
20100904,1
20100905,2
20100906,2
20100907,11
20100908,9
20100909,3
20100910,2
20100913,2
20100914,3
20100915,2
20100916,2
20100917,2
20100918,1
20100919,1
20100920,3
20100921,4
20100922,2
20100923,1
20100926,1
20100927,2
20100928,3
20100930,4
20101001,3
20101002,5
20101003,1
20101004,2
20101005,5
20101007,1
20101008,2
20101009,2
20101011,2
20101014,1
20101015,4
20101017,2
20101020,2
20101021,2
20101022,1
20101023,2
20101024,1
20101025,1
20101026,2
20101027,3
20101028,2
20101029,5
20101031,1
20101101,2
20101102,2
20101103,7
20101104,3
20101106,2
20101108,4
20101109,1
20101110,1
20101111,3
20101112,2
20101113,1
20101115,2
20101116,2
20101117,1
20101118,1
20101119,3
20101122,3
20101123,3
20101124,1
20101127,1
20101129,4
20101130,1
20101202,1
20101203,1
20101206,3
20101207,2
20101208,3
20101210,2
20101213,1
20101214,2
20101215,1
20101216,3
20101217,3
20101220,1
20101221,3
20101222,5
20101223,3
20101226,1
20101227,2
20101228,1
20101229,3
20101230,2
20110102,1
20110103,3
20110104,4
20110105,1
20110106,4
20110108,1
20110112,1
20110114,1
20110115,1
20110118,1
20110119,3
20110120,2
20110121,6
20110122,1
20110123,1
20110124,1
20110125,1
20110126,1
20110127,2
20110131,4
20110201,2
20110203,1
20110207,4
20110209,1
20110210,2
20110211,1
20110212,1
20110214,2
20110216,3
20110217,1
20110218,4
20110222,2
20110223,2
20110224,2
20110225,2
20110226,1
20110228,2
20110301,1
20110302,1
20110304,2
20110307,1
20110308,1
20110309,1
20110310,3
20110311,1
20110312,2
20110314,2
20110315,1
20110317,1
20110318,1
20110319,1
20110321,2
20110322,1
20110324,3
20110325,2
20110328,1
20110329,2
20110330,1
20110401,3
20110404,1
20110405,2
20110407,1
20110408,3
20110409,2
20110410,1
20110411,4
20110413,1
20110414,1
20110415,2
20110416,1
20110418,1
20110419,2
20110420,2
20110422,1
20110425,2
20110426,2
20110427,2
20110428,1
20110502,1
20110504,1
20110506,2
20110509,1
20110510,7
20110511,2
20110512,1
20110516,2
20110517,5
20110518,3
20110519,2
20110520,1
20110524,1
20110526,5
20110527,1
20110530,1
20110531,2
20110601,2
20110602,3
20110603,1
20110606,1
20110608,1
20110610,1
20110613,2
20110614,4
20110615,2
20110616,4
20110617,2
20110618,1
20110621,2
20110622,1
20110623,2
20110624,2
20110627,1
20110630,2
20110701,3
20110705,3
20110706,1
20110708,1
20110712,2
20110714,2
20110719,3
20110721,1
20110722,2
20110726,1
20110727,1
20110728,2
20110801,1
20110802,1
20110804,1
20110805,1
20110807,1
20110808,1
20110809,1
20110810,1
20110811,3
20110812,3
20110813,1
20110815,3
20110816,1
20110817,2
20110818,6
20110819,10
20110820,4
20110821,1
20110822,5
20110823,2
20110824,3
20110825,3
20110826,3
20110828,1
20110829,2
20110830,3
20110831,4
20110901,2
20110902,5
20110906,1
20110907,1
20110908,1
20110909,2
20110910,1
20110912,3
20110913,1
20110914,3
20110915,2
20110916,4
20110917,2
20110919,1
20110920,1
20110921,7
20110922,6
20110923,7
20110924,2
20110926,6
20110927,3
20110928,2
20110929,7
20110930,4
20111001,1
20111003,2
20111004,3
20111005,2
20111006,2
20111007,1
20111010,2
20111011,2
20111012,4
20111014,2
20111017,3
20111018,1
20111020,1
20111024,1
20111025,1
20111026,3
20111027,3
20111028,3
20111029,1
20111031,1
20111101,2
20111102,3
20111103,1
20111107,2
20111108,3
20111114,2
20111115,2
20111116,1
20111117,1
20111118,3
20111119,1
20111121,2
20111122,2
20111123,4
20111128,2
20111129,3
20111130,3
20111201,1
20111202,1
20111203,2
20111205,1
20111206,2
20111207,1
20111208,1
20111209,3
20111210,1
20111212,3
20111213,4
20111214,1
20111215,2
20111221,1
20111222,1
20111225,1
20111228,1
20111229,1
20111230,3
20111231,1
20120103,3
20120104,1
20120105,1
20120106,1
20120107,2
20120109,2
20120110,2
20120111,1
20120112,2
20120118,3
20120120,3
20120123,1
20120126,1
20120130,1
20120131,1
20120201,1
20120206,2
20120207,1
20120208,1
20120209,1
20120214,1
20120215,2
20120218,1
20120221,3
20120222,2
20120223,6
20120224,2
20120227,2
20120228,1
20120229,3
20120305,1
20120308,1
20120309,1
20120313,1
20120316,1
20120320,2
20120321,3
20120322,1
20120326,1
20120328,1
20120402,1
20120403,1
20120404,1
20120405,1
20120408,1
20120411,1
20120413,2
20120417,1
20120418,1
20120420,1
20120424,1
20120425,3
20120426,1
20120429,1
20120430,1
20120502,1
20120503,2
20120507,1
20120508,2
20120509,1
20120510,1
20120513,1
20120514,1
20120515,2
20120516,1
20120517,4
20120518,1
20120522,2
20120523,3
20120524,9
20120528,1
20120529,1
20120530,5
20120531,2
20120601,2
20120604,4
20120605,3
20120606,2
20120607,1
20120608,1
20120611,1
20120612,1
20120613,1
20120618,1
20120619,4
20120620,1
20120621,2
20120622,1
20120625,1
20120626,1
20120629,2
20120702,1
20120706,2
20120709,1
20120710,1
20120711,4
20120712,2
20120713,1
20120716,1
20120717,1
20120718,1
20120720,1
20120723,2
20120724,1
20120727,1
20120801,3
20120808,3
20120809,1
20120814,1
20120815,1
20120816,3
20120817,1
20120820,2
20120821,2
20120822,5
20120823,5
20120827,1
20120828,1
20120829,1
20120831,1
20120903,1
20120905,3
20120907,2
20120910,3
20120911,2
20120912,1
20120914,2
20120917,1
20120918,2
20120919,3
20120920,4
20120921,3
20120924,1
20120925,1
20120926,2
20120927,1
20120928,2
20121002,1
20121003,5
20121004,2
20121005,2
20121008,5
20121009,1
20121011,4
20121012,1
20121016,1
20121018,1
20121019,2
20121021,1
20121022,1
20121024,3
20121025,1
20121026,1
20121028,1
20121029,2
20121030,5
20121031,3
20121101,1
20121102,1
20121104,1
20121105,1
20121106,2
20121107,2
20121108,1
20121109,2
20121111,1
20121113,1
20121114,1
20121115,1
20121116,4
20121118,1
20121120,6
20121121,4
20121122,2
20121123,3
20121125,1
20121126,1
20121127,4
20121128,5
20121130,2
20121203,3
20121204,1
20121205,1
20121206,4
20121210,2
20121211,1
20121212,3
20121213,2
20121214,1
20121217,1
20121224,1
20121226,1
20121227,2
20121228,1
20121230,1
20121231,2
20130101,4
20130102,1
20130104,1
20130106,1
20130107,1
20130108,3
20130109,1
20130110,2
20130111,5
20130114,6
20130115,1
20130116,4
20130117,4
20130118,1
20130121,5
20130122,2
20130123,5
20130124,2
20130125,1
20130130,3
20130131,1
20130201,2
20130203,1
20130204,1
20130205,7
20130206,5
20130207,1
20130208,3
20130211,1
20130212,1
20130220,3
20130221,3
20130222,5
20130224,2
20130225,6
20130226,5
20130227,2
20130228,1
20130301,1
20130304,1
20130305,4
20130306,5
20130307,2
20130310,1
20130311,2
20130312,1
20130313,3
20130314,5
20130315,2
20130317,2
20130319,1
20130320,11
20130321,4
20130324,1
20130325,2
20130326,2
20130327,1
20130328,2
20130401,1
20130402,3
20130403,3
20130404,3
20130405,6
20130406,1
20130407,1
20130408,5
20130409,3
20130410,4
20130411,5
20130412,1
20130415,1
20130417,1
20130418,1
20130419,4
20130422,1
20130423,1
20130424,2
20130425,1
20130426,1
20130502,1
20130503,1
20130504,1
20130506,2
20130507,2
20130508,3
20130513,3
20130514,1
20130515,1
20130516,1
20130519,1
20130520,1
20130521,4
20130522,4
20130523,5
20130524,2
20130527,1
20130528,2
20130529,1
20130531,2
20130602,2
20130603,3
20130604,4
20130605,1
20130606,7
20130607,3
20130612,3
20130613,2
20130614,1
20130617,1
20130619,3
20130624,1
20130628,3
20130701,3
20130702,1
20130705,1
20130706,1
20130708,2
20130711,5
20130715,2
20130716,3
20130717,2
20130719,2
20130722,1
20130723,1
20130725,2
20130729,1
20130730,5
20130731,1
20130802,1
20130805,1
20130808,3
20130809,1
20130811,1
20130813,1
20130815,4
20130820,2
20130821,1
20130822,3
20130823,1
20130827,2
20130828,2
20130829,2
20130902,2
20130903,3
20130904,1
20130906,1
20130909,1
20130910,9
20130911,6
20130912,2
20130913,4
20130914,1
20130915,1
20130916,3
20130917,3
20130919,3
20130923,4
20130924,1
20130925,2
20130926,1
20130927,3
20131001,1
20131002,2
20131006,1
20131007,2
20131009,2
20131010,3
20131013,1
20131015,1
20131016,1
20131018,2
20131024,1
20131027,1
20131029,1
20131030,1
20131031,1
20131101,2
20131103,1
20131104,2
20131106,2
20131107,2
20131110,1
20131111,1
20131112,1
20131114,4
20131115,3
20131118,3
20131119,2
20131120,1
20131124,2
20131125,2
20131126,1
20131127,6
20131128,1
20131129,1
20131130,3
20131205,2
20131206,1
20131209,1
20131210,6
20131212,1
20131213,4
20131216,2
20131217,4
20131218,2
20131219,2
20131224,1
20131226,1
20131229,1
20131230,2
20131231,2
20140101,1
20140102,1
20140107,2
20140109,1
20140110,4
20140113,1
20140114,1
20140115,2
20140116,3
20140117,2
20140119,1
20140120,2
20140121,4
20140122,1
20140123,2
20140124,3
20140127,1
20140128,1
20140203,1
20140204,2
20140205,3
20140207,1
20140210,2
20140211,2
20140213,2
20140217,1
20140218,1
20140219,1
20140220,2
20140221,2
20140224,1
20140226,1
20140227,2
20140303,1
20140306,2
20140307,4
20140310,2
20140311,1
20140312,3
20140318,3
20140319,3
20140320,2
20140324,5
20140327,2
20140328,1
20140330,1
20140331,2
20140401,3
20140402,1
20140403,1
20140404,1
20140406,1
20140407,1
20140408,1
20140409,4
20140410,2
20140411,1
20140412,1
20140415,5
20140416,1
20140417,1
20140422,3
20140423,1
20140424,1
20140425,2
20140430,2
20140501,2
20140502,2
20140504,1
20140505,1
20140506,3
20140507,1
20140508,2
20140512,1
20140513,3
20140516,2
20140519,1
20140520,1
20140521,3
20140522,7
20140523,4
20140528,4
20140529,4
20140602,1
20140603,1
20140604,4
20140605,6
20140606,1
20140609,3
20140610,1
20140611,1
20140612,1
20140613,3
20140615,1
20140616,3
20140617,2
20140619,2
20140623,1
20140626,2
20140627,4
20140630,2
20140701,1
20140702,3
20140703,2
20140707,1
20140709,3
20140710,2
20140713,1
20140715,3
20140716,4
20140717,2
20140718,1
20140721,1
20140722,5
20140723,2
20140724,1
20140725,1
20140728,1
20140729,1
20140730,2
20140731,1
20140801,3
20140805,2
20140812,1
20140813,2
20140814,2
20140815,2
20140818,2
20140819,2
20140820,1
20140821,5
20140822,2
20140824,1
20140826,1
20140827,1
20140829,2
20140830,1
20140901,1
20140902,1
20140905,3
20140911,1
20140912,5
20140915,2
20140916,1
20140917,1
20140918,4
20140919,5
20140921,1
20140922,4
20140924,2
20140925,2
20140926,1
20140929,2
20140930,2
20141001,3
20141002,1
20141005,4
20141006,16
20141007,4
20141008,3
20141009,6
20141010,3
20141013,4
20141015,5
20141016,1
20141017,1
20141020,2
20141021,2
20141023,2
20141024,3
20141026,1
20141027,5
20141028,3
20141029,1
20141030,3
20141102,1
20141104,3
20141106,2
20141109,1
20141110,2
20141111,4
20141112,2
20141113,1
20141114,2
20141119,2
20141120,1
20141124,4
20141125,3
20141126,5
20141128,1
20141130,2
20141202,4
20141204,2
20141210,2
20141211,3
20141212,2
20141216,2
20141217,1
20141222,2
20141223,1
20150104,1
20150105,3
20150107,1
20150108,2
20150112,7
20150116,1
20150119,2
20150120,5
20150121,4
20150122,2
20150123,1
20150126,3
20150127,1
20150129,1
20150130,1
20150202,4
20150203,1
20150204,1
20150206,3
20150210,2
20150211,6
20150212,5
20150213,4
20150217,2
20150218,2
20150219,3
20150220,1
20150224,5
20150225,8
20150226,2
20150301,1
20150302,3
20150303,1
20150304,1
20150306,5
20150310,3
20150311,1
20150312,1
20150313,1
20150315,1
20150316,1
20150318,1
20150319,2
20150320,2
20150322,1
20150324,1
20150326,2
20150327,3
20150329,2
20150330,1
20150331,3
20150401,1
20150403,2
20150406,4
20150407,2
20150408,2
20150409,1
20150410,2
20150414,1
20150415,1
20150416,1
20150417,1
20150419,2
20150421,1
20150422,2
20150423,2
20150424,1
20150425,1
20150426,1
20150427,1
20150429,1
20150430,1
