20050111,2
20050114,4
20050116,1
20050118,3
20050119,2
20050123,1
20050124,1
20050126,1
20050128,2
20050131,1
20050201,1
20050204,1
20050207,2
20050208,1
20050209,1
20050210,1
20050211,1
20050215,1
20050220,1
20050222,2
20050223,5
20050224,2
20050228,1
20050301,2
20050303,2
20050304,2
20050306,1
20050310,1
20050315,1
20050316,2
20050318,3
20050321,1
20050323,5
20050324,1
20050325,2
20050329,1
20050330,1
20050401,2
20050403,1
20050405,1
20050406,1
20050410,1
20050412,1
20050413,1
20050414,1
20050415,3
20050418,2
20050420,2
20050421,1
20050422,2
20050425,4
20050426,1
20050427,5
20050429,2
20050502,1
20050503,2
20050504,1
20050505,1
20050506,1
20050509,2
20050510,2
20050513,1
20050515,1
20050516,3
20050517,6
20050518,5
20050519,1
20050520,2
20050522,1
20050524,1
20050525,1
20050527,1
20050603,3
20050606,1
20050607,2
20050608,1
20050610,1
20050614,1
20050616,2
20050617,1
20050621,1
20050622,3
20050623,2
20050624,3
20050628,2
20050629,1
20050630,1
20050701,1
20050705,1
20050706,2
20050707,1
20050708,1
20050710,1
20050712,3
20050713,1
20050714,1
20050718,2
20050720,1
20050722,1
20050724,1
20050725,1
20050727,1
20050729,1
20050801,1
20050802,2
20050804,4
20050805,2
20050807,2
20050810,1
20050812,1
20050814,1
20050815,1
20050816,6
20050817,5
20050819,2
20050821,1
20050822,1
20050823,1
20050824,2
20050825,1
20050826,1
20050829,2
20050830,3
20050831,3
20050901,2
20050902,2
20050903,1
20050904,1
20050906,4
20050907,3
20050908,1
20050909,1
20050912,2
20050913,2
20050914,2
20050916,3
20050917,2
20050919,1
20050920,1
20050921,1
20050923,1
20050924,2
20050925,2
20050926,1
20050927,2
20050928,1
20050929,1
20050930,3
20051001,1
20051006,1
20051007,1
20051009,1
20051010,3
20051011,2
20051012,2
20051014,1
20051016,1
20051021,1
20051025,1
20051027,3
20051031,2
20051103,1
20051104,2
20051108,3
20051109,2
20051110,1
20051111,4
20051113,1
20051114,1
20051115,4
20051116,2
20051117,1
20051119,3
20051120,1
20051121,2
20051123,2
20051128,2
20051129,1
20051130,1
20051201,1
20051202,1
20051204,1
20051206,4
20051207,2
20051208,1
20051213,2
20051215,2
20051217,1
20051222,3
20051227,1
20051228,1
20051229,1
20051230,1
20060103,1
20060104,1
20060105,2
20060109,2
20060110,4
20060111,6
20060112,4
20060113,3
20060115,1
20060116,1
20060118,1
20060119,3
20060120,2
20060121,1
20060123,1
20060126,2
20060202,1
20060203,2
20060204,1
20060206,1
20060207,2
20060208,1
20060210,1
20060211,2
20060214,3
20060215,1
20060216,1
20060217,2
20060221,4
20060222,4
20060223,3
20060224,1
20060227,5
20060228,2
20060301,1
20060302,1
20060303,4
20060304,2
20060311,1
20060312,1
20060315,3
20060321,1
20060322,1
20060323,1
20060324,1
20060325,1
20060327,1
20060328,2
20060329,1
20060331,1
20060403,1
20060407,4
20060409,1
20060410,1
20060413,1
20060415,3
20060417,1
20060418,2
20060420,1
20060421,1
20060426,2
20060428,3
20060429,3
20060430,1
20060502,1
20060505,6
20060506,2
20060511,2
20060512,2
20060513,1
20060516,7
20060517,7
20060518,1
20060519,1
20060520,4
20060522,3
20060523,5
20060524,1
20060525,1
20060526,1
20060527,1
20060531,2
20060601,2
20060602,4
20060607,3
20060609,1
20060612,1
20060614,1
20060615,1
20060616,1
20060617,2
20060620,2
20060621,1
20060622,1
20060623,1
20060624,1
20060626,1
20060628,1
20060701,2
20060705,3
20060706,1
20060707,1
20060712,3
20060713,3
20060714,3
20060715,3
20060717,1
20060718,2
20060719,1
20060720,1
20060721,1
20060724,1
20060726,1
20060727,1
20060728,2
20060729,1
20060731,2
20060804,1
20060805,1
20060807,3
20060808,1
20060809,1
20060811,2
20060812,1
20060814,1
20060815,5
20060816,4
20060817,3
20060818,1
20060819,1
20060821,5
20060822,5
20060823,2
20060824,2
20060825,3
20060829,4
20060830,2
20060831,2
20060901,3
20060902,1
20060905,1
20060906,1
20060907,1
20060908,1
20060912,2
20060913,1
20060914,2
20060916,1
20060918,2
20060919,4
20060920,1
20060921,2
20060925,1
20060926,3
20060927,1
20060928,1
20060930,1
20061002,1
20061006,1
20061007,1
20061009,4
20061012,2
20061013,3
20061014,1
20061016,2
20061017,2
20061019,1
20061020,3
20061021,2
20061023,1
20061024,1
20061025,1
20061026,1
20061027,1
20061028,1
20061030,1
20061103,1
20061104,3
20061110,1
20061111,2
20061113,6
20061114,7
20061115,3
20061116,1
20061117,1
20061120,3
20061121,2
20061124,1
20061125,4
20061126,2
20061127,2
20061129,2
20061201,4
20061202,1
20061204,1
20061206,2
20061207,6
20061208,2
20061209,1
20061211,3
20061213,5
20061214,6
20061215,1
20061218,1
20061219,1
20061220,1
20061221,2
20061222,1
20061223,1
20061227,1
20061228,1
20061229,2
20061230,1
20070101,1
20070102,3
20070103,8
20070104,11
20070105,4
20070106,1
20070109,2
20070110,1
20070111,2
20070112,5
20070113,2
20070116,1
20070119,3
20070120,1
20070123,1
20070124,2
20070125,2
20070126,2
20070127,1
20070129,1
20070130,1
20070131,2
20070201,2
20070202,1
20070205,1
20070206,2
20070208,1
20070209,2
20070212,4
20070213,5
20070215,1
20070216,1
20070217,1
20070220,6
20070221,4
20070223,3
20070224,3
20070225,1
20070228,3
20070301,1
20070303,2
20070304,1
20070307,1
20070312,2
20070313,5
20070314,3
20070317,1
20070319,1
20070324,2
20070326,2
20070327,2
20070328,3
20070330,1
20070403,2
20070404,2
20070405,1
20070406,2
20070409,3
20070410,1
20070412,3
20070413,1
20070416,3
20070417,1
20070418,3
20070419,1
20070420,1
20070423,1
20070425,2
20070426,1
20070428,1
20070430,2
20070501,1
20070502,2
20070503,2
20070505,1
20070507,1
20070510,1
20070512,1
20070514,3
20070515,9
20070516,3
20070518,1
20070519,3
20070521,4
20070522,3
20070524,2
20070525,2
20070526,2
20070531,1
20070601,1
20070602,1
20070604,1
20070605,2
20070606,2
20070608,1
20070609,1
20070611,2
20070612,1
20070615,3
20070616,1
20070617,1
20070619,3
20070620,8
20070621,4
20070624,1
20070625,2
20070626,3
20070627,3
20070628,2
20070629,1
20070703,1
20070705,1
20070706,2
20070707,1
20070710,11
20070711,9
20070712,2
20070713,2
20070714,1
20070716,3
20070717,1
20070718,2
20070725,1
20070727,3
20070728,1
20070731,1
20070801,2
20070802,3
20070803,2
20070804,2
20070806,8
20070807,6
20070808,2
20070809,4
20070810,7
20070811,2
20070812,2
20070813,4
20070814,7
20070815,7
20070816,4
20070817,1
20070819,3
20070820,5
20070821,3
20070823,5
20070824,9
20070825,1
20070827,9
20070828,8
20070829,4
20070830,3
20070831,2
20070901,1
20070904,4
20070905,2
20070906,2
20070907,5
20070913,1
20070914,2
20070915,2
20070917,1
20070918,2
20070919,1
20070920,1
20070921,3
20070924,1
20070925,2
20070926,1
20070927,1
20070928,1
20070929,2
20070930,1
20071001,1
20071004,1
20071005,1
20071006,1
20071008,1
20071010,1
20071012,3
20071013,1
20071015,1
20071016,1
20071017,1
20071018,2
20071019,2
20071020,1
20071022,3
20071028,1
20071029,1
20071030,4
20071031,1
20071101,3
20071102,1
20071105,1
20071108,1
20071109,1
20071110,1
20071112,2
20071113,5
20071114,6
20071115,1
20071116,2
20071117,2
20071118,2
20071119,5
20071120,2
20071121,3
20071123,1
20071124,1
20071128,2
20071129,1
20071130,2
20071203,2
20071206,2
20071210,1
20071211,1
20071213,2
20071214,2
20071215,3
20071217,1
20071218,2
20071219,1
20071221,3
20071224,3
20071227,2
20071231,1
20080102,6
20080103,1
20080111,3
20080113,2
20080114,3
20080117,2
20080118,1
20080121,1
20080123,4
20080124,4
20080129,1
20080130,1
20080201,2
20080202,2
20080206,2
20080208,1
20080211,3
20080212,2
20080214,2
20080215,1
20080219,1
20080220,2
20080223,1
20080224,1
20080225,5
20080226,6
20080227,1
20080228,1
20080229,3
20080304,1
20080306,2
20080307,1
20080310,1
20080312,2
20080313,2
20080316,1
20080317,1
20080320,1
20080324,3
20080328,1
20080329,1
20080331,1
20080401,2
20080407,3
20080409,2
20080411,1
20080414,1
20080415,1
20080417,1
20080418,1
20080419,1
20080421,1
20080424,4
20080425,3
20080429,1
20080430,1
20080501,5
20080502,3
20080503,2
20080511,1
20080513,2
20080516,2
20080517,1
20080518,1
20080519,6
20080520,11
20080521,7
20080527,1
20080528,2
20080529,1
20080530,1
20080601,1
20080602,1
20080605,1
20080607,2
20080610,1
20080612,1
20080613,1
20080617,1
20080618,1
20080620,1
20080621,1
20080630,1
20080701,2
20080705,1
20080707,2
20080708,1
20080709,1
20080715,1
20080721,2
20080725,1
20080726,1
20080727,1
20080731,1
20080804,1
20080805,1
20080808,1
20080809,1
20080811,2
20080812,1
20080813,1
20080815,2
20080818,1
20080819,5
20080820,5
20080821,2
20080822,1
20080823,1
20080824,1
20080825,2
20080826,1
20080827,2
20080828,1
20080829,3
20080830,3
20080902,1
20080903,1
20080904,2
20080905,1
20080908,2
20080909,2
20080910,2
20080911,1
20080912,1
20080915,2
20080916,1
20080917,1
20080918,2
20080920,1
20080922,2
20080924,3
20080925,1
20080926,3
20080929,1
20081002,3
20081003,1
20081007,1
20081009,4
20081014,1
20081015,1
20081022,1
20081024,2
20081025,1
20081027,1
20081029,1
20081103,1
20081104,1
20081105,2
20081107,1
20081111,1
20081113,1
20081114,1
20081115,1
20081117,3
20081118,1
20081119,4
20081120,1
20081121,2
20081126,1
20081127,1
20081128,1
20081201,1
20081202,1
20081203,2
20081207,1
20081208,1
20081211,2
20081212,1
20081213,1
20081218,3
20081219,3
20081220,2
20081230,1
20090102,2
20090104,1
20090105,1
20090108,1
20090114,1
20090115,3
20090120,1
20090124,1
20090126,2
20090127,7
20090128,1
20090130,1
20090201,1
20090202,1
20090203,1
20090204,2
20090206,1
20090209,1
20090211,2
20090213,1
20090214,1
20090217,2
20090218,1
20090220,2
20090221,1
20090222,1
20090224,4
20090225,4
20090302,1
20090303,1
20090311,2
20090313,1
20090318,2
20090319,1
20090324,2
20090328,1
20090401,2
20090402,1
20090403,1
20090404,1
20090406,1
20090408,2
20090409,1
20090410,3
20090416,1
20090418,1
20090421,3
20090422,1
20090423,2
20090424,2
20090425,1
20090428,1
20090501,1
20090502,1
20090505,1
20090506,1
20090507,1
20090514,2
20090517,1
20090518,3
20090519,7
20090520,3
20090521,3
20090526,1
20090529,1
20090601,1
20090611,1
20090612,2
20090616,2
20090617,1
20090622,2
20090624,1
20090625,3
20090626,1
20090630,1
20090703,1
20090706,3
20090713,2
20090715,2
20090722,2
20090730,2
20090803,2
20090805,1
20090817,3
20090818,3
20090819,5
20090821,2
20090823,1
20090825,1
20090826,2
20090827,1
20090831,1
20090901,1
20090902,1
20090910,2
20090916,1
20090918,2
20090919,1
20090923,2
20090926,1
20090930,3
20091009,2
20091010,1
20091013,1
20091014,2
20091015,1
20091021,1
20091022,2
20091023,1
20091026,1
20091030,1
20091103,1
20091109,1
20091111,2
20091112,1
20091116,1
20091117,3
20091118,4
20091120,1
20091127,1
20091128,1
20091201,4
20091207,1
20091210,2
20091211,3
20091212,1
20091215,1
20091216,2
20091217,1
20091219,1
20091221,1
20091223,2
20091224,2
20100105,1
20100106,1
20100107,1
20100109,1
20100111,1
20100113,1
20100120,1
20100121,1
20100126,3
20100129,1
20100202,1
20100208,2
20100209,1
20100210,3
20100212,1
20100218,1
20100219,2
20100220,1
20100221,1
20100222,3
20100223,6
20100224,2
20100226,2
20100227,1
20100228,1
20100304,2
20100305,5
20100310,1
20100311,1
20100312,3
20100315,1
20100317,1
20100318,2
20100319,1
20100320,2
20100323,1
20100326,3
20100327,1
20100331,1
20100401,1
20100405,1
20100408,1
20100409,1
20100410,2
20100413,1
20100414,2
20100416,1
20100419,1
20100420,2
20100423,1
20100424,3
20100426,2
20100512,1
20100515,1
20100516,1
20100518,2
20100519,3
20100521,1
20100524,1
20100525,2
20100526,1
20100527,2
20100528,1
20100603,1
20100608,2
20100611,1
20100612,1
20100614,1
20100616,1
20100620,1
20100621,2
20100622,3
20100623,1
20100628,1
20100703,1
20100707,1
20100710,1
20100715,1
20100722,2
20100723,3
20100727,2
20100728,2
20100729,2
20100731,1
20100803,1
20100804,3
20100806,1
20100809,1
20100812,1
20100813,3
20100816,5
20100817,12
20100818,2
20100819,1
20100822,1
20100825,1
20100826,3
20100827,1
20100903,2
20100907,2
20100908,3
20100909,5
20100913,1
20100914,1
20100916,1
20100918,2
20100920,1
20100921,1
20100929,1
20100930,3
20101001,1
20101003,1
20101006,2
20101008,1
20101014,1
20101015,2
20101016,1
20101022,1
20101025,1
20101026,2
20101101,1
20101102,1
20101110,1
20101112,1
20101115,1
20101116,9
20101117,4
20101118,2
20101122,1
20101123,1
20101126,2
20101130,1
20101202,2
20101207,1
20101208,4
20101210,1
20101211,1
20101212,1
20101214,1
20101218,1
20101219,1
20101224,1
20101226,2
20101227,1
20101230,1
20101231,1
20110105,1
20110112,1
20110119,1
20110120,1
20110126,1
20110127,1
20110128,2
20110131,1
20110207,1
20110210,3
20110212,1
20110215,4
20110216,2
20110220,2
20110222,8
20110223,2
20110224,2
20110226,1
20110227,2
20110301,1
20110302,1
20110303,3
20110305,1
20110306,1
20110309,1
20110311,1
20110314,3
20110315,1
20110317,2
20110318,2
20110319,2
20110329,6
20110330,3
20110331,4
20110404,1
20110407,2
20110409,1
20110411,1
20110413,1
20110415,2
20110416,2
20110420,1
20110423,1
20110424,1
20110425,1
20110427,5
20110502,1
20110507,1
20110509,1
20110511,1
20110513,2
20110514,1
20110515,1
20110516,6
20110517,12
20110518,2
20110520,1
20110523,1
20110524,2
20110525,4
20110526,1
20110601,2
20110602,1
20110607,2
20110608,2
20110609,1
20110610,1
20110613,3
20110614,3
20110615,2
20110616,1
20110619,1
20110622,1
20110626,1
20110628,2
20110629,1
20110630,1
20110703,1
20110708,1
20110712,1
20110715,1
20110718,1
20110725,2
20110801,1
20110802,2
20110803,1
20110808,1
20110809,1
20110810,2
20110812,6
20110814,2
20110815,6
20110816,11
20110817,4
20110819,1
20110822,1
20110823,1
20110824,1
20110825,1
20110826,1
20110827,1
20110829,2
20110830,2
20110831,1
20110901,3
20110902,2
20110906,1
20110909,2
20110911,1
20110912,1
20110914,7
20110915,1
20110916,1
20110920,1
20110921,1
20110923,1
20110924,1
20110926,2
20110928,1
20110929,1
20110930,2
20111001,1
20111003,2
20111004,1
20111005,4
20111006,1
20111007,1
20111008,2
20111009,1
20111012,2
20111017,1
20111018,3
20111019,1
20111026,2
20111030,1
20111031,1
20111101,1
20111103,1
20111104,2
20111105,2
20111107,1
20111109,1
20111111,4
20111114,8
20111115,8
20111116,3
20111117,1
20111118,1
20111121,5
20111129,1
20111130,4
20111205,1
20111207,2
20111208,2
20111213,3
20111215,1
20111216,3
20111217,1
20111219,1
20111221,1
20111223,1
20111224,1
20111225,1
20111228,1
20111229,7
20120104,1
20120106,1
20120109,1
20120112,1
20120113,1
20120114,1
20120117,2
20120118,3
20120119,1
20120121,2
20120123,2
20120125,1
20120126,1
20120127,3
20120131,2
20120201,2
20120207,1
20120209,1
20120210,1
20120211,1
20120213,2
20120215,2
20120216,1
20120220,1
20120221,11
20120222,3
20120223,1
20120224,2
20120227,2
20120228,1
20120302,1
20120307,1
20120309,4
20120311,1
20120316,1
20120321,1
20120322,4
20120325,1
20120326,1
20120327,2
20120329,1
20120402,1
20120404,2
20120406,1
20120407,1
20120412,2
20120420,1
20120423,2
20120424,1
20120425,1
20120426,1
20120503,2
20120504,1
20120509,1
20120511,1
20120514,1
20120515,11
20120516,1
20120517,1
20120520,1
20120521,2
20120524,1
20120525,2
20120526,1
20120531,1
20120601,1
20120604,2
20120606,3
20120607,1
20120608,2
20120609,1
20120611,2
20120613,4
20120614,2
20120615,1
20120618,4
20120621,4
20120625,2
20120626,1
20120703,1
20120704,1
20120705,3
20120706,1
20120710,1
20120713,1
20120717,2
20120718,3
20120724,1
20120726,1
20120730,1
20120731,10
20120801,3
20120807,4
20120810,1
20120811,1
20120813,1
20120814,11
20120815,3
20120816,1
20120817,2
20120818,1
20120820,5
20120822,3
20120824,2
20120827,1
20120829,1
20120830,2
20120831,1
20120904,1
20120905,5
20120906,1
20120907,1
20120911,1
20120914,6
20120916,3
20120917,6
20120918,3
20120919,3
20120921,2
20120925,2
20120928,1
20120930,1
20121003,2
20121004,2
20121005,1
20121008,2
20121010,1
20121012,2
20121015,2
20121017,3
20121018,1
20121019,1
20121022,2
20121023,1
20121024,1
20121026,1
20121029,8
20121030,8
20121031,3
20121101,1
20121102,5
20121105,1
20121106,4
20121107,3
20121108,1
20121109,2
20121112,4
20121113,17
20121114,9
20121115,3
20121116,1
20121119,5
20121120,2
20121121,2
20121122,1
20121123,1
20121126,1
20121127,3
20121128,4
20121129,1
20121130,1
20121202,1
20121204,3
20121205,2
20121206,1
20121207,1
20121208,1
20121209,1
20121210,2
20121211,1
20121214,4
20121217,1
20121219,2
20121220,2
20121224,1
20121227,2
20121228,2
20130101,2
20130108,1
20130109,1
20130110,2
20130115,4
20130116,2
20130118,2
20130120,1
20130121,1
20130122,3
20130123,1
20130131,1
20130201,3
20130207,1
20130208,2
20130209,1
20130211,3
20130212,1
20130213,1
20130219,6
20130220,4
20130221,4
20130222,3
20130224,2
20130225,6
20130226,13
20130227,3
20130228,2
20130304,2
20130305,7
20130306,1
20130307,2
20130308,4
20130311,1
20130312,2
20130314,1
20130315,1
20130318,2
20130319,1
20130321,1
20130325,1
20130328,3
20130401,1
20130403,1
20130404,4
20130407,2
20130412,4
20130416,2
20130417,1
20130419,1
20130425,1
20130430,2
20130501,1
20130503,3
20130504,1
20130506,2
20130510,1
20130511,1
20130513,3
20130514,2
20130516,2
20130517,5
20130519,2
20130520,2
20130521,12
20130522,3
20130527,1
20130528,2
20130529,1
20130530,1
20130602,1
20130603,1
20130604,4
20130605,2
20130606,2
20130610,2
20130612,1
20130613,2
20130617,3
20130619,2
20130620,3
20130621,3
20130623,1
20130625,2
20130626,7
20130627,5
20130628,1
20130630,1
20130705,2
20130707,1
20130708,1
20130710,1
20130712,1
20130715,2
20130716,2
20130717,1
20130718,2
20130719,1
20130722,3
20130723,2
20130725,1
20130730,2
20130801,3
20130804,1
20130807,2
20130809,2
20130812,2
20130813,1
20130814,2
20130815,3
20130819,1
20130820,10
20130821,4
20130823,2
20130825,1
20130826,1
20130827,4
20130828,1
20130830,1
20130831,1
20130902,1
20130903,2
20130904,2
20130905,2
20130906,1
20130908,1
20130909,1
20130911,1
20130912,2
20130913,3
20130916,7
20130919,1
20130920,2
20130922,2
20130924,1
20130925,2
20130926,3
20130927,1
20130930,2
20131008,4
20131009,1
20131010,1
20131014,1
20131015,2
20131017,1
20131023,1
20131027,1
20131028,2
20131030,1
20131101,7
20131103,1
20131104,1
20131105,5
20131106,1
20131107,1
20131110,1
20131111,4
20131112,1
20131113,1
20131117,1
20131119,6
20131120,6
20131122,1
20131123,1
20131129,1
20131204,3
20131205,1
20131209,2
20131210,2
20131211,6
20131212,6
20131213,1
20131218,1
20131220,2
20131223,1
20131225,1
20140106,1
20140107,1
20140108,1
20140109,4
20140110,1
20140112,1
20140116,3
20140117,2
20140118,2
20140120,3
20140121,2
20140128,2
20140129,2
20140130,1
20140202,1
20140210,1
20140211,1
20140212,1
20140218,1
20140219,2
20140224,2
20140225,12
20140226,5
20140227,1
20140228,2
20140304,1
20140305,1
20140306,2
20140307,2
20140311,3
20140312,2
20140313,1
20140319,2
20140325,1
20140326,1
20140331,1
20140401,1
20140402,1
20140403,3
20140404,2
20140415,3
20140416,3
20140417,2
20140418,1
20140421,3
20140422,2
20140424,2
20140429,2
20140504,1
20140506,1
20140508,1
20140509,1
20140512,3
20140514,2
20140515,2
20140519,1
20140520,10
20140521,1
20140522,1
20140523,1
20140528,1
20140529,1
20140530,2
20140602,2
20140604,1
20140605,1
20140606,5
20140611,2
20140613,1
20140617,1
20140618,3
20140620,1
20140623,1
20140625,1
20140627,1
20140629,1
20140630,1
20140702,3
20140703,1
20140707,1
20140708,2
20140709,2
20140710,1
20140711,1
20140714,1
20140715,1
20140716,1
20140720,1
20140721,3
20140724,1
20140725,1
20140728,1
20140729,1
20140801,1
20140810,1
20140812,3
20140813,1
20140815,2
20140818,1
20140819,13
20140820,7
20140821,2
20140822,4
20140823,1
20140824,1
20140828,1
20140829,2
20140901,1
20140902,4
20140903,13
20140904,10
20140905,3
20140908,8
20140909,13
20140910,7
20140911,1
20140912,3
20140915,2
20140916,2
20140917,2
20140918,3
20140919,11
20140922,4
20140923,2
20140924,9
20140925,6
20140926,4
20140929,4
20140930,1
20141001,2
20141002,3
20141003,4
20141005,1
20141007,3
20141008,2
20141009,4
20141010,1
20141011,1
20141012,2
20141013,9
20141014,6
20141020,5
20141021,2
20141022,1
20141023,4
20141024,1
20141028,2
20141029,2
20141030,1
20141031,2
20141103,2
20141105,2
20141106,3
20141107,7
20141108,1
20141110,3
20141111,1
20141112,3
20141113,2
20141114,1
20141115,1
20141116,1
20141117,1
20141118,10
20141119,6
20141120,4
20141124,2
20141125,9
20141126,3
20141128,3
20141201,5
20141202,5
20141203,1
20141204,3
20141205,1
20141208,1
20141209,2
20141210,2
20141211,2
20141215,1
20141216,1
20141217,5
20141218,6
20141219,4
20141221,1
20141222,5
20141223,1
20141224,1
20141225,1
20141229,1
20141230,2
20150101,1
20150104,3
20150105,4
20150106,1
20150107,1
20150111,1
20150112,8
20150113,2
20150115,1
20150116,4
20150120,4
20150121,3
20150122,1
20150123,2
20150125,3
20150126,2
20150127,1
20150128,1
20150129,1
20150130,2
20150203,3
20150204,2
20150205,6
20150206,4
20150209,3
20150210,1
20150211,1
20150212,1
20150213,2
20150216,1
20150219,2
20150220,2
20150222,1
20150223,1
20150224,14
20150225,5
20150226,2
20150302,6
20150303,1
20150304,1
20150305,2
20150306,11
20150309,1
20150311,2
20150312,1
20150315,3
20150316,3
20150317,1
20150319,1
20150325,1
20150328,1
20150330,3
20150331,1
20150401,3
20150403,1
20150406,1
20150407,2
20150408,1
20150409,1
20150411,2
20150412,2
20150413,2
20150414,2
20150415,2
20150419,3
20150421,1
20150423,2
20150427,1
20150428,3
20150429,1
