20050107,1
20050108,1
20050111,1
20050114,2
20050117,2
20050128,2
20050131,1
20050208,1
20050210,1
20050211,1
20050215,2
20050216,1
20050224,1
20050401,1
20050407,1
20050411,1
20050414,1
20050420,2
20050421,2
20050502,1
20050505,1
20050506,3
20050509,2
20050510,2
20050525,1
20050601,1
20050608,1
20050615,1
20050616,1
20050617,1
20050621,1
20050627,1
20050628,1
20050630,1
20050701,2
20050705,1
20050717,1
20050718,1
20050720,1
20050721,2
20050728,4
20050729,2
20050731,1
20050801,1
20050809,1
20050812,1
20050815,2
20050825,2
20050926,1
20051001,1
20051003,1
20051016,1
20051020,3
20051021,2
20051027,2
20051031,1
20051101,1
20051103,3
20051104,1
20051108,1
20051109,1
20051111,1
20051202,2
20051206,1
20051210,1
20051213,1
20051214,5
20051215,4
20051222,1
20051223,2
20060103,1
20060106,2
20060111,1
20060113,1
20060116,1
20060121,1
20060123,1
20060126,1
20060127,3
20060203,1
20060204,2
20060216,1
20060218,1
20060219,1
20060220,1
20060223,1
20060225,1
20060302,1
20060303,2
20060306,1
20060307,1
20060309,2
20060315,1
20060318,1
20060321,1
20060322,1
20060327,1
20060330,1
20060331,4
20060404,1
20060410,1
20060412,1
20060413,1
20060417,1
20060418,1
20060419,4
20060420,3
20060427,1
20060428,2
20060429,1
20060508,1
20060525,1
20060526,1
20060530,1
20060531,1
20060605,1
20060608,2
20060616,1
20060620,1
20060718,1
20060719,2
20060720,2
20060721,1
20060722,1
20060729,1
20060731,1
20060804,1
20060808,1
20060810,1
20060819,1
20060826,1
20060909,1
20060911,1
20060912,1
20060915,1
20060916,1
20060926,1
20060929,1
20061007,1
20061016,1
20061018,1
20061019,1
20061020,1
20061021,1
20061121,1
20061206,1
20061211,1
20061214,2
20061215,3
20070104,1
20070111,1
20070116,2
20070120,1
20070122,1
20070123,1
20070126,4
20070127,2
20070130,1
20070131,1
20070205,1
20070213,1
20070214,1
20070217,1
20070221,1
20070224,1
20070301,2
20070305,1
20070308,1
20070322,1
20070323,1
20070327,1
20070328,1
20070411,1
20070416,1
20070419,1
20070420,4
20070421,3
20070425,2
20070426,1
20070427,2
20070428,1
20070430,1
20070503,2
20070506,1
20070509,1
20070512,1
20070514,1
20070515,1
20070516,1
20070517,1
20070523,1
20070525,2
20070601,1
20070610,1
20070611,1
20070612,1
20070614,1
20070617,1
20070618,1
20070622,1
20070625,1
20070630,2
20070703,2
20070704,1
20070705,1
20070715,1
20070717,1
20070719,5
20070720,1
20070816,1
20070820,1
20070821,1
20070822,1
20070825,1
20070906,2
20070908,1
20070910,1
20070917,1
20070918,2
20070924,1
20070925,1
20071008,1
20071013,1
20071015,1
20071019,6
20071020,1
20071022,1
20071024,1
20071029,1
20071111,1
20071112,1
20071113,1
20071120,1
20071127,1
20071208,1
20071210,1
20071213,3
20071214,1
20071217,1
20071218,1
20071220,1
20071226,1
20071227,1
20071228,1
20071229,1
20071231,1
20080102,3
20080103,1
20080105,1
20080114,1
20080125,2
20080126,2
20080128,1
20080129,1
20080130,1
20080211,2
20080212,5
20080216,2
20080219,1
20080224,1
20080225,1
20080227,1
20080404,2
20080407,1
20080409,1
20080410,3
20080412,1
20080418,3
20080419,2
20080428,1
20080429,2
20080505,1
20080512,2
20080521,1
20080602,1
20080609,2
20080610,1
20080705,1
20080718,5
20080728,2
20080812,1
20080819,1
20080909,1
20080919,1
20080930,1
20081006,1
20081017,2
20081021,2
20081022,2
20081105,1
20081107,1
20081122,1
20081202,1
20081216,2
20081224,1
20090102,1
20090108,1
20090112,1
20090120,3
20090121,1
20090129,2
20090130,2
20090211,1
20090218,1
20090225,1
20090304,1
20090309,3
20090324,1
20090424,2
20090507,1
20090601,1
20090602,1
20090603,1
20090608,2
20090613,1
20090618,1
20090713,1
20090727,1
20090728,2
20090812,2
20090814,1
20090822,1
20090902,1
20090903,1
20090904,1
20090912,1
20091009,1
20091014,2
20091019,1
20091020,1
20091021,1
20091023,1
20091024,1
20091028,2
20091030,1
20091105,1
20091106,1
20091110,3
20091111,2
20091117,1
20091118,2
20091119,1
20091130,1
20091203,1
20091207,1
20091210,2
20091215,1
20091216,1
20091224,1
20100127,2
20100128,1
20100129,3
20100130,1
20100201,1
20100217,1
20100221,1
20100224,1
20100226,1
20100304,1
20100309,1
20100323,1
20100401,1
20100402,1
20100407,1
20100412,1
20100423,1
20100429,1
20100505,1
20100514,1
20100520,1
20100523,1
20100527,1
20100607,1
20100611,1
20100612,1
20100616,1
20100618,1
20100622,1
20100625,1
20100704,1
20100708,2
20100709,1
20100713,1
20100714,1
20100717,1
20100720,1
20100721,1
20100722,1
20100723,6
20100727,1
20100802,1
20100803,1
20100810,2
20100813,1
20100814,1
20100819,1
20100825,1
20100830,1
20100911,1
20100917,1
20100921,1
20101004,1
20101011,1
20101013,1
20101014,1
20101015,2
20101018,1
20101020,1
20101021,1
20101022,7
20101023,1
20101025,2
20101028,1
20101103,1
20101106,2
20101110,1
20101111,1
20101114,1
20101117,1
20101118,2
20101119,1
20101130,1
20101201,2
20101202,2
20101207,2
20101208,1
20101209,1
20101211,2
20101212,1
20101214,2
20101216,1
20101217,2
20101228,1
20101229,1
20110101,1
20110114,1
20110117,2
20110121,1
20110124,2
20110126,1
20110127,1
20110128,3
20110131,1
20110201,1
20110210,1
20110223,1
20110303,1
20110304,1
20110305,1
20110307,1
20110309,1
20110317,1
20110331,1
20110401,1
20110405,1
20110406,2
20110412,1
20110413,1
20110414,2
20110418,1
20110420,2
20110421,4
20110423,1
20110425,1
20110502,1
20110503,1
20110504,1
20110506,1
20110510,1
20110511,1
20110512,4
20110517,3
20110528,1
20110601,1
20110602,1
20110613,3
20110614,1
20110616,2
20110618,1
20110620,1
20110621,2
20110622,2
20110625,1
20110629,2
20110630,1
20110715,1
20110718,2
20110719,1
20110721,1
20110722,2
20110723,1
20110725,2
20110726,2
20110727,1
20110802,1
20110804,1
20110805,1
20110818,1
20110819,1
20110901,2
20110906,3
20110908,3
20110916,3
20110920,2
20110921,1
20110922,1
20111010,1
20111011,1
20111019,1
20111020,2
20111021,3
20111024,6
20111025,1
20111026,1
20111031,1
20111101,1
20111111,1
20111114,1
20111118,1
20111121,1
20111129,2
20111130,1
20111215,2
20111216,2
20111227,1
20120110,1
20120123,1
20120124,1
20120126,2
20120127,4
20120130,2
20120131,1
20120206,1
20120208,1
20120214,1
20120308,1
20120309,1
20120327,1
20120416,1
20120417,1
20120418,3
20120419,1
20120420,4
20120424,1
20120425,2
20120427,3
20120430,1
20120502,3
20120503,4
20120507,1
20120521,2
20120522,1
20120525,3
20120602,1
20120604,1
20120613,1
20120614,1
20120615,1
20120705,1
20120709,1
20120713,3
20120714,1
20120717,4
20120718,4
20120726,4
20120729,1
20120730,3
20120803,1
20120814,1
20120819,1
20120820,2
20120827,1
20120830,1
20120911,1
20120914,1
20120917,1
20120924,1
20120928,2
20121001,2
20121003,1
20121004,1
20121008,1
20121011,1
20121012,1
20121018,1
20121019,4
20121022,1
20121025,2
20121102,1
20121108,3
20121111,2
20121112,2
20121113,5
20121114,4
20121115,3
20121119,2
20121120,4
20121121,2
20121123,1
20121127,2
20121129,1
20121205,1
20121206,1
20121210,4
20121211,2
20121212,2
20121213,1
20121214,4
20121217,2
20121218,1
20121220,2
20130101,1
20130102,1
20130103,1
20130109,2
20130110,2
20130118,1
20130124,1
20130125,6
20130128,1
20130129,2
20130130,1
20130131,1
20130201,3
20130204,1
20130206,1
20130224,1
20130304,1
20130305,1
20130306,3
20130307,1
20130308,1
20130310,2
20130311,3
20130312,3
20130313,1
20130314,1
20130328,2
20130402,1
20130404,1
20130405,6
20130407,1
20130408,2
20130414,1
20130418,1
20130419,4
20130422,1
20130506,1
20130508,1
20130509,1
20130510,1
20130513,1
20130516,1
20130519,1
20130521,2
20130523,1
20130603,1
20130614,1
20130616,1
20130617,4
20130619,1
20130620,8
20130621,2
20130623,2
20130624,1
20130625,2
20130630,1
20130701,2
20130704,1
20130710,2
20130716,3
20130717,1
20130718,2
20130719,7
20130723,1
20130725,1
20130726,1
20130728,1
20130802,1
20130805,1
20130806,1
20130808,1
20130811,3
20130813,3
20130815,1
20130827,1
20130830,3
20130909,1
20130911,2
20130912,1
20130916,1
20130917,1
20130918,1
20130924,2
20131002,1
20131003,2
20131007,1
20131008,2
20131009,1
20131015,1
20131018,4
20131020,2
20131021,1
20131028,1
20131030,1
20131031,1
20131112,1
20131118,1
20131119,3
20131121,2
20131204,2
20131210,1
20131213,1
20131217,2
20131220,1
20131229,1
20140107,3
20140108,1
20140109,2
20140113,1
20140116,2
20140121,2
20140123,1
20140124,3
20140203,1
20140204,1
20140205,1
20140214,1
20140218,1
20140219,2
20140220,1
20140304,3
20140305,3
20140306,1
20140312,1
20140318,1
20140326,1
20140407,2
20140408,1
20140410,1
20140413,1
20140414,1
20140415,2
20140416,1
20140417,2
20140424,1
20140427,1
20140428,2
20140502,1
20140518,1
20140519,1
20140602,1
20140605,1
20140610,3
20140612,1
20140617,1
20140618,1
20140624,1
20140626,1
20140702,1
20140703,1
20140708,2
20140709,2
20140716,1
20140718,2
20140727,1
20140731,1
20140801,2
20140804,1
20140812,1
20140813,2
20140815,1
20140819,1
20140822,1
20140903,2
20140904,1
20140910,1
20140916,2
20140917,1
20140922,1
20140929,3
20140930,1
20141001,1
20141002,1
20141007,1
20141014,1
20141017,4
20141019,1
20141021,3
20141028,1
20141029,1
20141030,1
20141106,1
20141110,1
20141112,1
20141119,1
20141121,1
20141205,1
20141215,4
20141217,1
20141219,1
20150104,1
20150114,1
20150122,1
20150123,3
20150126,2
20150127,1
20150202,1
20150208,2
20150209,2
20150220,1
20150222,1
20150223,1
20150224,1
20150304,4
20150305,1
20150306,1
20150317,1
20150318,1
20150325,1
20150326,1
20150330,2
20150331,1
20150402,1
20150403,1
20150416,2
20150417,4
