20050103,4
20050104,5
20050105,8
20050106,3
20050107,1
20050109,1
20050110,7
20050111,3
20050112,5
20050113,2
20050114,8
20050116,1
20050117,3
20050118,7
20050119,4
20050120,4
20050121,3
20050123,1
20050124,5
20050125,4
20050126,3
20050127,4
20050128,3
20050131,7
20050201,4
20050202,3
20050203,2
20050204,4
20050207,4
20050208,8
20050209,3
20050210,7
20050211,5
20050214,6
20050215,6
20050216,7
20050217,5
20050218,6
20050221,1
20050222,6
20050223,7
20050224,4
20050225,6
20050227,1
20050228,10
20050301,4
20050302,7
20050303,9
20050304,4
20050307,3
20050308,2
20050309,4
20050310,4
20050311,3
20050314,4
20050315,5
20050316,5
20050317,6
20050318,5
20050321,5
20050322,5
20050323,5
20050324,5
20050325,5
20050327,2
20050328,3
20050329,3
20050330,6
20050331,6
20050401,2
20050403,1
20050404,6
20050405,4
20050406,11
20050407,5
20050408,5
20050410,2
20050411,4
20050412,3
20050413,7
20050414,5
20050415,5
20050417,1
20050418,7
20050419,8
20050420,7
20050421,3
20050422,2
20050424,1
20050425,8
20050426,8
20050427,6
20050428,6
20050429,1
20050503,5
20050504,8
20050505,5
20050506,4
20050508,1
20050509,4
20050510,2
20050511,4
20050512,2
20050513,6
20050515,1
20050516,4
20050517,7
20050518,8
20050519,7
20050520,6
20050522,1
20050523,6
20050524,5
20050525,13
20050526,10
20050527,7
20050529,4
20050530,1
20050531,4
20050601,9
20050602,6
20050603,8
20050604,1
20050605,1
20050606,2
20050607,3
20050608,6
20050609,16
20050610,7
20050611,1
20050612,1
20050613,6
20050614,3
20050615,13
20050616,13
20050617,6
20050619,2
20050620,8
20050621,6
20050622,6
20050623,6
20050624,8
20050626,2
20050627,3
20050628,3
20050629,7
20050630,5
20050701,7
20050705,4
20050706,6
20050707,6
20050708,10
20050710,1
20050711,8
20050712,5
20050713,8
20050714,4
20050715,3
20050717,4
20050718,3
20050719,5
20050720,10
20050721,3
20050722,9
20050723,1
20050724,1
20050725,6
20050726,4
20050727,11
20050728,9
20050729,6
20050731,1
20050801,9
20050802,3
20050803,8
20050804,3
20050805,7
20050808,2
20050809,10
20050810,10
20050811,2
20050812,11
20050814,1
20050815,11
20050816,8
20050817,10
20050818,3
20050819,10
20050820,1
20050821,1
20050822,3
20050823,8
20050824,21
20050825,8
20050826,12
20050827,1
20050828,2
20050829,7
20050830,9
20050831,11
20050901,16
20050902,12
20050903,1
20050904,8
20050905,4
20050906,14
20050907,9
20050908,15
20050909,13
20050910,1
20050911,4
20050912,7
20050913,12
20050914,6
20050915,8
20050916,6
20050917,8
20050918,4
20050919,8
20050920,5
20050921,10
20050922,10
20050923,12
20050924,5
20050926,8
20050927,10
20050928,5
20050929,9
20050930,4
20051001,2
20051003,6
20051004,8
20051005,5
20051006,15
20051007,7
20051008,1
20051009,1
20051010,4
20051011,6
20051012,12
20051013,5
20051014,6
20051015,2
20051016,1
20051017,5
20051018,7
20051019,6
20051020,5
20051021,8
20051022,1
20051023,1
20051024,6
20051025,10
20051026,9
20051027,9
20051028,5
20051029,1
20051030,1
20051031,5
20051101,7
20051102,10
20051103,4
20051104,9
20051105,4
20051106,1
20051107,4
20051108,9
20051109,11
20051110,8
20051111,8
20051112,4
20051113,1
20051114,7
20051115,12
20051116,14
20051117,11
20051118,10
20051119,5
20051120,2
20051121,12
20051122,5
20051123,9
20051124,2
20051125,6
20051126,3
20051127,1
20051128,10
20051129,11
20051130,11
20051201,12
20051202,10
20051203,4
20051205,6
20051206,6
20051207,10
20051208,7
20051209,8
20051210,4
20051212,5
20051213,5
20051214,5
20051215,5
20051216,6
20051217,3
20051218,2
20051219,8
20051220,8
20051221,14
20051222,3
20051223,8
20051224,4
20051225,2
20051226,1
20051227,1
20051228,7
20051229,9
20051230,7
20051231,4
20060101,1
20060103,11
20060104,9
20060105,7
20060106,7
20060107,5
20060109,7
20060110,5
20060111,8
20060112,8
20060113,12
20060114,3
20060115,3
20060116,11
20060117,3
20060118,7
20060119,10
20060120,13
20060121,3
20060122,2
20060123,3
20060124,6
20060125,10
20060126,6
20060127,10
20060128,3
20060129,1
20060130,5
20060131,9
20060201,8
20060202,5
20060203,5
20060204,2
20060206,8
20060207,8
20060208,8
20060209,7
20060210,9
20060211,5
20060212,1
20060213,5
20060214,8
20060215,17
20060216,13
20060217,14
20060218,3
20060219,1
20060220,2
20060221,5
20060222,6
20060223,11
20060224,9
20060225,1
20060226,2
20060227,13
20060228,8
20060301,13
20060302,9
20060303,11
20060304,4
20060305,1
20060306,4
20060307,5
20060308,11
20060309,4
20060310,8
20060311,4
20060312,1
20060313,5
20060314,7
20060315,5
20060316,12
20060317,11
20060318,1
20060320,4
20060321,6
20060322,12
20060323,12
20060324,12
20060325,5
20060326,1
20060327,9
20060328,7
20060329,11
20060330,4
20060331,7
20060401,3
20060402,4
20060403,8
20060404,8
20060405,9
20060406,8
20060407,12
20060408,3
20060409,3
20060410,4
20060411,6
20060412,3
20060413,11
20060414,10
20060415,2
20060416,1
20060417,5
20060418,19
20060419,18
20060420,11
20060421,6
20060422,6
20060423,1
20060424,7
20060425,9
20060426,13
20060427,16
20060428,20
20060429,3
20060430,1
20060501,3
20060502,7
20060503,13
20060504,1
20060505,12
20060506,3
20060508,8
20060509,9
20060510,11
20060511,7
20060512,12
20060513,3
20060514,2
20060515,13
20060516,13
20060517,22
20060518,9
20060519,13
20060520,5
20060521,1
20060522,11
20060523,20
20060524,16
20060525,11
20060526,7
20060530,7
20060531,13
20060601,13
20060602,13
20060603,2
20060605,6
20060606,14
20060607,12
20060608,8
20060609,9
20060610,6
20060611,1
20060612,10
20060613,8
20060614,10
20060615,16
20060616,11
20060617,4
20060619,7
20060620,15
20060621,15
20060622,3
20060623,6
20060624,4
20060625,3
20060626,11
20060627,15
20060628,11
20060629,7
20060630,8
20060701,4
20060702,1
20060703,4
20060704,1
20060705,11
20060706,6
20060707,9
20060708,3
20060709,1
20060710,1
20060711,7
20060712,9
20060713,4
20060714,9
20060716,2
20060717,7
20060718,3
20060719,17
20060720,11
20060721,13
20060722,5
20060723,1
20060724,2
20060725,10
20060726,9
20060727,6
20060728,11
20060729,4
20060731,6
20060801,12
20060802,10
20060803,8
20060804,8
20060805,3
20060806,2
20060807,4
20060808,3
20060809,20
20060810,10
20060811,11
20060812,4
20060813,2
20060814,8
20060815,9
20060816,18
20060817,12
20060818,9
20060819,4
20060820,1
20060821,15
20060822,18
20060823,25
20060824,20
20060825,14
20060826,9
20060827,3
20060828,13
20060829,13
20060830,22
20060831,10
20060901,14
20060902,6
20060903,1
20060904,2
20060905,9
20060906,13
20060907,14
20060908,14
20060909,4
20060910,2
20060911,11
20060912,8
20060913,23
20060914,10
20060915,13
20060916,7
20060917,1
20060918,13
20060919,13
20060920,20
20060921,13
20060922,10
20060923,4
20060924,1
20060925,9
20060926,14
20060927,14
20060928,14
20060929,10
20060930,9
20061001,1
20061002,16
20061003,10
20061004,18
20061005,14
20061006,10
20061007,4
20061009,11
20061010,7
20061011,20
20061012,9
20061013,18
20061014,3
20061016,7
20061017,4
20061018,16
20061019,10
20061020,12
20061021,5
20061022,2
20061023,5
20061024,9
20061025,21
20061026,15
20061027,15
20061028,6
20061029,3
20061030,11
20061031,5
20061101,12
20061102,10
20061103,11
20061104,6
20061106,7
20061107,8
20061108,16
20061109,12
20061110,6
20061111,3
20061112,2
20061113,11
20061114,11
20061115,20
20061116,11
20061117,16
20061118,7
20061119,1
20061120,12
20061121,11
20061122,13
20061123,2
20061124,5
20061125,4
20061126,1
20061127,9
20061128,17
20061129,18
20061130,9
20061201,13
20061202,7
20061204,5
20061205,10
20061206,13
20061207,13
20061208,11
20061209,7
20061210,1
20061211,8
20061212,13
20061213,22
20061214,7
20061215,11
20061216,8
20061217,2
20061218,11
20061219,17
20061220,9
20061221,10
20061222,10
20061223,8
20061224,2
20061226,6
20061227,9
20061228,22
20061229,11
20061230,6
20061231,3
20070101,1
20070102,14
20070103,17
20070104,13
20070105,13
20070106,5
20070107,1
20070108,10
20070109,9
20070110,11
20070111,8
20070112,14
20070113,3
20070115,1
20070116,11
20070117,15
20070118,15
20070119,11
20070120,5
20070122,6
20070123,9
20070124,17
20070125,13
20070126,23
20070127,6
20070128,2
20070129,8
20070130,4
20070131,18
20070201,12
20070202,8
20070203,5
20070205,9
20070206,3
20070207,16
20070208,15
20070209,14
20070210,4
20070211,1
20070212,14
20070213,6
20070214,22
20070215,13
20070216,20
20070217,6
20070218,3
20070219,1
20070220,12
20070221,15
20070222,9
20070223,13
20070224,9
20070225,1
20070226,9
20070227,13
20070228,18
20070301,9
20070302,6
20070303,4
20070304,1
20070305,12
20070306,10
20070307,14
20070308,10
20070309,9
20070310,5
20070312,10
20070313,17
20070314,15
20070315,11
20070316,13
20070317,8
20070318,1
20070319,10
20070320,12
20070321,24
20070322,16
20070323,9
20070324,9
20070325,1
20070326,10
20070327,24
20070328,24
20070329,16
20070330,10
20070331,8
20070401,1
20070402,11
20070403,8
20070404,16
20070405,9
20070406,13
20070407,4
20070409,8
20070410,6
20070411,19
20070412,15
20070413,8
20070414,4
20070416,5
20070417,11
20070418,17
20070419,9
20070420,13
20070421,10
20070423,8
20070424,13
20070425,24
20070426,20
20070427,14
20070428,7
20070430,4
20070501,9
20070502,10
20070503,13
20070504,12
20070505,3
20070506,2
20070507,7
20070508,5
20070509,22
20070510,14
20070511,9
20070512,6
20070513,1
20070514,12
20070515,16
20070516,23
20070517,19
20070518,5
20070519,4
20070520,1
20070521,9
20070522,10
20070523,14
20070524,14
20070525,23
20070526,8
20070527,2
20070529,5
20070530,11
20070531,14
20070601,17
20070602,5
20070604,6
20070605,6
20070606,15
20070607,10
20070608,14
20070609,4
20070610,1
20070611,15
20070612,6
20070613,12
20070614,12
20070615,14
20070616,2
20070617,2
20070618,12
20070619,11
20070620,13
20070621,10
20070622,7
20070623,6
20070624,1
20070625,14
20070626,18
20070627,11
20070628,14
20070629,14
20070630,5
20070701,1
20070702,11
20070703,7
20070704,2
20070705,13
20070706,13
20070707,3
20070708,3
20070709,10
20070710,16
20070711,22
20070712,15
20070713,10
20070714,6
20070715,3
20070716,11
20070717,15
20070718,24
20070719,22
20070720,12
20070721,3
20070722,1
20070723,13
20070724,10
20070725,24
20070726,17
20070727,25
20070728,6
20070729,4
20070730,13
20070731,16
20070801,16
20070802,21
20070803,17
20070804,7
20070805,2
20070806,14
20070807,23
20070808,24
20070809,24
20070810,17
20070811,5
20070812,1
20070813,9
20070814,15
20070815,12
20070816,23
20070817,17
20070818,6
20070819,5
20070820,14
20070821,21
20070822,16
20070823,18
20070824,26
20070825,7
20070826,4
20070827,20
20070828,18
20070829,23
20070830,17
20070831,31
20070901,7
20070902,5
20070903,2
20070904,12
20070905,26
20070906,24
20070907,16
20070908,9
20070909,2
20070910,21
20070911,14
20070912,22
20070913,18
20070914,18
20070915,8
20070916,2
20070917,13
20070918,22
20070919,32
20070920,19
20070921,13
20070922,11
20070923,2
20070924,12
20070925,21
20070926,17
20070927,15
20070928,13
20070929,10
20070930,3
20071001,15
20071002,17
20071003,22
20071004,14
20071005,24
20071006,9
20071007,2
20071008,14
20071009,17
20071010,14
20071011,15
20071012,21
20071013,5
20071014,1
20071015,12
20071016,20
20071017,31
20071018,23
20071019,18
20071020,9
20071021,3
20071022,11
20071023,20
20071024,33
20071025,26
20071026,26
20071027,7
20071029,12
20071030,17
20071031,32
20071101,25
20071102,15
20071103,7
20071104,4
20071105,13
20071106,15
20071107,25
20071108,24
20071109,27
20071110,4
20071111,1
20071112,14
20071113,16
20071114,27
20071115,27
20071116,21
20071117,12
20071119,17
20071120,26
20071121,27
20071122,5
20071123,18
20071124,5
20071125,2
20071126,23
20071127,27
20071128,21
20071129,24
20071130,24
20071201,9
20071202,1
20071203,23
20071204,16
20071205,23
20071206,30
20071207,33
20071208,7
20071209,2
20071210,21
20071211,25
20071212,33
20071213,18
20071214,22
20071215,10
20071216,3
20071217,28
20071218,25
20071219,24
20071220,10
20071221,29
20071222,8
20071223,4
20071224,13
20071225,1
20071226,23
20071227,23
20071228,30
20071229,11
20071230,1
20071231,16
20080101,1
20080102,43
20080103,24
20080104,18
20080105,7
20080106,2
20080107,21
20080108,17
20080109,22
20080110,21
20080111,36
20080112,10
20080113,4
20080114,16
20080115,30
20080116,37
20080117,28
20080118,31
20080119,9
20080120,1
20080121,3
20080122,24
20080123,33
20080124,39
20080125,25
20080126,9
20080127,1
20080128,18
20080129,38
20080130,26
20080131,29
20080201,17
20080202,7
20080204,12
20080205,15
20080206,27
20080207,16
20080208,20
20080209,4
20080210,4
20080211,12
20080212,18
20080213,17
20080214,19
20080215,22
20080216,6
20080218,4
20080219,16
20080220,24
20080221,16
20080222,17
20080223,9
20080225,22
20080226,29
20080227,31
20080228,27
20080229,34
20080301,6
20080302,2
20080303,22
20080304,12
20080305,23
20080306,24
20080307,18
20080308,8
20080309,3
20080310,16
20080311,12
20080312,22
20080313,24
20080314,14
20080315,9
20080316,2
20080317,16
20080318,17
20080319,25
20080320,16
20080321,12
20080322,10
20080323,3
20080324,22
20080325,27
20080326,17
20080327,23
20080328,25
20080329,15
20080330,2
20080331,22
20080401,19
20080402,23
20080403,26
20080404,22
20080405,9
20080406,2
20080407,16
20080408,22
20080409,30
20080410,34
20080411,25
20080412,9
20080413,3
20080414,20
20080415,20
20080416,25
20080417,22
20080418,25
20080419,8
20080420,1
20080421,25
20080422,14
20080423,22
20080424,26
20080425,22
20080426,11
20080428,9
20080429,18
20080430,25
20080501,22
20080502,13
20080503,10
20080504,1
20080505,11
20080506,17
20080507,20
20080508,22
20080509,30
20080510,7
20080511,1
20080512,15
20080513,17
20080514,15
20080515,26
20080516,32
20080517,9
20080518,1
20080519,22
20080520,13
20080521,26
20080522,17
20080523,25
20080524,9
20080525,1
20080526,1
20080527,24
20080528,26
20080529,17
20080530,14
20080531,5
20080601,3
20080602,17
20080603,20
20080604,21
20080605,24
20080606,23
20080607,4
20080608,3
20080609,15
20080610,13
20080611,22
20080612,23
20080613,11
20080614,5
20080615,4
20080616,10
20080617,23
20080618,22
20080619,21
20080620,12
20080621,5
20080623,12
20080624,19
20080625,21
20080626,24
20080627,18
20080628,7
20080629,2
20080630,11
20080701,15
20080702,27
20080703,21
20080705,7
20080707,13
20080708,24
20080709,27
20080710,20
20080711,36
20080712,13
20080713,1
20080714,35
20080715,24
20080716,29
20080717,31
20080718,31
20080719,10
20080720,2
20080721,15
20080722,20
20080723,28
20080724,28
20080725,36
20080726,14
20080727,3
20080728,24
20080729,18
20080730,28
20080731,25
20080801,14
20080802,11
20080803,2
20080804,12
20080805,11
20080806,25
20080807,19
20080808,19
20080809,10
20080810,2
20080811,14
20080812,6
20080813,18
20080814,16
20080815,13
20080816,4
20080817,3
20080818,12
20080819,26
20080820,34
20080821,17
20080822,25
20080823,5
20080824,3
20080825,19
20080826,26
20080827,36
20080828,14
20080829,22
20080830,5
20080831,1
20080901,5
20080902,13
20080903,24
20080904,12
20080905,18
20080906,10
20080907,3
20080908,33
20080909,36
20080910,22
20080911,20
20080912,18
20080913,7
20080914,2
20080915,12
20080916,32
20080917,25
20080918,26
20080919,22
20080920,9
20080921,1
20080922,20
20080923,22
20080924,25
20080925,16
20080926,16
20080927,12
20080928,5
20080929,19
20080930,35
20081001,61
20081002,17
20081003,15
20081004,6
20081006,6
20081007,17
20081008,21
20081009,18
20081010,17
20081011,3
20081012,2
20081013,13
20081014,15
20081015,28
20081016,17
20081017,15
20081018,11
20081019,2
20081020,9
20081021,15
20081022,18
20081023,20
20081024,24
20081025,7
20081026,2
20081027,12
20081028,18
20081029,19
20081030,17
20081031,14
20081101,6
20081102,1
20081103,14
20081104,7
20081105,13
20081106,7
20081107,10
20081108,1
20081109,2
20081110,18
20081111,20
20081112,16
20081113,9
20081114,7
20081115,11
20081116,2
20081117,12
20081118,14
20081119,12
20081120,17
20081121,10
20081122,7
20081124,14
20081125,21
20081126,16
20081127,5
20081128,8
20081129,5
20081201,10
20081202,15
20081203,14
20081204,15
20081205,16
20081206,7
20081207,2
20081208,8
20081209,11
20081210,18
20081211,18
20081212,5
20081213,3
20081214,2
20081215,10
20081216,17
20081217,19
20081218,15
20081219,7
20081220,4
20081221,2
20081222,9
20081223,10
20081224,15
20081225,3
20081226,12
20081227,4
20081228,3
20081229,3
20081230,11
20081231,18
20090101,3
20090102,19
20090103,8
20090104,3
20090105,10
20090106,13
20090107,13
20090108,12
20090109,13
20090110,6
20090111,1
20090112,11
20090113,15
20090114,17
20090115,20
20090116,9
20090117,4
20090118,2
20090119,1
20090120,7
20090121,15
20090122,16
20090123,15
20090124,5
20090126,10
20090127,21
20090128,26
20090129,13
20090130,20
20090131,9
20090202,13
20090203,11
20090204,16
20090205,16
20090206,11
20090207,4
20090208,1
20090209,11
20090210,16
20090211,14
20090212,20
20090213,17
20090214,9
20090215,4
20090216,3
20090217,14
20090218,23
20090219,21
20090220,10
20090221,9
20090222,1
20090223,16
20090224,15
20090225,23
20090226,20
20090227,23
20090228,8
20090301,1
20090302,15
20090303,13
20090304,9
20090305,11
20090306,13
20090307,7
20090308,1
20090309,15
20090310,10
20090311,20
20090312,10
20090313,11
20090314,10
20090315,4
20090316,9
20090317,11
20090318,24
20090319,13
20090320,15
20090321,7
20090322,4
20090323,8
20090324,13
20090325,8
20090326,8
20090327,20
20090328,8
20090329,1
20090330,11
20090331,8
20090401,16
20090402,15
20090403,16
20090404,4
20090405,1
20090406,16
20090407,6
20090408,16
20090409,15
20090410,13
20090411,7
20090412,2
20090413,9
20090414,16
20090415,13
20090416,15
20090417,13
20090418,2
20090419,1
20090420,5
20090421,6
20090422,13
20090423,21
20090424,16
20090425,5
20090426,1
20090427,6
20090428,9
20090429,23
20090430,10
20090501,14
20090502,6
20090503,1
20090504,12
20090505,20
20090506,15
20090507,9
20090508,7
20090509,5
20090510,1
20090511,11
20090512,10
20090513,18
20090514,16
20090515,11
20090516,2
20090517,1
20090518,12
20090519,21
20090520,25
20090521,13
20090522,13
20090523,6
20090524,3
20090525,3
20090526,22
20090527,22
20090528,16
20090529,15
20090530,1
20090531,1
20090601,9
20090602,12
20090603,13
20090604,17
20090605,11
20090606,2
20090607,1
20090608,6
20090609,7
20090610,19
20090611,11
20090612,20
20090613,5
20090614,2
20090615,12
20090616,19
20090617,15
20090618,16
20090619,16
20090620,6
20090621,2
20090622,15
20090623,9
20090624,15
20090625,16
20090626,11
20090627,2
20090628,3
20090629,5
20090630,7
20090701,15
20090702,10
20090703,8
20090704,1
20090706,5
20090707,13
20090708,11
20090709,11
20090710,6
20090711,8
20090712,1
20090713,8
20090714,11
20090715,5
20090716,20
20090717,9
20090718,4
20090719,2
20090720,14
20090721,8
20090722,15
20090723,15
20090724,6
20090725,3
20090726,3
20090727,7
20090728,11
20090729,13
20090730,10
20090731,5
20090801,6
20090802,2
20090803,6
20090804,7
20090805,14
20090806,10
20090807,10
20090808,4
20090809,1
20090810,9
20090811,14
20090812,10
20090813,15
20090814,8
20090815,2
20090816,4
20090817,14
20090818,12
20090819,21
20090820,9
20090821,17
20090822,10
20090823,3
20090824,12
20090825,15
20090826,14
20090827,14
20090828,6
20090829,1
20090830,3
20090831,5
20090901,15
20090902,12
20090903,12
20090904,15
20090905,9
20090907,2
20090908,10
20090909,5
20090910,9
20090911,10
20090912,3
20090913,2
20090914,13
20090915,12
20090916,14
20090917,18
20090918,16
20090919,7
20090920,1
20090921,11
20090922,9
20090923,24
20090924,14
20090925,21
20090926,3
20090928,16
20090929,12
20090930,14
20091001,13
20091002,10
20091003,5
20091004,1
20091005,13
20091006,9
20091007,11
20091008,9
20091009,9
20091010,5
20091011,4
20091012,10
20091013,10
20091014,14
20091015,18
20091016,13
20091017,3
20091018,2
20091019,10
20091020,15
20091021,21
20091022,19
20091023,15
20091024,4
20091025,1
20091026,7
20091027,18
20091028,18
20091029,16
20091030,23
20091031,5
20091101,5
20091102,9
20091103,9
20091104,15
20091105,17
20091106,14
20091107,9
20091108,2
20091109,9
20091110,15
20091111,14
20091112,15
20091113,10
20091114,1
20091115,3
20091116,11
20091117,18
20091118,27
20091119,16
20091120,13
20091121,2
20091122,3
20091123,17
20091124,11
20091125,12
20091126,6
20091127,9
20091128,3
20091129,1
20091130,9
20091201,11
20091202,14
20091203,15
20091204,15
20091205,2
20091206,1
20091207,4
20091208,5
20091209,12
20091210,12
20091211,8
20091212,3
20091213,1
20091214,12
20091215,18
20091216,18
20091217,13
20091218,9
20091219,2
20091220,1
20091221,15
20091222,10
20091223,11
20091224,15
20091226,1
20091227,1
20091228,12
20091229,13
20091230,10
20091231,10
20100101,2
20100102,2
20100103,3
20100104,14
20100105,12
20100106,8
20100107,13
20100108,14
20100109,3
20100110,3
20100111,7
20100112,12
20100113,13
20100114,15
20100115,11
20100116,4
20100117,5
20100118,5
20100119,24
20100120,17
20100121,15
20100122,13
20100123,1
20100124,3
20100125,9
20100126,19
20100127,24
20100128,19
20100129,12
20100130,4
20100131,1
20100201,15
20100202,19
20100203,14
20100204,14
20100205,13
20100206,2
20100207,2
20100208,8
20100209,7
20100210,11
20100211,20
20100212,14
20100213,1
20100214,3
20100215,7
20100216,14
20100217,13
20100218,16
20100219,10
20100220,8
20100221,4
20100222,12
20100223,23
20100224,24
20100225,19
20100226,16
20100227,9
20100228,8
20100301,17
20100302,19
20100303,13
20100304,14
20100305,21
20100306,3
20100307,3
20100308,10
20100309,11
20100310,14
20100311,10
20100312,16
20100313,8
20100314,1
20100315,13
20100316,21
20100317,15
20100318,15
20100319,13
20100320,6
20100322,11
20100323,16
20100324,14
20100325,10
20100326,9
20100327,10
20100328,1
20100329,8
20100330,8
20100331,11
20100401,7
20100402,10
20100403,8
20100404,3
20100405,7
20100406,12
20100407,16
20100408,9
20100409,7
20100410,3
20100411,3
20100412,8
20100413,6
20100414,9
20100415,11
20100416,12
20100417,13
20100418,2
20100419,14
20100420,16
20100421,10
20100422,9
20100423,17
20100424,11
20100425,4
20100426,15
20100427,13
20100428,17
20100429,13
20100430,14
20100501,9
20100502,3
20100503,17
20100504,13
20100505,5
20100506,8
20100507,9
20100508,4
20100509,4
20100510,8
20100511,16
20100512,12
20100513,10
20100514,5
20100515,11
20100516,4
20100517,12
20100518,16
20100519,10
20100520,10
20100521,11
20100522,9
20100523,4
20100524,18
20100525,10
20100526,8
20100527,12
20100528,8
20100529,5
20100530,2
20100531,7
20100601,13
20100602,17
20100603,9
20100604,8
20100605,6
20100606,1
20100607,7
20100608,14
20100609,19
20100610,21
20100611,17
20100612,6
20100613,1
20100614,15
20100615,13
20100616,24
20100617,31
20100618,10
20100619,6
20100620,3
20100621,17
20100622,22
20100623,28
20100624,25
20100625,18
20100626,11
20100627,3
20100628,20
20100629,18
20100630,32
20100701,21
20100702,19
20100703,9
20100704,1
20100705,4
20100706,10
20100707,15
20100708,4
20100709,12
20100710,12
20100711,6
20100712,6
20100713,10
20100714,25
20100715,20
20100716,14
20100717,8
20100718,4
20100719,18
20100720,14
20100721,20
20100722,19
20100723,23
20100724,2
20100725,4
20100726,15
20100727,24
20100728,20
20100729,19
20100730,19
20100731,6
20100801,5
20100802,12
20100803,27
20100804,24
20100805,11
20100806,18
20100807,11
20100808,1
20100809,11
20100810,23
20100811,19
20100812,14
20100813,17
20100814,10
20100815,4
20100816,26
20100817,22
20100818,19
20100819,19
20100820,14
20100821,11
20100823,18
20100824,24
20100825,37
20100826,24
20100827,11
20100828,12
20100829,5
20100830,10
20100831,23
20100901,20
20100902,25
20100903,17
20100904,10
20100905,1
20100906,4
20100907,16
20100908,22
20100909,11
20100910,9
20100911,9
20100912,3
20100913,22
20100914,11
20100915,17
20100916,28
20100917,15
20100918,8
20100919,2
20100920,24
20100921,26
20100922,23
20100923,19
20100924,22
20100925,7
20100926,5
20100927,32
20100928,18
20100929,19
20100930,17
20101001,30
20101002,11
20101003,2
20101004,11
20101005,19
20101006,16
20101007,16
20101008,16
20101009,11
20101011,13
20101012,18
20101013,24
20101014,21
20101015,22
20101016,11
20101017,3
20101018,17
20101019,17
20101020,23
20101021,26
20101022,12
20101023,12
20101024,3
20101025,27
20101026,19
20101027,15
20101028,12
20101029,21
20101030,7
20101031,4
20101101,16
20101102,22
20101103,21
20101104,17
20101105,22
20101106,10
20101107,3
20101108,13
20101109,14
20101110,25
20101111,21
20101112,12
20101113,6
20101114,3
20101115,13
20101116,27
20101117,23
20101118,23
20101119,17
20101120,6
20101121,2
20101122,17
20101123,14
20101124,19
20101125,14
20101126,17
20101127,7
20101128,5
20101129,8
20101130,19
20101201,19
20101202,23
20101203,18
20101204,7
20101205,2
20101206,11
20101207,10
20101208,17
20101209,21
20101210,11
20101211,8
20101212,4
20101213,14
20101214,22
20101215,19
20101216,16
20101217,16
20101218,8
20101219,3
20101220,16
20101221,9
20101222,12
20101223,11
20101224,6
20101226,5
20101227,7
20101228,16
20101229,23
20101230,12
20101231,15
20110101,1
20110102,4
20110103,20
20110104,9
20110105,17
20110106,17
20110107,17
20110108,9
20110109,3
20110110,18
20110111,17
20110112,10
20110113,21
20110114,27
20110115,9
20110116,5
20110117,6
20110118,11
20110119,30
20110120,20
20110121,16
20110122,11
20110123,2
20110124,18
20110125,28
20110126,28
20110127,24
20110128,21
20110129,5
20110130,2
20110131,16
20110201,17
20110202,17
20110203,16
20110204,13
20110205,8
20110206,1
20110207,14
20110208,18
20110209,18
20110210,14
20110211,19
20110212,13
20110213,5
20110214,19
20110215,20
20110216,28
20110217,20
20110218,18
20110219,7
20110220,3
20110221,9
20110222,16
20110223,23
20110224,20
20110225,13
20110226,14
20110227,4
20110228,23
20110301,27
20110302,18
20110303,18
20110304,25
20110305,9
20110306,5
20110307,13
20110308,14
20110309,15
20110310,15
20110311,18
20110312,6
20110313,5
20110314,18
20110315,21
20110316,16
20110317,24
20110318,15
20110319,10
20110320,1
20110321,19
20110322,14
20110323,28
20110324,23
20110325,23
20110326,10
20110327,3
20110328,21
20110329,29
20110330,23
20110331,22
20110401,24
20110402,9
20110403,1
20110404,14
20110405,22
20110406,23
20110407,17
20110408,18
20110409,3
20110410,3
20110411,23
20110412,12
20110413,22
20110414,20
20110415,18
20110416,9
20110417,2
20110418,17
20110419,25
20110420,26
20110421,17
20110422,14
20110423,5
20110424,2
20110425,22
20110426,21
20110427,24
20110428,17
20110429,18
20110430,13
20110501,9
20110502,16
20110503,14
20110504,18
20110505,19
20110506,14
20110507,6
20110508,3
20110509,26
20110510,21
20110511,18
20110512,13
20110513,16
20110514,7
20110515,1
20110516,25
20110517,28
20110518,30
20110519,16
20110520,18
20110521,13
20110522,1
20110523,14
20110524,18
20110525,27
20110526,20
20110527,22
20110528,12
20110530,3
20110531,35
20110601,40
20110602,28
20110603,21
20110604,6
20110605,7
20110606,26
20110607,24
20110608,22
20110609,25
20110610,29
20110611,10
20110612,3
20110613,23
20110614,22
20110615,31
20110616,31
20110617,24
20110618,9
20110619,4
20110620,26
20110621,29
20110622,40
20110623,27
20110624,21
20110625,7
20110626,7
20110627,20
20110628,26
20110629,37
20110630,26
20110701,18
20110702,8
20110703,2
20110704,4
20110705,22
20110706,27
20110707,27
20110708,15
20110709,8
20110710,2
20110711,10
20110712,22
20110713,21
20110714,14
20110715,20
20110716,7
20110717,1
20110718,23
20110719,25
20110720,24
20110721,29
20110722,27
20110723,7
20110724,2
20110725,22
20110726,17
20110727,26
20110728,25
20110729,25
20110730,8
20110731,3
20110801,11
20110802,17
20110803,14
20110804,18
20110805,20
20110806,13
20110807,8
20110808,23
20110809,29
20110810,31
20110811,19
20110812,21
20110813,9
20110814,5
20110815,26
20110816,25
20110817,26
20110818,22
20110819,22
20110820,7
20110821,4
20110822,16
20110823,25
20110824,23
20110825,28
20110826,14
20110827,7
20110828,3
20110829,15
20110830,21
20110831,29
20110901,21
20110902,22
20110903,16
20110904,2
20110905,8
20110906,30
20110907,29
20110908,38
20110909,14
20110910,6
20110911,4
20110912,24
20110913,20
20110914,15
20110915,25
20110916,19
20110917,8
20110918,6
20110919,23
20110920,37
20110921,33
20110922,43
20110923,17
20110924,9
20110925,3
20110926,16
20110927,27
20110928,23
20110929,22
20110930,15
20111001,13
20111002,1
20111003,12
20111004,20
20111005,25
20111006,19
20111007,21
20111008,8
20111009,2
20111010,15
20111011,23
20111012,20
20111013,14
20111014,22
20111015,14
20111016,3
20111017,17
20111018,29
20111019,28
20111020,25
20111021,22
20111022,7
20111023,4
20111024,34
20111025,27
20111026,24
20111027,17
20111028,27
20111029,5
20111030,3
20111031,24
20111101,19
20111102,28
20111103,22
20111104,15
20111105,11
20111106,2
20111107,23
20111108,18
20111109,22
20111110,25
20111111,18
20111112,6
20111113,4
20111114,17
20111115,22
20111116,25
20111117,39
20111118,31
20111119,8
20111120,4
20111121,27
20111122,12
20111123,11
20111124,1
20111125,13
20111126,6
20111127,3
20111128,29
20111129,25
20111130,21
20111201,12
20111202,18
20111203,5
20111205,14
20111206,17
20111207,20
20111208,15
20111209,27
20111210,7
20111212,22
20111213,25
20111214,25
20111215,11
20111216,15
20111217,3
20111218,3
20111219,28
20111220,35
20111221,25
20111222,19
20111223,18
20111224,9
20111225,1
20111226,2
20111227,14
20111228,12
20111229,24
20111230,16
20111231,10
20120101,3
20120102,3
20120103,22
20120104,25
20120105,29
20120106,28
20120107,6
20120108,5
20120109,19
20120110,24
20120111,36
20120112,26
20120113,31
20120114,7
20120116,6
20120117,24
20120118,32
20120119,21
20120120,22
20120121,7
20120122,5
20120123,25
20120124,32
20120125,24
20120126,22
20120127,40
20120128,14
20120129,2
20120130,19
20120131,31
20120201,39
20120202,30
20120203,31
20120204,11
20120205,5
20120206,19
20120207,20
20120208,24
20120209,27
20120210,27
20120211,7
20120212,6
20120213,17
20120214,16
20120215,29
20120216,38
20120217,25
20120218,9
20120219,2
20120220,8
20120221,23
20120222,30
20120223,27
20120224,27
20120225,10
20120226,3
20120227,25
20120228,29
20120229,36
20120301,20
20120302,24
20120303,8
20120304,2
20120305,21
20120306,24
20120307,20
20120308,13
20120309,23
20120310,6
20120311,13
20120312,18
20120313,29
20120314,17
20120315,15
20120316,24
20120317,2
20120318,5
20120319,33
20120320,23
20120321,18
20120322,29
20120323,35
20120324,1
20120325,10
20120326,23
20120327,25
20120328,18
20120329,21
20120330,13
20120331,5
20120401,14
20120402,25
20120403,22
20120404,21
20120405,17
20120406,16
20120408,2
20120409,18
20120410,24
20120411,16
20120412,18
20120413,26
20120414,2
20120415,4
20120416,25
20120417,32
20120418,17
20120419,36
20120420,25
20120421,4
20120422,8
20120423,24
20120424,30
20120425,25
20120426,26
20120427,21
20120428,4
20120429,6
20120430,27
20120501,21
20120502,13
20120503,18
20120504,25
20120505,2
20120506,5
20120507,15
20120508,19
20120509,17
20120510,19
20120511,19
20120512,1
20120513,5
20120514,16
20120515,29
20120516,32
20120517,9
20120518,20
20120519,2
20120520,7
20120521,12
20120522,26
20120523,18
20120524,14
20120525,14
20120526,1
20120528,10
20120529,38
20120530,21
20120531,16
20120601,17
20120602,3
20120603,4
20120604,12
20120605,19
20120606,24
20120607,19
20120608,20
20120609,2
20120610,1
20120611,26
20120612,23
20120613,23
20120614,16
20120615,25
20120616,3
20120617,3
20120618,23
20120619,37
20120620,22
20120621,31
20120622,8
20120624,2
20120625,16
20120626,33
20120627,26
20120628,19
20120629,16
20120630,1
20120701,3
20120702,17
20120703,13
20120704,7
20120705,17
20120706,5
20120707,1
20120708,2
20120709,19
20120710,24
20120711,21
20120712,31
20120713,20
20120714,2
20120715,1
20120716,18
20120717,29
20120718,34
20120719,36
20120720,20
20120721,4
20120722,3
20120723,21
20120724,24
20120725,28
20120726,14
20120727,14
20120728,2
20120729,4
20120730,19
20120731,20
20120801,27
20120802,24
20120803,25
20120805,4
20120806,13
20120807,19
20120808,22
20120809,17
20120810,24
20120811,2
20120812,4
20120813,20
20120814,28
20120815,36
20120816,23
20120817,23
20120818,1
20120819,6
20120820,13
20120821,15
20120822,19
20120823,22
20120824,20
20120825,2
20120826,3
20120827,17
20120828,25
20120829,28
20120830,21
20120831,27
20120901,3
20120902,4
20120903,7
20120904,15
20120905,15
20120906,20
20120907,17
20120908,2
20120909,7
20120910,27
20120911,11
20120912,15
20120913,21
20120914,29
20120915,2
20120916,6
20120917,16
20120918,41
20120919,34
20120920,23
20120921,20
20120922,3
20120923,3
20120924,21
20120925,41
20120926,27
20120927,20
20120928,21
20120929,2
20120930,3
20121001,18
20121002,11
20121003,25
20121004,22
20121005,32
20121006,1
20121007,9
20121008,15
20121009,20
20121010,17
20121011,20
20121012,26
20121013,3
20121014,5
20121015,25
20121016,21
20121017,40
20121018,21
20121019,23
20121020,4
20121021,15
20121022,33
20121023,17
20121024,42
20121025,32
20121026,25
20121028,6
20121029,18
20121030,14
20121031,17
20121101,24
20121102,27
20121103,5
20121104,10
20121105,22
20121106,22
20121107,26
20121108,24
20121109,25
20121110,1
20121111,6
20121112,16
20121113,26
20121114,22
20121115,25
20121116,31
20121118,4
20121119,30
20121120,28
20121121,16
20121122,3
20121123,6
20121124,3
20121125,6
20121126,21
20121127,22
20121128,21
20121129,23
20121130,10
20121201,2
20121202,7
20121203,18
20121204,18
20121205,18
20121206,18
20121207,18
20121208,1
20121209,10
20121210,12
20121211,18
20121212,17
20121213,22
20121214,31
20121216,4
20121217,21
20121218,18
20121219,32
20121220,26
20121221,19
20121222,1
20121223,8
20121224,4
20121225,10
20121226,9
20121227,13
20121228,8
20121229,5
20121230,12
20121231,3
20130101,15
20130102,22
20130103,20
20130104,13
20130105,1
20130106,5
20130107,16
20130108,23
20130109,23
20130110,26
20130111,19
20130113,6
20130114,27
20130115,21
20130116,26
20130117,47
20130118,29
20130119,1
20130120,8
20130121,13
20130122,26
20130123,17
20130124,15
20130125,26
20130127,9
20130128,29
20130129,23
20130130,17
20130131,23
20130201,37
20130202,2
20130203,11
20130204,18
20130205,24
20130206,19
20130207,20
20130208,21
20130210,8
20130211,24
20130212,18
20130213,19
20130214,25
20130215,13
20130216,2
20130217,1
20130218,10
20130219,23
20130220,33
20130221,14
20130222,24
20130223,3
20130224,13
20130225,19
20130226,33
20130227,27
20130228,21
20130301,29
20130302,1
20130303,7
20130304,24
20130305,33
20130306,30
20130307,22
20130308,25
20130309,1
20130310,6
20130311,17
20130312,16
20130313,18
20130314,25
20130315,23
20130316,3
20130317,7
20130318,18
20130319,31
20130320,28
20130321,24
20130322,23
20130324,13
20130325,18
20130326,23
20130327,22
20130328,24
20130329,13
20130331,7
20130401,21
20130402,19
20130403,20
20130404,25
20130405,25
20130406,1
20130407,14
20130408,18
20130409,19
20130410,27
20130411,25
20130412,27
20130414,4
20130415,25
20130416,43
20130417,29
20130418,28
20130419,19
20130420,1
20130421,4
20130422,25
20130423,26
20130424,30
20130425,26
20130426,23
20130428,10
20130429,20
20130430,27
20130501,27
20130502,26
20130503,20
20130504,1
20130505,10
20130506,21
20130507,22
20130508,31
20130509,18
20130510,11
20130512,9
20130513,13
20130514,25
20130515,33
20130516,38
20130517,21
20130518,1
20130519,9
20130520,22
20130521,25
20130522,34
20130523,24
20130524,18
20130525,1
20130526,1
20130527,15
20130528,37
20130529,24
20130530,22
20130531,35
20130601,4
20130602,7
20130603,27
20130604,18
20130605,30
20130606,20
20130607,20
20130608,3
20130609,4
20130610,15
20130611,12
20130612,28
20130613,20
20130614,16
20130616,9
20130617,31
20130618,3
20130619,27
20130620,30
20130621,23
20130622,1
20130623,5
20130624,19
20130625,28
20130626,24
20130627,24
20130628,16
20130629,2
20130630,4
20130701,29
20130702,18
20130703,11
20130704,13
20130705,16
20130706,1
20130707,7
20130708,20
20130709,16
20130710,14
20130711,28
20130712,30
20130714,4
20130715,21
20130716,34
20130717,29
20130718,25
20130719,20
20130721,10
20130722,19
20130723,21
20130724,34
20130725,36
20130726,17
20130727,2
20130728,7
20130729,22
20130730,34
20130731,34
20130801,31
20130802,25
20130803,1
20130804,4
20130805,9
20130806,31
20130807,27
20130808,22
20130809,19
20130810,2
20130811,10
20130812,28
20130813,29
20130814,22
20130815,38
20130816,28
20130817,3
20130818,8
20130819,29
20130820,33
20130821,32
20130822,25
20130823,34
20130824,1
20130825,11
20130826,18
20130827,29
20130828,24
20130829,24
20130830,22
20130831,2
20130901,1
20130902,14
20130903,20
20130904,21
20130905,28
20130906,24
20130908,13
20130909,26
20130910,20
20130911,24
20130912,19
20130913,19
20130914,3
20130915,18
20130916,38
20130917,26
20130918,39
20130919,25
20130920,31
20130921,2
20130922,8
20130923,20
20130924,24
20130925,31
20130926,23
20130927,28
20130928,1
20130929,8
20130930,26
20131001,30
20131002,15
20131003,24
20131004,14
20131005,1
20131006,5
20131007,15
20131008,16
20131009,31
20131010,20
20131011,15
20131012,3
20131013,6
20131014,17
20131015,28
20131016,14
20131017,30
20131018,22
20131019,1
20131020,16
20131021,27
20131022,23
20131023,17
20131024,17
20131025,22
20131027,10
20131028,25
20131029,25
20131030,28
20131031,29
20131101,19
20131102,2
20131103,7
20131104,23
20131105,22
20131106,36
20131107,21
20131108,21
20131109,2
20131110,7
20131111,21
20131112,23
20131113,31
20131114,13
20131115,18
20131117,6
20131118,26
20131119,31
20131120,31
20131121,27
20131122,22
20131123,1
20131124,5
20131125,20
20131126,25
20131127,15
20131128,15
20131129,13
20131201,3
20131202,13
20131203,9
20131204,24
20131205,24
20131206,23
20131208,10
20131209,27
20131210,23
20131211,20
20131212,23
20131213,19
20131214,2
20131215,10
20131216,16
20131217,26
20131218,40
20131219,28
20131220,16
20131221,2
20131222,7
20131223,16
20131224,8
20131225,4
20131226,11
20131227,17
20131228,4
20131229,3
20131230,33
20131231,11
20140101,7
20140102,16
20140103,23
20140104,3
20140105,14
20140106,17
20140107,22
20140108,18
20140109,30
20140110,12
20140111,2
20140112,4
20140113,18
20140114,29
20140115,26
20140116,16
20140117,25
20140118,2
20140119,2
20140120,9
20140121,18
20140122,29
20140123,25
20140124,20
20140125,2
20140127,27
20140128,24
20140129,17
20140130,30
20140131,13
20140202,1
20140203,17
20140204,19
20140205,14
20140206,24
20140207,16
20140208,4
20140209,4
20140210,17
20140211,21
20140212,17
20140213,23
20140214,17
20140215,1
20140216,5
20140217,7
20140218,23
20140219,20
20140220,16
20140221,31
20140223,5
20140224,29
20140225,37
20140226,31
20140227,27
20140228,22
20140301,2
20140302,7
20140303,24
20140304,18
20140305,23
20140306,24
20140307,14
20140308,1
20140309,9
20140310,21
20140311,16
20140312,17
20140313,14
20140314,15
20140315,4
20140316,7
20140317,33
20140318,25
20140319,20
20140320,21
20140321,23
20140322,3
20140323,3
20140324,20
20140325,23
20140326,24
20140327,28
20140328,16
20140329,3
20140330,5
20140331,15
20140401,27
20140402,28
20140403,35
20140404,20
20140405,1
20140406,5
20140407,18
20140408,20
20140409,14
20140410,23
20140411,14
20140412,2
20140413,13
20140414,24
20140415,24
20140416,38
20140417,25
20140418,13
20140419,1
20140420,9
20140421,12
20140422,29
20140423,27
20140424,30
20140425,32
20140426,1
20140427,2
20140428,24
20140429,21
20140430,32
20140501,22
20140502,18
20140504,9
20140505,25
20140506,19
20140507,17
20140508,34
20140509,11
20140510,1
20140511,5
20140512,25
20140513,37
20140514,30
20140515,39
20140516,25
20140517,3
20140518,11
20140519,19
20140520,41
20140521,30
20140522,28
20140523,31
20140524,2
20140525,3
20140526,4
20140527,22
20140528,19
20140529,28
20140530,21
20140531,1
20140601,5
20140602,19
20140603,21
20140604,23
20140605,25
20140606,19
20140608,10
20140609,22
20140610,12
20140611,23
20140612,27
20140613,24
20140614,2
20140615,6
20140616,24
20140617,29
20140618,18
20140619,20
20140620,18
20140622,9
20140623,22
20140624,30
20140625,18
20140626,28
20140627,19
20140629,4
20140630,25
20140701,27
20140702,14
20140703,16
20140704,7
20140706,3
20140707,15
20140708,23
20140709,19
20140710,14
20140711,12
20140712,2
20140713,12
20140714,22
20140715,25
20140716,38
20140717,33
20140718,18
20140720,6
20140721,11
20140722,20
20140723,22
20140724,31
20140725,20
20140726,2
20140727,6
20140728,18
20140729,20
20140730,20
20140731,20
20140801,21
20140802,1
20140803,3
20140804,15
20140805,12
20140806,6
20140807,21
20140808,14
20140809,2
20140810,8
20140811,19
20140812,18
20140813,48
20140814,22
20140815,20
20140816,1
20140817,9
20140818,25
20140819,31
20140820,29
20140821,29
20140822,14
20140823,4
20140824,3
20140825,16
20140826,16
20140827,10
20140828,18
20140829,17
20140830,1
20140831,2
20140901,7
20140902,18
20140903,19
20140904,16
20140905,16
20140906,3
20140907,2
20140908,19
20140909,17
20140910,10
20140911,9
20140912,16
20140913,2
20140914,4
20140915,15
20140916,19
20140917,22
20140918,31
20140919,16
20140920,1
20140921,10
20140922,21
20140923,23
20140924,24
20140925,17
20140926,11
20140927,3
20140928,10
20140929,18
20140930,25
20141001,23
20141002,24
20141003,8
20141004,2
20141005,4
20141006,15
20141007,15
20141008,11
20141009,18
20141010,8
20141011,3
20141012,4
20141013,16
20141014,15
20141015,22
20141016,23
20141017,25
20141018,3
20141019,8
20141020,18
20141021,23
20141022,27
20141023,20
20141024,19
20141026,10
20141027,16
20141028,17
20141029,14
20141030,15
20141031,10
20141101,3
20141102,5
20141103,21
20141104,14
20141105,11
20141106,19
20141107,16
20141109,4
20141110,10
20141111,9
20141112,14
20141113,10
20141114,15
20141116,4
20141117,13
20141118,14
20141119,26
20141120,26
20141121,15
20141122,2
20141123,6
20141124,11
20141125,22
20141126,12
20141127,7
20141128,9
20141129,2
20141130,9
20141201,29
20141202,23
20141203,16
20141204,17
20141205,18
20141206,2
20141207,6
20141208,15
20141209,13
20141210,17
20141211,15
20141212,12
20141213,3
20141214,5
20141215,17
20141216,16
20141217,11
20141218,7
20141219,13
20141220,2
20141221,15
20141222,12
20141223,21
20141224,5
20141225,7
20141226,6
20141227,1
20141228,4
20141229,15
20141230,16
20141231,7
20150101,7
20150102,16
20150103,5
20150104,4
20150105,9
20150106,14
20150107,14
20150108,19
20150109,11
20150111,6
20150112,11
20150113,19
20150114,15
20150115,15
20150116,16
20150117,3
20150119,13
20150120,29
20150121,24
20150122,13
20150123,18
20150125,2
20150126,15
20150127,14
20150128,18
20150129,23
20150130,15
20150131,2
20150201,8
20150202,18
20150203,16
20150204,12
20150205,15
20150206,11
20150207,1
20150208,5
20150209,16
20150210,17
20150211,14
20150212,14
20150213,8
20150215,2
20150216,7
20150217,15
20150218,16
20150219,12
20150220,11
20150221,1
20150222,6
20150223,15
20150224,28
20150225,25
20150226,14
20150227,15
20150228,6
20150301,6
20150302,10
20150303,15
20150304,16
20150305,15
20150306,5
20150307,4
20150308,4
20150309,7
20150310,13
20150311,20
20150312,28
20150313,11
20150314,4
20150315,6
20150316,15
20150317,26
20150318,24
20150319,16
20150320,15
20150321,1
20150322,12
20150323,14
20150324,13
20150325,13
20150326,11
20150327,15
20150328,5
20150329,10
20150330,22
20150331,24
20150401,9
20150402,19
20150403,10
20150405,7
20150406,7
20150407,14
20150408,17
20150409,16
20150410,12
20150411,1
20150412,8
20150413,9
20150414,16
20150415,20
20150416,19
20150417,8
20150418,1
20150419,6
20150420,14
20150421,18
20150422,23
20150423,21
20150424,12
20150426,8
20150427,11
20150428,28
20150429,17
20150430,12
