20050102,3
20050103,12
20050104,7
20050105,16
20050106,9
20050107,5
20050108,1
20050109,2
20050110,12
20050111,8
20050112,5
20050113,4
20050114,11
20050116,2
20050117,10
20050118,9
20050119,9
20050120,4
20050121,8
20050123,1
20050124,5
20050125,9
20050126,6
20050127,6
20050128,5
20050130,2
20050131,7
20050201,9
20050202,14
20050203,12
20050204,14
20050206,4
20050207,8
20050208,10
20050209,6
20050210,2
20050211,2
20050213,3
20050214,7
20050215,6
20050216,10
20050217,7
20050218,16
20050219,1
20050220,2
20050221,4
20050222,13
20050223,14
20050224,10
20050225,9
20050227,1
20050228,14
20050301,8
20050302,10
20050303,4
20050304,12
20050306,1
20050307,4
20050308,3
20050309,4
20050310,9
20050311,10
20050313,2
20050314,5
20050315,10
20050316,11
20050317,10
20050318,6
20050320,3
20050321,10
20050322,15
20050323,24
20050324,15
20050325,10
20050327,2
20050328,9
20050329,10
20050330,11
20050331,13
20050401,13
20050403,4
20050404,12
20050405,9
20050406,7
20050407,10
20050408,8
20050410,1
20050411,7
20050412,8
20050413,12
20050414,6
20050415,9
20050417,4
20050418,9
20050419,11
20050420,19
20050421,18
20050422,7
20050424,3
20050425,7
20050426,7
20050427,4
20050428,8
20050429,19
20050501,2
20050502,15
20050503,12
20050504,16
20050505,11
20050506,10
20050507,1
20050508,2
20050509,14
20050510,5
20050511,4
20050512,3
20050513,7
20050515,3
20050516,5
20050517,9
20050518,14
20050519,13
20050520,11
20050521,1
20050522,2
20050523,10
20050524,9
20050525,13
20050526,9
20050527,8
20050529,2
20050530,1
20050531,6
20050601,14
20050602,12
20050603,10
20050604,1
20050605,1
20050606,4
20050607,5
20050608,10
20050609,14
20050610,13
20050611,1
20050612,4
20050613,9
20050614,8
20050615,14
20050616,8
20050617,12
20050619,1
20050620,6
20050621,10
20050622,9
20050623,8
20050624,7
20050626,4
20050627,3
20050628,8
20050629,9
20050630,11
20050701,11
20050703,4
20050704,1
20050705,5
20050706,5
20050707,6
20050708,9
20050710,4
20050711,6
20050712,5
20050713,9
20050714,5
20050715,11
20050717,2
20050718,9
20050719,3
20050720,12
20050721,15
20050722,12
20050724,3
20050725,7
20050726,5
20050727,9
20050728,4
20050729,8
20050801,5
20050802,11
20050803,9
20050804,11
20050805,11
20050807,2
20050808,6
20050809,18
20050810,6
20050811,6
20050812,8
20050814,3
20050815,7
20050816,12
20050817,16
20050818,7
20050819,7
20050821,1
20050822,3
20050823,3
20050824,3
20050825,9
20050826,14
20050828,5
20050829,6
20050830,12
20050831,17
20050901,10
20050902,12
20050903,1
20050904,3
20050905,3
20050906,11
20050907,11
20050908,16
20050909,13
20050910,1
20050911,1
20050912,6
20050913,8
20050914,11
20050915,14
20050916,20
20050917,5
20050918,3
20050919,6
20050920,12
20050921,15
20050922,10
20050923,7
20050924,2
20050925,1
20050926,8
20050927,10
20050928,11
20050929,4
20050930,7
20051001,5
20051002,2
20051003,9
20051004,12
20051005,14
20051006,20
20051007,19
20051008,10
20051009,1
20051010,8
20051011,5
20051012,14
20051013,12
20051014,13
20051015,6
20051016,3
20051017,12
20051018,15
20051019,11
20051020,10
20051021,14
20051022,3
20051023,3
20051024,15
20051025,18
20051026,14
20051027,9
20051028,9
20051029,3
20051030,3
20051031,14
20051101,17
20051102,13
20051103,16
20051104,16
20051105,5
20051106,4
20051107,6
20051108,5
20051109,8
20051110,7
20051111,8
20051112,5
20051113,3
20051114,5
20051115,10
20051116,15
20051117,11
20051118,13
20051119,4
20051120,6
20051121,8
20051122,10
20051123,8
20051124,1
20051125,7
20051126,10
20051128,10
20051129,9
20051130,13
20051201,20
20051202,17
20051203,6
20051204,2
20051205,14
20051206,8
20051207,13
20051208,9
20051209,9
20051210,5
20051211,2
20051212,7
20051213,8
20051214,10
20051215,11
20051216,12
20051217,5
20051218,3
20051219,6
20051220,8
20051221,11
20051222,13
20051223,14
20051224,5
20051225,1
20051226,2
20051227,7
20051228,10
20051229,7
20051230,5
20051231,4
20060101,3
20060103,15
20060104,11
20060105,7
20060106,7
20060107,4
20060108,2
20060109,10
20060110,13
20060111,7
20060112,6
20060113,11
20060114,5
20060115,2
20060116,1
20060117,9
20060118,9
20060119,10
20060120,7
20060121,2
20060122,4
20060123,3
20060124,5
20060125,6
20060126,6
20060127,8
20060128,6
20060129,4
20060130,7
20060131,14
20060201,12
20060202,11
20060203,11
20060204,7
20060205,3
20060206,10
20060207,12
20060208,3
20060209,10
20060210,11
20060211,7
20060212,2
20060213,6
20060214,8
20060215,16
20060216,19
20060217,10
20060218,6
20060219,1
20060220,3
20060221,11
20060222,18
20060223,15
20060224,9
20060225,4
20060227,11
20060228,7
20060301,14
20060302,12
20060303,7
20060304,5
20060305,2
20060306,4
20060307,11
20060308,16
20060309,5
20060310,19
20060311,1
20060312,3
20060313,5
20060314,9
20060315,10
20060316,19
20060317,10
20060318,3
20060319,2
20060320,9
20060321,9
20060322,8
20060323,9
20060324,10
20060325,1
20060326,1
20060327,7
20060328,12
20060329,8
20060330,6
20060331,17
20060401,6
20060402,2
20060403,16
20060404,10
20060405,15
20060406,13
20060407,16
20060408,6
20060409,2
20060410,10
20060411,14
20060412,9
20060413,9
20060414,7
20060415,5
20060416,1
20060417,10
20060418,19
20060419,20
20060420,13
20060421,10
20060422,4
20060423,3
20060424,7
20060425,14
20060426,16
20060427,19
20060428,15
20060429,8
20060430,2
20060501,9
20060502,12
20060503,11
20060504,7
20060505,19
20060506,3
20060507,3
20060508,7
20060509,3
20060510,21
20060511,20
20060512,21
20060513,6
20060514,3
20060515,14
20060516,14
20060517,21
20060518,21
20060519,20
20060520,8
20060521,2
20060522,20
20060523,16
20060524,14
20060525,14
20060526,19
20060527,4
20060528,2
20060529,3
20060530,10
20060531,19
20060601,19
20060602,14
20060603,5
20060604,1
20060605,13
20060606,23
20060607,17
20060608,17
20060609,25
20060610,7
20060611,3
20060612,20
20060613,19
20060614,21
20060615,24
20060616,23
20060617,4
20060618,4
20060619,13
20060620,12
20060621,10
20060622,10
20060623,13
20060624,3
20060625,1
20060626,10
20060627,10
20060628,9
20060629,12
20060630,19
20060701,6
20060702,2
20060703,16
20060704,3
20060705,14
20060706,16
20060707,17
20060708,7
20060709,1
20060710,7
20060711,7
20060712,5
20060713,8
20060714,7
20060715,6
20060716,2
20060717,14
20060718,15
20060719,21
20060720,17
20060721,20
20060722,9
20060723,3
20060724,8
20060725,10
20060726,6
20060727,19
20060728,15
20060729,9
20060730,2
20060731,10
20060801,19
20060802,14
20060803,14
20060804,14
20060805,6
20060806,2
20060807,12
20060808,12
20060809,16
20060810,12
20060811,13
20060812,8
20060813,3
20060814,14
20060815,15
20060816,22
20060817,14
20060818,12
20060819,9
20060820,2
20060821,10
20060822,8
20060823,13
20060824,5
20060825,7
20060826,6
20060828,11
20060829,10
20060830,21
20060831,18
20060901,22
20060902,5
20060904,3
20060905,12
20060906,12
20060907,13
20060908,15
20060909,5
20060911,11
20060912,12
20060913,12
20060914,10
20060915,22
20060916,9
20060917,3
20060918,12
20060919,9
20060920,20
20060921,8
20060922,7
20060923,2
20060925,14
20060926,6
20060927,12
20060928,9
20060929,14
20060930,5
20061001,1
20061002,17
20061003,13
20061004,11
20061005,15
20061006,17
20061007,3
20061008,2
20061009,12
20061010,9
20061011,12
20061012,12
20061013,15
20061014,3
20061015,5
20061016,14
20061017,12
20061018,18
20061019,12
20061020,13
20061021,3
20061022,2
20061023,10
20061024,9
20061025,12
20061026,16
20061027,12
20061028,3
20061029,1
20061030,10
20061031,7
20061101,12
20061102,17
20061103,17
20061104,6
20061106,11
20061107,7
20061108,7
20061109,10
20061110,10
20061111,7
20061112,2
20061113,6
20061114,17
20061115,15
20061116,13
20061117,18
20061118,7
20061119,2
20061120,6
20061121,6
20061122,7
20061123,2
20061124,4
20061125,5
20061127,5
20061128,10
20061129,18
20061130,10
20061201,8
20061202,7
20061204,8
20061205,14
20061206,14
20061207,8
20061208,10
20061209,8
20061211,10
20061212,18
20061213,11
20061214,11
20061215,16
20061216,10
20061217,1
20061218,11
20061219,10
20061220,14
20061221,10
20061222,12
20061223,6
20061224,4
20061226,5
20061227,7
20061228,15
20061229,9
20061230,7
20061231,1
20070101,3
20070102,19
20070103,11
20070104,17
20070105,11
20070106,7
20070107,1
20070108,10
20070109,9
20070110,5
20070111,16
20070112,11
20070113,5
20070114,1
20070115,2
20070116,9
20070117,18
20070118,15
20070119,7
20070120,1
20070121,1
20070122,12
20070123,8
20070124,9
20070125,13
20070126,8
20070127,3
20070128,1
20070129,9
20070130,11
20070131,23
20070201,20
20070202,17
20070203,4
20070205,11
20070206,12
20070207,11
20070208,14
20070209,11
20070210,4
20070212,7
20070213,1
20070214,21
20070215,15
20070216,17
20070217,7
20070218,1
20070220,9
20070221,16
20070222,10
20070223,14
20070224,4
20070225,2
20070226,13
20070227,9
20070228,5
20070301,15
20070302,8
20070303,6
20070305,10
20070306,10
20070307,12
20070308,8
20070309,14
20070310,3
20070312,15
20070313,6
20070314,7
20070315,10
20070316,13
20070317,6
20070318,1
20070319,8
20070320,8
20070321,18
20070322,12
20070323,9
20070324,6
20070326,3
20070327,4
20070328,16
20070329,8
20070330,11
20070331,11
20070401,3
20070402,12
20070403,14
20070404,6
20070405,16
20070406,9
20070407,6
20070408,1
20070409,7
20070410,4
20070411,10
20070412,16
20070413,15
20070414,7
20070415,2
20070416,8
20070417,13
20070418,15
20070419,14
20070420,10
20070421,4
20070422,1
20070423,8
20070424,5
20070425,9
20070426,11
20070427,11
20070428,7
20070429,2
20070430,14
20070501,6
20070502,9
20070503,14
20070504,11
20070505,8
20070506,1
20070507,10
20070508,5
20070509,18
20070510,24
20070511,10
20070512,5
20070513,4
20070514,9
20070515,20
20070516,14
20070517,12
20070518,12
20070519,6
20070520,1
20070521,10
20070522,10
20070523,13
20070524,7
20070525,15
20070526,3
20070527,1
20070529,15
20070530,15
20070531,13
20070601,15
20070602,7
20070604,13
20070605,17
20070606,19
20070607,11
20070608,18
20070609,9
20070610,1
20070611,13
20070612,14
20070613,25
20070614,21
20070615,21
20070616,11
20070617,3
20070618,8
20070619,8
20070620,11
20070621,3
20070622,8
20070623,3
20070624,2
20070625,11
20070626,7
20070627,13
20070628,24
20070629,12
20070630,8
20070701,2
20070702,15
20070703,7
20070704,2
20070705,8
20070706,22
20070707,4
20070708,1
20070709,6
20070710,18
20070711,10
20070712,5
20070713,14
20070714,5
20070715,1
20070716,11
20070717,15
20070718,22
20070719,24
20070720,16
20070721,3
20070722,1
20070723,4
20070724,11
20070725,13
20070726,11
20070727,8
20070728,5
20070729,1
20070730,7
20070731,11
20070801,14
20070802,12
20070803,15
20070804,3
20070805,1
20070806,10
20070807,17
20070808,17
20070809,16
20070810,8
20070811,8
20070812,3
20070813,12
20070814,16
20070815,19
20070816,12
20070817,6
20070818,5
20070820,12
20070821,14
20070822,17
20070823,8
20070824,6
20070826,3
20070827,9
20070828,9
20070829,10
20070830,13
20070831,20
20070901,5
20070902,2
20070903,5
20070904,8
20070905,8
20070906,13
20070907,11
20070908,3
20070909,3
20070910,10
20070911,11
20070912,22
20070913,16
20070914,13
20070915,5
20070916,1
20070917,7
20070918,17
20070919,26
20070920,21
20070921,20
20070922,9
20070923,2
20070924,12
20070925,9
20070926,6
20070927,11
20070928,13
20070929,8
20070930,2
20071001,14
20071002,13
20071003,11
20071004,10
20071005,4
20071006,6
20071007,3
20071008,7
20071009,12
20071010,17
20071011,20
20071012,16
20071013,5
20071014,3
20071015,13
20071016,10
20071017,19
20071018,9
20071019,17
20071022,10
20071023,11
20071024,11
20071025,13
20071026,15
20071027,4
20071029,21
20071030,13
20071031,18
20071101,22
20071102,15
20071103,2
20071104,1
20071105,9
20071106,11
20071107,13
20071108,17
20071109,21
20071110,4
20071111,2
20071112,12
20071113,13
20071114,19
20071115,26
20071116,16
20071117,7
20071118,1
20071119,12
20071120,14
20071121,17
20071122,1
20071123,12
20071124,3
20071125,2
20071126,13
20071127,8
20071128,20
20071129,9
20071130,15
20071201,4
20071202,2
20071203,11
20071204,14
20071205,9
20071206,15
20071207,15
20071208,4
20071209,3
20071210,19
20071211,16
20071212,12
20071213,13
20071214,28
20071215,11
20071216,1
20071217,20
20071218,17
20071219,10
20071220,14
20071221,13
20071222,6
20071224,9
20071225,1
20071226,7
20071227,11
20071228,12
20071229,3
20071230,1
20071231,6
20080102,23
20080103,26
20080104,19
20080105,6
20080106,1
20080107,15
20080108,17
20080109,13
20080110,16
20080111,20
20080112,3
20080113,4
20080114,13
20080115,8
20080116,16
20080117,17
20080118,10
20080119,4
20080120,1
20080121,5
20080122,14
20080123,17
20080124,24
20080125,11
20080126,6
20080128,17
20080129,15
20080130,22
20080131,30
20080201,15
20080202,3
20080203,1
20080204,11
20080205,14
20080206,21
20080207,21
20080208,18
20080210,1
20080211,10
20080212,12
20080213,14
20080214,17
20080215,20
20080216,7
20080217,2
20080218,4
20080219,14
20080220,26
20080221,25
20080222,18
20080223,6
20080225,10
20080226,23
20080227,22
20080228,27
20080229,18
20080301,7
20080302,2
20080303,19
20080304,12
20080305,19
20080306,22
20080307,23
20080308,5
20080309,2
20080310,17
20080311,24
20080312,18
20080313,22
20080314,28
20080315,7
20080316,1
20080317,11
20080318,16
20080319,23
20080320,16
20080321,8
20080322,10
20080323,3
20080324,10
20080325,8
20080326,18
20080327,14
20080328,19
20080329,10
20080330,2
20080331,15
20080401,18
20080402,14
20080403,15
20080404,8
20080405,1
20080406,1
20080407,12
20080408,19
20080409,8
20080410,22
20080411,20
20080412,5
20080413,1
20080414,18
20080415,20
20080416,22
20080417,20
20080418,16
20080419,5
20080420,3
20080421,22
20080422,12
20080423,21
20080424,21
20080425,18
20080426,7
20080427,2
20080428,20
20080429,22
20080430,28
20080501,26
20080502,21
20080503,7
20080504,1
20080505,18
20080506,15
20080507,23
20080508,20
20080509,24
20080510,9
20080511,1
20080512,14
20080513,15
20080514,24
20080515,17
20080516,14
20080517,7
20080518,1
20080519,13
20080520,16
20080521,22
20080522,13
20080523,20
20080524,4
20080525,2
20080526,7
20080527,14
20080528,22
20080529,23
20080530,31
20080531,10
20080602,24
20080603,22
20080604,31
20080605,30
20080606,24
20080607,6
20080608,3
20080609,15
20080610,27
20080611,39
20080612,32
20080613,38
20080614,10
20080615,2
20080616,20
20080617,27
20080618,27
20080619,18
20080620,20
20080621,9
20080623,23
20080624,25
20080625,35
20080626,33
20080627,33
20080628,8
20080629,1
20080630,30
20080701,30
20080702,24
20080703,29
20080704,10
20080705,11
20080706,1
20080707,25
20080708,14
20080709,8
20080710,21
20080711,15
20080712,6
20080713,1
20080714,15
20080715,26
20080716,26
20080717,22
20080718,17
20080719,5
20080720,3
20080721,21
20080722,23
20080723,26
20080724,25
20080725,8
20080726,2
20080727,1
20080728,13
20080729,10
20080730,19
20080731,13
20080801,19
20080802,5
20080803,1
20080804,20
20080805,27
20080806,34
20080807,19
20080808,17
20080809,4
20080810,3
20080811,12
20080812,18
20080813,22
20080814,26
20080815,26
20080816,6
20080817,2
20080818,15
20080819,22
20080820,22
20080821,13
20080822,17
20080823,9
20080824,2
20080825,8
20080826,9
20080827,18
20080828,14
20080829,13
20080830,10
20080901,8
20080902,13
20080903,23
20080904,24
20080905,17
20080906,6
20080907,4
20080908,7
20080909,9
20080910,14
20080911,13
20080912,17
20080913,3
20080914,2
20080915,14
20080916,11
20080917,22
20080918,14
20080919,10
20080920,5
20080921,3
20080922,11
20080923,14
20080924,10
20080925,6
20080926,7
20080927,5
20080928,3
20080929,11
20080930,11
20081001,9
20081002,13
20081003,9
20081004,2
20081006,11
20081007,7
20081008,17
20081009,13
20081010,12
20081011,7
20081012,1
20081013,6
20081014,11
20081015,12
20081016,10
20081017,10
20081018,5
20081020,5
20081021,8
20081022,3
20081023,4
20081024,10
20081025,8
20081026,2
20081027,10
20081028,12
20081029,18
20081030,12
20081031,10
20081101,5
20081103,12
20081104,8
20081105,8
20081106,7
20081107,6
20081108,5
20081109,2
20081110,10
20081111,8
20081112,11
20081113,10
20081114,9
20081115,4
20081116,3
20081117,10
20081118,8
20081119,20
20081120,19
20081121,12
20081122,5
20081123,4
20081124,7
20081125,14
20081126,11
20081127,2
20081128,6
20081129,3
20081130,1
20081201,11
20081202,8
20081203,8
20081204,15
20081205,11
20081206,3
20081207,2
20081208,5
20081209,3
20081210,10
20081211,11
20081212,7
20081213,1
20081214,2
20081215,7
20081216,14
20081217,12
20081218,12
20081219,7
20081220,6
20081221,1
20081222,6
20081223,1
20081224,3
20081226,9
20081227,4
20081228,1
20081229,6
20081230,7
20081231,6
20090101,2
20090102,10
20090103,4
20090105,13
20090106,10
20090107,12
20090108,8
20090109,3
20090110,1
20090112,6
20090113,8
20090114,6
20090115,2
20090116,11
20090117,4
20090118,2
20090120,9
20090121,7
20090122,11
20090123,14
20090124,5
20090125,2
20090126,7
20090127,13
20090128,17
20090129,9
20090130,7
20090131,6
20090201,3
20090202,8
20090203,11
20090204,7
20090205,7
20090206,8
20090207,3
20090209,9
20090210,10
20090211,11
20090212,13
20090213,8
20090214,3
20090215,2
20090216,4
20090217,7
20090218,9
20090219,7
20090220,13
20090221,3
20090222,3
20090223,9
20090224,5
20090225,9
20090226,8
20090227,12
20090228,1
20090301,1
20090302,8
20090303,5
20090304,12
20090305,10
20090306,13
20090307,1
20090308,1
20090309,7
20090310,3
20090311,7
20090312,8
20090313,12
20090314,3
20090315,1
20090316,6
20090317,4
20090318,10
20090319,19
20090320,20
20090321,8
20090322,1
20090323,11
20090324,9
20090325,13
20090326,8
20090327,11
20090328,4
20090329,2
20090330,13
20090331,8
20090401,10
20090402,4
20090403,13
20090404,3
20090405,1
20090406,12
20090407,9
20090408,7
20090409,15
20090410,6
20090411,3
20090413,2
20090414,4
20090415,12
20090416,10
20090417,10
20090418,6
20090420,8
20090421,10
20090422,8
20090423,10
20090424,8
20090425,3
20090426,1
20090427,1
20090428,8
20090429,9
20090430,9
20090501,5
20090502,3
20090503,1
20090504,11
20090505,5
20090506,7
20090507,7
20090508,8
20090509,2
20090510,2
20090511,10
20090512,3
20090513,9
20090514,9
20090515,10
20090516,5
20090517,2
20090518,4
20090519,4
20090520,8
20090521,9
20090522,5
20090523,4
20090525,1
20090526,7
20090527,11
20090528,9
20090529,9
20090530,5
20090531,1
20090601,17
20090602,10
20090603,12
20090604,19
20090605,7
20090606,11
20090608,12
20090609,11
20090610,12
20090611,21
20090612,16
20090613,4
20090614,1
20090615,17
20090616,12
20090617,16
20090618,8
20090619,18
20090620,2
20090622,7
20090623,6
20090624,17
20090625,10
20090626,9
20090627,2
20090629,5
20090630,4
20090701,11
20090702,6
20090703,7
20090704,2
20090706,10
20090707,9
20090708,7
20090709,6
20090710,9
20090711,3
20090713,4
20090714,3
20090715,11
20090716,17
20090717,9
20090718,5
20090719,1
20090720,3
20090721,4
20090722,13
20090723,9
20090724,10
20090725,2
20090726,5
20090727,6
20090728,16
20090729,6
20090730,6
20090731,6
20090801,5
20090803,3
20090804,8
20090805,10
20090806,12
20090807,6
20090808,3
20090810,11
20090811,4
20090812,13
20090813,11
20090814,7
20090815,7
20090817,5
20090818,8
20090819,7
20090820,8
20090821,9
20090822,5
20090823,1
20090824,7
20090825,10
20090826,9
20090827,5
20090828,8
20090829,4
20090830,2
20090831,10
20090901,9
20090902,14
20090903,11
20090904,4
20090905,1
20090907,2
20090908,6
20090909,17
20090910,13
20090911,14
20090912,3
20090913,2
20090914,7
20090915,11
20090916,9
20090917,12
20090918,8
20090919,5
20090920,3
20090921,9
20090922,7
20090923,7
20090924,11
20090925,13
20090926,7
20090927,4
20090928,7
20090929,9
20090930,13
20091001,17
20091002,10
20091003,5
20091004,1
20091005,16
20091006,8
20091007,18
20091008,14
20091009,7
20091010,1
20091011,4
20091012,9
20091013,6
20091014,16
20091015,21
20091016,8
20091017,5
20091018,1
20091019,10
20091020,10
20091021,14
20091022,15
20091023,12
20091025,6
20091026,14
20091027,5
20091028,11
20091029,12
20091030,15
20091031,2
20091101,2
20091102,13
20091103,9
20091104,21
20091105,18
20091106,9
20091107,2
20091109,8
20091110,7
20091111,22
20091112,16
20091113,7
20091114,5
20091115,2
20091116,11
20091117,13
20091118,24
20091119,21
20091120,12
20091122,3
20091123,15
20091124,14
20091125,9
20091126,8
20091127,12
20091129,2
20091130,5
20091201,13
20091202,17
20091203,15
20091204,18
20091205,3
20091206,1
20091207,17
20091208,19
20091209,11
20091210,13
20091211,17
20091212,6
20091213,3
20091214,10
20091215,11
20091216,21
20091217,14
20091218,14
20091219,3
20091220,3
20091221,19
20091222,6
20091223,8
20091224,5
20091226,3
20091228,9
20091229,5
20091230,10
20091231,17
20100101,3
20100102,5
20100103,4
20100104,18
20100105,10
20100106,12
20100107,17
20100108,23
20100109,4
20100110,5
20100111,15
20100112,13
20100113,19
20100114,16
20100115,18
20100116,4
20100117,3
20100118,7
20100119,15
20100120,17
20100121,10
20100122,18
20100123,1
20100124,3
20100125,11
20100126,18
20100127,33
20100128,6
20100129,20
20100130,10
20100131,7
20100201,16
20100202,16
20100203,18
20100204,15
20100205,18
20100206,4
20100207,3
20100208,10
20100209,9
20100210,15
20100211,22
20100212,18
20100213,1
20100214,3
20100215,5
20100216,18
20100217,12
20100218,19
20100219,25
20100220,7
20100221,6
20100222,7
20100223,12
20100224,19
20100225,13
20100226,15
20100227,7
20100228,5
20100301,11
20100302,25
20100303,9
20100304,15
20100305,17
20100306,2
20100307,2
20100308,10
20100309,7
20100310,14
20100311,13
20100312,13
20100313,4
20100314,2
20100315,12
20100316,12
20100317,20
20100318,18
20100319,16
20100320,7
20100321,5
20100322,14
20100323,13
20100324,10
20100325,13
20100326,13
20100327,7
20100328,3
20100329,12
20100330,10
20100331,5
20100401,6
20100402,5
20100403,1
20100404,1
20100405,10
20100406,14
20100407,9
20100408,9
20100409,3
20100410,3
20100411,3
20100412,7
20100413,15
20100414,8
20100415,16
20100416,6
20100417,3
20100418,3
20100419,5
20100420,10
20100421,10
20100422,6
20100423,7
20100424,5
20100425,3
20100426,5
20100427,6
20100428,11
20100429,12
20100430,11
20100501,6
20100502,1
20100503,10
20100504,13
20100505,5
20100506,12
20100507,16
20100508,6
20100509,3
20100510,12
20100511,12
20100512,12
20100513,14
20100514,8
20100515,6
20100516,2
20100517,14
20100518,13
20100519,12
20100520,8
20100521,10
20100522,6
20100523,4
20100524,9
20100525,11
20100526,10
20100527,5
20100528,4
20100529,4
20100530,1
20100531,9
20100601,12
20100602,8
20100603,7
20100604,8
20100605,2
20100606,2
20100607,7
20100608,15
20100609,13
20100610,16
20100611,20
20100612,10
20100613,2
20100614,22
20100615,17
20100616,11
20100617,19
20100618,13
20100619,6
20100620,11
20100621,19
20100622,24
20100623,22
20100624,9
20100625,12
20100626,5
20100627,4
20100628,17
20100629,14
20100630,17
20100701,14
20100702,15
20100703,3
20100704,1
20100705,12
20100706,15
20100707,8
20100708,10
20100709,18
20100710,4
20100711,1
20100712,15
20100713,10
20100714,20
20100715,18
20100716,8
20100717,5
20100718,4
20100719,10
20100720,6
20100721,14
20100722,14
20100723,13
20100724,2
20100725,3
20100726,8
20100727,20
20100728,11
20100729,19
20100730,11
20100731,2
20100801,4
20100802,14
20100803,14
20100804,17
20100805,19
20100806,11
20100807,3
20100808,2
20100809,20
20100810,27
20100811,23
20100812,15
20100813,14
20100814,5
20100816,17
20100817,11
20100818,9
20100819,11
20100820,19
20100821,4
20100822,3
20100823,9
20100824,11
20100825,9
20100826,19
20100827,24
20100828,13
20100829,2
20100830,13
20100831,18
20100901,15
20100902,13
20100903,10
20100904,7
20100905,1
20100906,4
20100907,13
20100908,15
20100909,14
20100910,10
20100911,4
20100912,6
20100913,10
20100914,22
20100915,22
20100916,26
20100917,19
20100918,7
20100920,17
20100921,23
20100922,18
20100923,15
20100924,13
20100925,2
20100926,4
20100927,17
20100928,17
20100929,16
20100930,19
20101001,20
20101002,9
20101003,4
20101004,20
20101005,22
20101006,16
20101007,16
20101008,26
20101009,6
20101010,3
20101011,24
20101012,22
20101013,22
20101014,19
20101015,28
20101016,13
20101017,7
20101018,14
20101019,20
20101020,21
20101021,29
20101022,17
20101023,5
20101024,5
20101025,13
20101026,20
20101027,25
20101028,23
20101029,17
20101030,9
20101031,4
20101101,15
20101102,22
20101103,30
20101104,33
20101105,18
20101106,10
20101107,6
20101108,29
20101109,31
20101110,30
20101111,26
20101112,41
20101113,12
20101114,6
20101115,21
20101116,35
20101117,30
20101118,34
20101119,23
20101120,6
20101121,3
20101122,24
20101123,16
20101124,18
20101125,12
20101126,16
20101127,5
20101128,2
20101129,17
20101130,23
20101201,26
20101202,22
20101203,23
20101204,6
20101205,7
20101206,23
20101207,22
20101208,27
20101209,22
20101210,26
20101211,8
20101212,3
20101213,31
20101214,35
20101215,34
20101216,25
20101217,22
20101218,3
20101219,1
20101220,22
20101221,10
20101222,18
20101223,15
20101224,9
20101225,1
20101226,5
20101227,9
20101228,8
20101229,15
20101230,23
20101231,12
20110101,3
20110102,11
20110103,26
20110104,20
20110105,23
20110106,26
20110107,20
20110108,16
20110109,10
20110110,28
20110111,23
20110112,26
20110113,25
20110114,44
20110115,9
20110116,4
20110117,24
20110118,28
20110119,22
20110120,40
20110121,28
20110122,10
20110123,2
20110124,36
20110125,30
20110126,55
20110127,28
20110128,29
20110129,11
20110130,6
20110131,35
20110201,43
20110202,35
20110203,37
20110204,25
20110205,13
20110206,5
20110207,33
20110208,38
20110209,43
20110210,48
20110211,36
20110212,6
20110213,6
20110214,39
20110215,41
20110216,52
20110217,49
20110218,39
20110219,15
20110220,7
20110221,21
20110222,25
20110223,42
20110224,34
20110225,39
20110226,13
20110227,7
20110228,33
20110301,48
20110302,43
20110303,48
20110304,32
20110305,15
20110306,5
20110307,41
20110308,32
20110309,28
20110310,24
20110311,32
20110312,6
20110313,5
20110314,35
20110315,24
20110316,20
20110317,35
20110318,21
20110319,6
20110320,3
20110321,26
20110322,30
20110323,24
20110324,28
20110325,24
20110326,8
20110327,3
20110328,17
20110329,22
20110330,29
20110331,42
20110401,33
20110402,9
20110403,2
20110404,36
20110405,55
20110406,32
20110407,37
20110408,36
20110409,8
20110410,3
20110411,27
20110412,38
20110413,37
20110414,39
20110415,47
20110416,18
20110417,4
20110418,34
20110419,26
20110420,42
20110421,38
20110422,15
20110423,11
20110424,3
20110425,31
20110426,36
20110427,51
20110428,48
20110429,38
20110430,17
20110501,8
20110502,24
20110503,31
20110504,37
20110505,40
20110506,48
20110507,8
20110508,3
20110509,33
20110510,23
20110511,38
20110512,35
20110513,37
20110514,10
20110515,5
20110516,35
20110517,27
20110518,35
20110519,29
20110520,22
20110521,4
20110522,1
20110523,25
20110524,29
20110525,32
20110526,27
20110527,32
20110528,7
20110529,2
20110530,7
20110531,28
20110601,32
20110602,25
20110603,22
20110604,7
20110605,2
20110606,15
20110607,30
20110608,26
20110609,32
20110610,39
20110611,8
20110612,4
20110613,32
20110614,32
20110615,48
20110616,41
20110617,21
20110618,5
20110619,6
20110620,28
20110621,20
20110622,44
20110623,23
20110624,20
20110625,7
20110626,4
20110627,33
20110628,29
20110629,36
20110630,29
20110701,30
20110702,8
20110704,11
20110705,34
20110706,31
20110707,36
20110708,19
20110709,12
20110710,4
20110711,28
20110712,28
20110713,50
20110714,29
20110715,27
20110716,7
20110718,15
20110719,13
20110720,18
20110721,24
20110722,21
20110723,6
20110724,2
20110725,22
20110726,22
20110727,28
20110728,24
20110729,18
20110730,10
20110731,8
20110801,29
20110802,24
20110803,27
20110804,40
20110805,36
20110806,10
20110807,5
20110808,38
20110809,49
20110810,34
20110811,33
20110812,23
20110813,10
20110814,4
20110815,30
20110816,28
20110817,40
20110818,42
20110819,35
20110820,6
20110821,2
20110822,26
20110823,27
20110824,24
20110825,21
20110826,22
20110827,9
20110828,3
20110829,23
20110830,32
20110831,20
20110901,28
20110902,29
20110903,4
20110904,2
20110905,5
20110906,31
20110907,29
20110908,36
20110909,32
20110910,8
20110911,2
20110912,22
20110913,29
20110914,31
20110915,35
20110916,22
20110917,12
20110918,3
20110919,23
20110920,24
20110921,30
20110922,39
20110923,22
20110924,7
20110925,3
20110926,16
20110927,14
20110928,18
20110929,18
20110930,25
20111001,6
20111003,17
20111004,27
20111005,22
20111006,29
20111007,24
20111008,10
20111010,25
20111011,23
20111012,22
20111013,33
20111014,39
20111015,11
20111016,1
20111017,21
20111018,27
20111019,37
20111020,34
20111021,16
20111022,11
20111023,6
20111024,16
20111025,17
20111026,23
20111027,29
20111028,21
20111029,4
20111030,1
20111031,23
20111101,25
20111102,40
20111103,35
20111104,27
20111105,3
20111106,5
20111107,15
20111108,27
20111109,30
20111110,31
20111111,23
20111112,5
20111113,3
20111114,15
20111115,24
20111116,34
20111117,29
20111118,21
20111119,3
20111121,25
20111122,25
20111123,20
20111124,17
20111125,16
20111126,2
20111128,19
20111129,27
20111130,24
20111201,24
20111202,20
20111203,4
20111204,1
20111205,12
20111206,17
20111207,14
20111208,28
20111209,34
20111210,3
20111211,2
20111212,22
20111213,25
20111214,28
20111215,34
20111216,37
20111217,2
20111218,3
20111219,19
20111220,12
20111221,14
20111222,20
20111223,11
20111224,3
20111225,1
20111226,3
20111227,16
20111228,8
20111229,12
20111230,10
20111231,2
20120101,3
20120102,4
20120103,29
20120104,18
20120105,25
20120106,17
20120107,5
20120108,6
20120109,20
20120110,13
20120111,21
20120112,33
20120113,21
20120114,2
20120115,2
20120116,11
20120117,26
20120118,19
20120119,18
20120120,20
20120121,5
20120122,1
20120123,21
20120124,15
20120125,34
20120126,32
20120127,25
20120128,11
20120130,22
20120131,15
20120201,23
20120202,22
20120203,23
20120204,7
20120205,3
20120206,19
20120207,21
20120208,19
20120209,29
20120210,20
20120211,8
20120212,4
20120213,26
20120214,36
20120215,30
20120216,28
20120217,26
20120218,4
20120219,4
20120220,10
20120221,29
20120222,18
20120223,17
20120224,19
20120225,7
20120226,1
20120227,16
20120228,12
20120229,42
20120301,28
20120302,24
20120303,4
20120304,4
20120305,24
20120306,14
20120307,33
20120308,21
20120309,27
20120310,4
20120311,4
20120312,32
20120313,29
20120314,41
20120315,21
20120316,24
20120317,3
20120318,3
20120319,17
20120320,27
20120321,12
20120322,28
20120323,18
20120325,4
20120326,11
20120327,20
20120328,17
20120329,28
20120330,18
20120331,2
20120401,10
20120402,15
20120403,30
20120404,37
20120405,19
20120406,10
20120407,2
20120408,4
20120409,21
20120410,15
20120411,21
20120412,29
20120413,23
20120414,2
20120415,7
20120416,34
20120417,29
20120418,34
20120419,28
20120420,25
20120421,2
20120422,8
20120423,21
20120424,31
20120425,37
20120426,31
20120427,25
20120428,2
20120429,6
20120430,22
20120501,26
20120502,18
20120503,41
20120504,24
20120505,2
20120506,2
20120507,29
20120508,25
20120509,24
20120510,36
20120511,43
20120513,11
20120514,31
20120515,36
20120516,47
20120517,25
20120518,17
20120519,1
20120520,5
20120521,19
20120522,24
20120523,23
20120524,25
20120525,15
20120527,2
20120528,11
20120529,18
20120530,16
20120531,28
20120601,35
20120602,3
20120603,7
20120604,22
20120605,12
20120606,27
20120607,29
20120608,22
20120609,5
20120610,9
20120611,22
20120612,16
20120613,25
20120614,31
20120615,19
20120616,1
20120617,8
20120618,16
20120619,16
20120620,43
20120621,25
20120622,15
20120624,4
20120625,14
20120626,11
20120627,14
20120628,23
20120629,14
20120630,2
20120701,4
20120702,22
20120703,22
20120704,10
20120705,19
20120706,16
20120708,1
20120709,41
20120710,17
20120711,19
20120712,25
20120713,27
20120714,1
20120715,4
20120716,19
20120717,27
20120718,21
20120719,15
20120720,20
20120721,2
20120722,7
20120723,15
20120724,13
20120725,22
20120726,22
20120727,25
20120728,3
20120729,2
20120730,23
20120731,33
20120801,24
20120802,27
20120803,22
20120804,1
20120805,1
20120806,15
20120807,26
20120808,25
20120809,33
20120810,22
20120811,2
20120812,4
20120813,17
20120814,25
20120815,40
20120816,31
20120817,17
20120818,3
20120819,2
20120820,10
20120821,13
20120822,16
20120823,15
20120824,16
20120825,1
20120827,17
20120828,19
20120829,16
20120830,21
20120831,34
20120901,6
20120902,6
20120903,10
20120904,16
20120905,22
20120906,29
20120907,31
20120908,1
20120909,6
20120910,26
20120911,26
20120912,24
20120913,46
20120914,36
20120915,6
20120916,6
20120917,27
20120918,20
20120919,21
20120920,27
20120921,24
20120922,3
20120923,3
20120924,11
20120925,15
20120926,26
20120927,27
20120928,29
20120929,4
20120930,5
20121001,23
20121002,19
20121003,21
20121004,24
20121005,19
20121006,1
20121007,7
20121008,23
20121009,28
20121010,23
20121011,24
20121012,29
20121013,2
20121014,5
20121015,45
20121016,22
20121017,17
20121018,23
20121019,21
20121021,4
20121022,16
20121023,22
20121024,36
20121025,23
20121026,15
20121027,2
20121028,2
20121029,19
20121030,24
20121031,7
20121101,17
20121102,18
20121103,1
20121104,2
20121105,17
20121106,20
20121107,18
20121108,21
20121109,25
20121111,2
20121112,14
20121113,17
20121114,31
20121115,26
20121116,18
20121117,1
20121118,5
20121119,23
20121120,20
20121121,26
20121122,21
20121123,25
20121125,10
20121126,14
20121127,26
20121128,16
20121129,22
20121130,21
20121201,3
20121202,9
20121203,20
20121204,15
20121205,25
20121206,29
20121207,20
20121208,2
20121209,6
20121210,18
20121211,22
20121212,47
20121213,36
20121214,34
20121215,3
20121216,11
20121217,27
20121218,29
20121219,23
20121220,27
20121221,21
20121222,1
20121223,8
20121224,3
20121225,2
20121226,12
20121227,14
20121228,13
20121229,3
20121230,5
20121231,8
20130101,14
20130102,23
20130103,15
20130104,29
20130105,3
20130106,6
20130107,17
20130108,24
20130109,21
20130110,36
20130111,29
20130112,1
20130113,7
20130114,32
20130115,30
20130116,39
20130117,30
20130118,35
20130119,1
20130120,8
20130121,11
20130122,35
20130123,47
20130124,16
20130125,26
20130126,1
20130127,10
20130128,26
20130129,26
20130130,24
20130131,25
20130201,29
20130202,1
20130203,13
20130204,18
20130205,30
20130206,30
20130207,35
20130208,37
20130209,2
20130210,7
20130211,22
20130212,29
20130213,31
20130214,38
20130215,26
20130217,6
20130218,16
20130219,18
20130220,31
20130221,36
20130222,34
20130223,3
20130224,13
20130225,23
20130226,24
20130227,24
20130228,27
20130301,30
20130302,2
20130303,8
20130304,22
20130305,36
20130306,39
20130307,25
20130308,31
20130309,1
20130310,9
20130311,38
20130312,28
20130313,30
20130314,34
20130315,32
20130316,2
20130317,8
20130318,16
20130319,22
20130320,40
20130321,21
20130322,17
20130323,1
20130324,4
20130325,14
20130326,19
20130327,15
20130328,29
20130329,7
20130331,7
20130401,14
20130402,22
20130403,26
20130404,38
20130405,25
20130406,1
20130407,9
20130408,28
20130409,36
20130410,38
20130411,29
20130412,48
20130413,4
20130414,6
20130415,37
20130416,43
20130417,36
20130418,24
20130419,33
20130420,4
20130421,12
20130422,21
20130423,28
20130424,26
20130425,19
20130426,26
20130427,1
20130428,8
20130429,21
20130430,28
20130501,28
20130502,34
20130503,27
20130504,1
20130505,5
20130506,12
20130507,14
20130508,18
20130509,25
20130510,38
20130511,2
20130512,9
20130513,28
20130514,24
20130515,34
20130516,36
20130517,40
20130518,1
20130519,8
20130520,22
20130521,39
20130522,41
20130523,25
20130524,21
20130525,1
20130526,1
20130527,9
20130528,16
20130529,33
20130530,27
20130531,33
20130601,6
20130602,5
20130603,19
20130604,23
20130605,30
20130606,35
20130607,31
20130608,1
20130609,4
20130610,24
20130611,22
20130612,23
20130613,27
20130614,28
20130615,4
20130616,4
20130617,24
20130618,5
20130619,39
20130620,30
20130621,25
20130622,1
20130623,8
20130624,13
20130625,13
20130626,20
20130627,33
20130628,35
20130629,3
20130630,2
20130701,20
20130702,18
20130703,16
20130704,12
20130705,20
20130706,2
20130707,13
20130708,14
20130709,28
20130710,19
20130711,32
20130712,23
20130714,3
20130715,26
20130716,38
20130717,35
20130718,25
20130719,22
20130720,1
20130721,8
20130722,20
20130723,23
20130724,9
20130725,26
20130726,23
20130727,1
20130728,5
20130729,25
20130730,30
20130731,41
20130801,32
20130802,31
20130803,3
20130804,5
20130805,19
20130806,30
20130807,38
20130808,21
20130809,29
20130810,2
20130811,7
20130812,25
20130813,28
20130814,40
20130815,31
20130816,17
20130817,1
20130818,2
20130819,19
20130820,14
20130821,19
20130822,27
20130823,19
20130824,4
20130825,5
20130826,19
20130827,15
20130828,16
20130829,24
20130830,29
20130831,2
20130901,1
20130902,13
20130903,23
20130904,26
20130905,36
20130906,17
20130907,2
20130908,9
20130909,15
20130910,12
20130911,15
20130912,26
20130913,21
20130914,2
20130915,6
20130916,24
20130917,27
20130918,46
20130919,32
20130920,39
20130921,2
20130922,7
20130923,16
20130924,18
20130925,25
20130926,20
20130927,23
20130928,2
20130929,3
20130930,19
20131001,14
20131002,19
20131003,19
20131004,15
20131005,2
20131006,5
20131007,20
20131008,23
20131009,45
20131010,14
20131011,20
20131012,2
20131013,8
20131014,18
20131015,17
20131016,17
20131017,20
20131018,20
20131019,2
20131020,12
20131021,15
20131022,16
20131023,19
20131024,18
20131025,19
20131027,4
20131028,22
20131029,22
20131030,29
20131031,29
20131101,36
20131102,1
20131103,6
20131104,17
20131105,29
20131106,36
20131107,31
20131108,28
20131109,4
20131110,15
20131111,28
20131112,34
20131113,47
20131114,33
20131115,22
20131116,2
20131117,6
20131118,20
20131119,27
20131120,29
20131121,40
20131122,26
20131123,4
20131124,4
20131125,20
20131126,26
20131127,16
20131128,18
20131129,25
20131130,1
20131201,5
20131202,16
20131203,27
20131204,34
20131205,41
20131206,33
20131207,2
20131208,11
20131209,46
20131210,21
20131211,21
20131212,35
20131213,31
20131215,5
20131216,34
20131217,37
20131218,67
20131219,29
20131220,29
20131222,5
20131223,15
20131224,8
20131225,8
20131226,10
20131227,13
20131228,3
20131229,4
20131230,19
20131231,11
20140101,16
20140102,15
20140103,30
20140104,3
20140105,28
20140106,32
20140107,36
20140108,27
20140109,42
20140110,48
20140111,3
20140112,8
20140113,28
20140114,28
20140115,37
20140116,34
20140117,20
20140119,2
20140120,14
20140121,32
20140122,32
20140123,22
20140124,34
20140125,3
20140126,10
20140127,30
20140128,40
20140129,57
20140130,33
20140131,29
20140201,1
20140202,6
20140203,21
20140204,23
20140205,32
20140206,32
20140207,27
20140208,1
20140209,8
20140210,23
20140211,41
20140212,36
20140213,33
20140214,28
20140215,1
20140216,5
20140217,16
20140218,38
20140219,25
20140220,31
20140221,37
20140222,6
20140223,8
20140224,29
20140225,23
20140226,24
20140227,27
20140228,29
20140301,1
20140302,7
20140303,27
20140304,25
20140305,30
20140306,31
20140307,34
20140308,3
20140309,3
20140310,27
20140311,21
20140312,31
20140313,38
20140314,25
20140316,5
20140317,22
20140318,31
20140319,43
20140320,26
20140321,29
20140322,3
20140323,8
20140324,29
20140325,31
20140326,34
20140327,41
20140328,29
20140329,3
20140330,5
20140331,38
20140401,32
20140402,30
20140403,33
20140404,32
20140405,2
20140406,5
20140407,22
20140408,30
20140409,38
20140410,37
20140411,38
20140412,4
20140413,17
20140414,29
20140415,35
20140416,43
20140417,24
20140418,10
20140420,5
20140421,11
20140422,19
20140423,24
20140424,32
20140425,30
20140426,1
20140427,5
20140428,20
20140429,23
20140430,34
20140501,25
20140502,24
20140503,1
20140504,10
20140505,25
20140506,29
20140507,25
20140508,32
20140509,27
20140510,1
20140511,11
20140512,25
20140513,27
20140514,45
20140515,40
20140516,32
20140517,2
20140518,3
20140519,23
20140520,28
20140521,23
20140522,24
20140523,31
20140525,1
20140526,15
20140527,28
20140528,28
20140529,24
20140530,37
20140531,3
20140601,5
20140602,24
20140603,31
20140604,38
20140605,38
20140606,47
20140607,1
20140608,10
20140609,33
20140610,30
20140611,30
20140612,27
20140613,24
20140614,3
20140615,11
20140616,22
20140617,35
20140618,48
20140619,25
20140620,33
20140621,1
20140622,7
20140623,31
20140624,22
20140625,14
20140626,29
20140627,32
20140628,2
20140629,12
20140630,20
20140701,28
20140702,21
20140703,40
20140704,13
20140705,1
20140706,8
20140707,32
20140708,22
20140709,38
20140710,25
20140711,26
20140713,6
20140714,23
20140715,39
20140716,38
20140717,19
20140718,19
20140719,1
20140720,5
20140721,15
20140722,28
20140723,24
20140724,23
20140725,24
20140726,4
20140727,7
20140728,17
20140729,18
20140730,35
20140731,33
20140801,25
20140802,2
20140803,8
20140804,17
20140805,17
20140806,17
20140807,28
20140808,19
20140809,1
20140810,9
20140811,22
20140812,15
20140813,55
20140814,25
20140815,26
20140816,3
20140817,4
20140818,26
20140819,21
20140820,29
20140821,17
20140822,26
20140823,5
20140824,8
20140825,15
20140826,16
20140827,24
20140828,30
20140829,43
20140830,6
20140831,2
20140901,23
20140902,28
20140903,36
20140904,43
20140905,34
20140906,1
20140907,7
20140908,20
20140909,20
20140910,19
20140911,41
20140912,23
20140913,2
20140914,10
20140915,30
20140916,27
20140917,32
20140918,29
20140919,17
20140920,3
20140921,9
20140922,21
20140923,13
20140924,29
20140925,30
20140926,18
20140927,5
20140928,4
20140929,31
20140930,44
20141001,31
20141002,27
20141003,32
20141004,3
20141005,11
20141006,19
20141007,34
20141008,25
20141009,46
20141010,36
20141011,8
20141012,12
20141013,19
20141014,36
20141015,51
20141016,39
20141017,26
20141018,1
20141019,9
20141020,29
20141021,22
20141022,31
20141023,25
20141024,21
20141025,2
20141026,10
20141027,28
20141028,32
20141029,30
20141030,38
20141031,60
20141101,2
20141102,11
20141103,33
20141104,28
20141105,38
20141106,38
20141107,42
20141108,4
20141109,5
20141110,27
20141111,23
20141112,37
20141113,38
20141114,31
20141115,1
20141116,4
20141117,42
20141118,41
20141119,37
20141120,33
20141121,28
20141122,2
20141123,8
20141124,23
20141125,21
20141126,22
20141127,19
20141128,28
20141129,3
20141130,7
20141201,27
20141202,32
20141203,31
20141204,29
20141205,32
20141207,7
20141208,28
20141209,26
20141210,25
20141211,42
20141212,30
20141213,2
20141214,11
20141215,41
20141216,27
20141217,38
20141218,19
20141219,27
20141220,3
20141221,7
20141222,17
20141223,8
20141224,17
20141225,7
20141226,11
20141227,3
20141228,4
20141229,13
20141230,16
20141231,14
20150101,13
20150102,27
20150103,1
20150104,8
20150105,32
20150106,27
20150107,38
20150108,44
20150109,50
20150110,1
20150111,7
20150112,30
20150113,37
20150114,35
20150115,54
20150116,33
20150117,2
20150118,3
20150119,21
20150120,22
20150121,39
20150122,52
20150123,34
20150124,4
20150125,8
20150126,21
20150127,27
20150128,29
20150129,33
20150130,37
20150131,7
20150201,10
20150202,29
20150203,30
20150204,29
20150205,25
20150206,24
20150207,1
20150208,6
20150209,23
20150210,33
20150211,19
20150212,34
20150213,17
20150214,1
20150215,3
20150216,14
20150217,18
20150218,34
20150219,29
20150220,14
20150222,5
20150223,14
20150224,24
20150225,26
20150226,41
20150227,28
20150228,4
20150301,13
20150302,29
20150303,23
20150304,37
20150305,34
20150306,36
20150307,1
20150308,9
20150309,23
20150310,23
20150311,35
20150312,33
20150313,22
20150314,2
20150315,12
20150316,21
20150317,24
20150318,54
20150319,30
20150320,30
20150322,5
20150323,24
20150324,31
20150325,17
20150326,20
20150327,23
20150328,1
20150329,2
20150330,27
20150331,26
20150401,15
20150402,20
20150403,15
20150404,1
20150405,7
20150406,14
20150407,27
20150408,21
20150409,21
20150410,15
20150412,9
20150413,21
20150414,20
20150415,29
20150416,22
20150417,25
20150418,1
20150419,6
20150420,17
20150421,15
20150422,16
20150423,19
20150424,17
20150426,5
20150427,20
20150428,18
20150429,30
20150430,32
