20050104,2
20050105,2
20050106,1
20050107,2
20050110,2
20050111,5
20050113,1
20050117,3
20050118,3
20050119,5
20050120,6
20050124,2
20050125,4
20050126,8
20050127,3
20050128,4
20050201,3
20050202,4
20050207,4
20050208,4
20050209,5
20050210,6
20050211,3
20050214,1
20050215,4
20050218,1
20050221,3
20050222,2
20050223,2
20050224,7
20050225,4
20050301,1
20050302,3
20050303,2
20050304,1
20050307,2
20050308,2
20050309,1
20050310,3
20050311,3
20050314,3
20050315,4
20050316,1
20050317,2
20050318,4
20050322,2
20050323,6
20050324,4
20050325,2
20050328,1
20050329,3
20050330,3
20050331,2
20050401,3
20050404,1
20050405,1
20050406,6
20050407,3
20050408,2
20050411,1
20050412,4
20050413,2
20050414,3
20050415,13
20050417,1
20050418,11
20050419,6
20050420,9
20050421,5
20050422,1
20050425,5
20050426,5
20050427,6
20050428,2
20050502,3
20050503,2
20050504,1
20050505,4
20050506,2
20050509,5
20050510,4
20050511,2
20050512,2
20050513,4
20050516,4
20050517,3
20050518,2
20050519,2
20050520,2
20050523,7
20050524,4
20050525,2
20050526,2
20050527,3
20050531,3
20050602,2
20050603,1
20050604,1
20050606,4
20050607,3
20050608,1
20050609,3
20050610,2
20050613,2
20050616,2
20050617,1
20050620,2
20050621,3
20050622,5
20050623,3
20050624,3
20050627,4
20050628,5
20050629,2
20050630,2
20050701,1
20050704,2
20050705,4
20050706,5
20050707,1
20050708,1
20050711,4
20050712,2
20050713,1
20050714,6
20050715,2
20050718,3
20050719,10
20050720,6
20050721,3
20050725,2
20050726,3
20050727,3
20050728,1
20050729,2
20050731,1
20050801,3
20050803,1
20050804,1
20050805,2
20050809,2
20050810,1
20050811,1
20050812,1
20050815,1
20050816,1
20050817,7
20050818,3
20050819,1
20050820,1
20050822,1
20050824,2
20050825,2
20050826,1
20050829,1
20050901,2
20050902,2
20050912,7
20050913,4
20050915,2
20050916,2
20050918,1
20050919,3
20050920,5
20050921,1
20050922,3
20050923,1
20050924,1
20050926,2
20050927,3
20050929,4
20051001,1
20051003,1
20051004,2
20051005,1
20051007,1
20051008,1
20051010,2
20051011,5
20051012,1
20051013,1
20051014,3
20051015,1
20051017,6
20051018,4
20051019,6
20051021,3
20051024,5
20051025,2
20051026,1
20051028,2
20051029,2
20051031,2
20051101,3
20051102,2
20051103,1
20051104,1
20051107,1
20051110,1
20051111,1
20051114,7
20051115,1
20051116,1
20051117,1
20051118,2
20051119,1
20051121,2
20051122,1
20051123,1
20051128,1
20051129,1
20051130,2
20051201,4
20051202,3
20051205,1
20051206,2
20051208,1
20051209,3
20051214,3
20051215,1
20051216,1
20051219,1
20051220,1
20051221,3
20051222,5
20051223,4
20051224,2
20051227,1
20051228,1
20051231,2
20060103,1
20060104,2
20060105,4
20060106,3
20060107,6
20060108,1
20060109,1
20060110,3
20060111,3
20060112,3
20060113,5
20060115,1
20060116,2
20060117,6
20060118,9
20060119,2
20060120,1
20060121,3
20060123,3
20060125,5
20060126,2
20060127,2
20060128,1
20060130,1
20060131,2
20060201,3
20060202,3
20060203,1
20060207,3
20060208,7
20060209,2
20060210,3
20060211,1
20060213,2
20060214,5
20060215,2
20060217,2
20060218,2
20060219,1
20060220,1
20060221,3
20060222,2
20060223,2
20060224,1
20060227,1
20060228,1
20060301,3
20060302,4
20060303,2
20060304,2
20060305,1
20060306,2
20060308,1
20060309,3
20060311,1
20060313,3
20060314,1
20060316,2
20060317,3
20060318,1
20060320,5
20060322,1
20060323,3
20060324,1
20060327,1
20060328,2
20060329,1
20060330,2
20060331,4
20060401,1
20060403,5
20060404,2
20060405,1
20060406,4
20060408,1
20060410,3
20060411,5
20060412,3
20060413,3
20060414,2
20060417,2
20060418,5
20060419,7
20060420,4
20060421,2
20060422,2
20060424,2
20060425,3
20060426,1
20060427,3
20060428,4
20060429,1
20060505,1
20060508,3
20060509,3
20060510,4
20060511,2
20060515,3
20060516,2
20060517,1
20060518,2
20060519,1
20060522,1
20060524,4
20060525,4
20060526,2
20060530,4
20060601,2
20060603,1
20060606,6
20060607,3
20060609,2
20060613,2
20060615,1
20060617,1
20060619,2
20060620,2
20060622,2
20060623,3
20060626,1
20060627,1
20060628,1
20060629,1
20060701,1
20060702,1
20060705,2
20060706,3
20060707,1
20060708,1
20060711,3
20060712,1
20060713,6
20060714,1
20060715,1
20060716,1
20060717,5
20060718,4
20060719,5
20060720,3
20060721,1
20060724,3
20060725,2
20060726,2
20060727,1
20060728,3
20060729,1
20060731,1
20060801,4
20060803,4
20060804,3
20060807,2
20060808,3
20060810,3
20060811,2
20060812,2
20060813,1
20060814,1
20060815,6
20060817,2
20060818,1
20060819,1
20060821,1
20060822,3
20060823,5
20060824,4
20060825,1
20060826,2
20060829,8
20060830,1
20060831,1
20060902,2
20060905,1
20060906,3
20060907,2
20060908,4
20060909,1
20060910,1
20060911,4
20060912,3
20060913,2
20060914,1
20060916,1
20060920,2
20060921,4
20060922,1
20060923,1
20060925,1
20060926,4
20060927,1
20060928,3
20060929,2
20060930,1
20061002,1
20061004,2
20061006,5
20061009,4
20061011,2
20061012,4
20061013,1
20061014,1
20061015,1
20061016,4
20061017,9
20061018,7
20061019,6
20061020,1
20061023,3
20061024,4
20061025,1
20061026,1
20061027,1
20061028,1
20061029,1
20061030,1
20061031,2
20061102,2
20061106,1
20061107,4
20061108,3
20061110,2
20061113,5
20061114,2
20061115,2
20061116,8
20061117,4
20061120,5
20061121,2
20061122,4
20061124,1
20061127,1
20061201,4
20061204,2
20061205,2
20061206,2
20061211,2
20061213,2
20061214,2
20061215,1
20061216,2
20061217,1
20061219,1
20061220,3
20061221,5
20061222,1
20061224,1
20061226,1
20061227,1
20061228,4
20061229,2
20070102,1
20070103,3
20070104,4
20070105,2
20070106,1
20070108,2
20070109,5
20070110,3
20070111,2
20070112,1
20070113,1
20070116,5
20070117,2
20070118,2
20070119,3
20070120,3
20070122,4
20070123,6
20070124,2
20070125,3
20070126,2
20070127,1
20070129,4
20070130,2
20070202,2
20070205,1
20070206,2
20070207,2
20070210,2
20070212,2
20070214,1
20070215,2
20070216,1
20070217,1
20070220,2
20070222,2
20070223,3
20070224,1
20070226,4
20070227,4
20070228,1
20070301,5
20070302,2
20070303,3
20070306,5
20070307,1
20070308,2
20070309,1
20070312,2
20070313,5
20070314,2
20070315,1
20070317,1
20070321,1
20070322,1
20070323,1
20070326,3
20070327,1
20070328,4
20070329,2
20070402,1
20070405,3
20070406,2
20070409,2
20070410,1
20070411,1
20070412,1
20070413,2
20070414,1
20070416,2
20070417,5
20070418,12
20070419,5
20070420,2
20070423,2
20070424,4
20070425,7
20070426,2
20070428,4
20070429,1
20070430,2
20070501,1
20070502,1
20070503,1
20070504,2
20070508,3
20070509,3
20070510,1
20070511,2
20070514,2
20070515,1
20070516,2
20070517,3
20070518,2
20070519,3
20070520,1
20070521,4
20070522,1
20070523,4
20070524,2
20070529,3
20070530,5
20070604,2
20070605,2
20070606,3
20070607,3
20070609,2
20070610,1
20070611,3
20070612,2
20070613,2
20070615,1
20070616,2
20070618,5
20070619,2
20070621,1
20070622,1
20070625,2
20070626,2
20070627,1
20070703,1
20070705,4
20070707,1
20070709,3
20070710,1
20070712,2
20070713,1
20070714,2
20070715,1
20070716,1
20070717,3
20070718,3
20070719,6
20070720,4
20070721,3
20070723,1
20070724,3
20070725,2
20070726,2
20070727,2
20070730,3
20070731,1
20070801,1
20070802,1
20070803,1
20070807,1
20070808,1
20070809,2
20070811,1
20070813,3
20070815,1
20070816,3
20070817,3
20070821,1
20070822,1
20070827,3
20070828,3
20070829,3
20070830,6
20070831,6
20070901,1
20070904,1
20070905,4
20070906,1
20070907,2
20070908,1
20070910,3
20070911,1
20070912,2
20070913,1
20070915,1
20070917,4
20070918,3
20070919,1
20070920,1
20070921,1
20070922,2
20070923,2
20070924,2
20070926,1
20070927,1
20070928,2
20071002,3
20071003,2
20071004,2
20071005,1
20071008,3
20071009,2
20071012,2
20071013,2
20071015,1
20071016,2
20071017,6
20071018,3
20071019,2
20071020,1
20071022,1
20071023,4
20071024,2
20071025,1
20071026,1
20071029,2
20071030,2
20071101,1
20071102,1
20071103,1
20071105,1
20071106,2
20071107,1
20071108,3
20071109,1
20071110,1
20071112,1
20071113,7
20071114,1
20071115,1
20071117,1
20071119,1
20071120,3
20071121,1
20071123,1
20071126,1
20071128,2
20071201,2
20071203,1
20071204,2
20071205,1
20071206,1
20071207,3
20071211,4
20071213,1
20071214,1
20071217,2
20071218,1
20071219,1
20071220,1
20071221,1
20071222,1
20071226,1
20071227,1
20071229,1
20071231,1
20080102,2
20080103,1
20080104,2
20080107,1
20080109,1
20080110,2
20080111,2
20080114,6
20080115,11
20080116,2
20080117,4
20080118,7
20080119,1
20080122,1
20080123,3
20080124,5
20080127,2
20080128,5
20080129,1
20080130,1
20080131,2
20080201,2
20080204,3
20080206,1
20080207,2
20080208,4
20080211,1
20080212,1
20080213,1
20080214,2
20080215,2
20080216,2
20080219,1
20080220,3
20080221,2
20080222,1
20080225,1
20080226,4
20080227,4
20080228,2
20080301,2
20080303,3
20080304,2
20080305,1
20080307,2
20080310,2
20080314,1
20080317,3
20080318,2
20080319,5
20080320,2
20080322,1
20080324,2
20080325,1
20080327,1
20080328,1
20080329,1
20080331,2
20080401,3
20080402,2
20080403,2
20080404,4
20080405,1
20080407,1
20080408,1
20080409,3
20080412,2
20080414,3
20080415,3
20080417,6
20080418,3
20080419,1
20080420,1
20080421,2
20080422,1
20080423,4
20080425,2
20080429,2
20080430,1
20080502,1
20080503,1
20080505,3
20080506,3
20080507,1
20080512,3
20080513,4
20080514,2
20080515,1
20080517,1
20080519,1
20080520,3
20080521,1
20080522,1
20080523,5
20080528,1
20080529,1
20080530,2
20080531,2
20080602,2
20080603,1
20080604,1
20080605,2
20080607,1
20080609,2
20080610,2
20080612,1
20080613,1
20080616,4
20080617,1
20080618,2
20080621,1
20080624,1
20080625,1
20080626,1
20080627,1
20080628,1
20080630,2
20080702,3
20080703,3
20080708,1
20080709,1
20080710,1
20080713,2
20080714,1
20080715,1
20080716,4
20080717,1
20080718,2
20080719,1
20080720,2
20080721,1
20080722,3
20080724,2
20080725,1
20080726,1
20080727,2
20080728,3
20080729,2
20080730,2
20080731,1
20080801,1
20080802,1
20080804,2
20080805,2
20080806,1
20080809,1
20080812,2
20080813,1
20080814,1
20080820,3
20080822,1
20080823,1
20080825,1
20080828,1
20080830,1
20080901,2
20080904,1
20080905,1
20080908,1
20080909,1
20080910,2
20080911,1
20080912,1
20080914,1
20080916,5
20080917,2
20080918,1
20080919,1
20080920,4
20080923,4
20080924,4
20080925,3
20080926,1
20080929,2
20080930,3
20081002,3
20081003,1
20081004,1
20081007,3
20081008,2
20081009,2
20081010,3
20081013,1
20081014,2
20081015,1
20081017,1
20081018,2
20081019,1
20081021,2
20081022,1
20081023,1
20081024,2
20081027,1
20081028,1
20081029,2
20081031,1
20081104,1
20081105,1
20081110,1
20081111,1
20081112,2
20081113,2
20081114,2
20081115,1
20081117,2
20081118,4
20081124,1
20081126,2
20081128,1
20081201,1
20081202,1
20081203,2
20081204,2
20081205,1
20081208,3
20081209,4
20081210,1
20081217,2
20081222,1
20081224,1
20081231,1
20090102,1
20090105,1
20090106,2
20090108,2
20090109,1
20090112,2
20090114,3
20090115,1
20090116,1
20090120,3
20090121,2
20090122,7
20090123,2
20090127,4
20090128,2
20090129,2
20090130,1
20090131,1
20090202,1
20090203,2
20090205,1
20090206,1
20090217,3
20090218,1
20090219,2
20090221,1
20090223,3
20090224,5
20090226,1
20090303,1
20090304,1
20090305,2
20090309,3
20090311,2
20090313,1
20090316,1
20090317,1
20090318,1
20090319,8
20090320,2
20090321,1
20090323,1
20090325,3
20090326,3
20090327,2
20090328,1
20090329,1
20090330,2
20090331,3
20090401,3
20090402,1
20090403,1
20090406,8
20090407,5
20090408,1
20090410,2
20090411,1
20090413,1
20090416,2
20090417,2
20090420,7
20090421,7
20090422,1
20090423,1
20090424,3
20090427,1
20090429,5
20090503,1
20090506,1
20090507,2
20090511,2
20090512,2
20090513,1
20090514,2
20090515,2
20090516,1
20090518,1
20090519,2
20090520,1
20090528,1
20090529,2
20090601,1
20090602,2
20090603,4
20090604,1
20090605,2
20090608,1
20090611,1
20090612,1
20090615,1
20090618,1
20090622,1
20090626,2
20090627,1
20090629,1
20090702,1
20090703,1
20090705,1
20090707,1
20090711,1
20090713,2
20090714,3
20090715,1
20090716,3
20090717,2
20090718,4
20090720,1
20090721,1
20090722,2
20090723,1
20090725,2
20090728,1
20090729,3
20090730,2
20090731,1
20090801,1
20090804,1
20090805,1
20090806,2
20090807,1
20090808,1
20090811,1
20090812,1
20090814,1
20090817,2
20090818,1
20090819,2
20090824,1
20090825,1
20090827,1
20090902,2
20090903,2
20090904,1
20090907,1
20090908,2
20090909,2
20090914,3
20090916,1
20090917,3
20090918,1
20090921,2
20090922,2
20090923,3
20090924,4
20090925,1
20090926,1
20090928,2
20090929,2
20090930,3
20091001,1
20091005,3
20091006,2
20091007,1
20091008,2
20091009,1
20091010,1
20091012,3
20091013,3
20091014,2
20091015,3
20091016,4
20091017,4
20091018,1
20091019,2
20091020,6
20091021,2
20091022,2
20091026,2
20091027,2
20091028,7
20091029,2
20091030,1
20091031,2
20091104,7
20091105,3
20091109,1
20091110,3
20091111,4
20091112,1
20091116,2
20091117,2
20091118,1
20091119,1
20091123,3
20091124,1
20091127,1
20091130,2
20091201,1
20091202,2
20091204,3
20091206,1
20091208,1
20091209,1
20091210,1
20091214,1
20091215,2
20091216,2
20091218,1
20091221,1
20091222,3
20091223,1
20091224,1
20091225,1
20091229,2
20091230,2
20091231,1
20100102,1
20100103,1
20100104,1
20100105,4
20100106,2
20100109,1
20100110,1
20100111,1
20100113,3
20100114,2
20100115,2
20100119,2
20100120,2
20100121,2
20100122,2
20100124,1
20100126,1
20100127,2
20100129,2
20100131,1
20100201,2
20100202,2
20100205,1
20100208,1
20100210,2
20100211,1
20100213,1
20100217,1
20100219,1
20100220,1
20100223,1
20100301,1
20100302,1
20100303,2
20100304,2
20100305,1
20100308,2
20100309,1
20100310,2
20100311,1
20100314,1
20100315,2
20100316,2
20100318,2
20100319,2
20100321,1
20100324,3
20100330,1
20100331,3
20100401,5
20100403,2
20100405,1
20100406,2
20100407,4
20100408,1
20100409,1
20100414,1
20100415,1
20100416,2
20100419,1
20100420,3
20100421,3
20100427,2
20100428,1
20100501,1
20100502,1
20100504,2
20100505,2
20100506,3
20100507,1
20100510,1
20100511,2
20100513,5
20100515,1
20100517,2
20100524,2
20100525,4
20100526,2
20100527,3
20100528,2
20100529,1
20100531,1
20100602,2
20100603,1
20100607,1
20100609,3
20100614,1
20100615,1
20100616,2
20100617,1
20100621,4
20100624,1
20100628,1
20100629,2
20100630,1
20100701,2
20100703,1
20100706,1
20100708,1
20100712,2
20100713,1
20100714,2
20100719,6
20100720,7
20100721,3
20100722,5
20100723,3
20100726,1
20100727,3
20100729,2
20100731,1
20100803,1
20100804,3
20100805,4
20100806,4
20100807,3
20100808,3
20100809,2
20100810,4
20100811,2
20100812,1
20100813,5
20100814,3
20100815,1
20100817,2
20100818,1
20100819,4
20100820,1
20100821,2
20100823,5
20100824,4
20100826,3
20100827,5
20100829,2
20100831,2
20100901,4
20100902,3
20100903,1
20100904,1
20100905,1
20100907,1
20100908,2
20100909,1
20100911,1
20100913,2
20100914,3
20100915,3
20100916,3
20100917,4
20100918,1
20100920,7
20100921,2
20100923,4
20100924,1
20100925,1
20100927,2
20100928,4
20100929,3
20100930,3
20101001,3
20101002,1
20101004,4
20101006,2
20101007,2
20101011,3
20101013,1
20101014,1
20101015,1
20101016,1
20101017,1
20101018,6
20101019,3
20101020,1
20101021,2
20101022,3
20101024,1
20101025,1
20101026,1
20101027,2
20101028,3
20101030,1
20101031,1
20101101,1
20101102,2
20101103,3
20101104,1
20101106,3
20101109,1
20101111,3
20101112,2
20101113,2
20101115,4
20101116,1
20101117,3
20101119,1
20101120,1
20101121,1
20101122,2
20101124,2
20101125,1
20101126,1
20101127,2
20101128,1
20101129,2
20101130,3
20101201,2
20101202,1
20101203,1
20101204,2
20101206,1
20101207,1
20101208,1
20101209,1
20101210,1
20101211,1
20101213,1
20101214,3
20101215,3
20101217,3
20101222,1
20101223,1
20101224,1
20101228,2
20101229,1
20101231,1
20110103,2
20110104,2
20110105,2
20110107,1
20110113,2
20110114,4
20110115,1
20110118,4
20110119,7
20110120,1
20110121,1
20110123,1
20110124,3
20110125,1
20110126,2
20110127,2
20110128,3
20110131,2
20110201,5
20110202,4
20110203,1
20110205,1
20110207,1
20110210,4
20110211,1
20110212,2
20110214,3
20110215,1
20110217,3
20110218,2
20110223,2
20110224,1
20110226,1
20110228,1
20110301,1
20110302,1
20110303,2
20110304,1
20110308,4
20110309,4
20110310,4
20110311,3
20110314,2
20110315,2
20110316,2
20110317,2
20110318,3
20110319,2
20110320,1
20110321,3
20110323,2
20110324,1
20110325,2
20110329,1
20110330,1
20110331,2
20110401,2
20110404,2
20110405,2
20110406,1
20110408,1
20110411,2
20110413,1
20110414,2
20110415,2
20110417,1
20110418,2
20110419,2
20110420,6
20110421,3
20110423,1
20110425,4
20110426,1
20110427,3
20110429,1
20110430,2
20110504,1
20110509,2
20110510,6
20110511,1
20110513,1
20110516,1
20110517,3
20110518,2
20110520,1
20110523,1
20110526,3
20110531,1
20110601,2
20110604,1
20110606,1
20110607,2
20110609,1
20110610,1
20110612,1
20110613,4
20110616,2
20110617,3
20110618,1
20110620,2
20110621,2
20110622,2
20110623,1
20110624,3
20110625,1
20110627,2
20110628,1
20110629,3
20110630,1
20110705,1
20110707,1
20110708,1
20110711,1
20110712,2
20110713,1
20110718,1
20110719,4
20110720,5
20110721,2
20110722,2
20110725,1
20110726,1
20110728,2
20110729,1
20110730,2
20110802,1
20110804,2
20110806,1
20110808,1
20110809,1
20110810,2
20110811,3
20110815,1
20110818,3
20110819,2
20110820,2
20110822,2
20110823,1
20110824,1
20110825,2
20110826,2
20110827,2
20110829,5
20110830,3
20110831,5
20110901,4
20110902,1
20110903,1
20110906,1
20110907,1
20110908,4
20110910,1
20110912,2
20110914,2
20110915,1
20110916,1
20110919,1
20110920,2
20110921,1
20110922,3
20110923,2
20110924,2
20110926,2
20110928,3
20110930,1
20111001,3
20111003,1
20111004,2
20111006,2
20111007,3
20111010,2
20111012,3
20111013,1
20111014,1
20111015,1
20111017,7
20111018,3
20111019,2
20111024,2
20111025,2
20111026,2
20111027,1
20111028,2
20111029,1
20111030,1
20111103,2
20111104,3
20111107,1
20111108,2
20111109,2
20111110,1
20111113,1
20111114,7
20111115,2
20111116,1
20111117,1
20111118,1
20111119,1
20111121,3
20111122,1
20111126,2
20111127,1
20111128,3
20111129,3
20111201,1
20111208,1
20111209,2
20111210,1
20111213,1
20111214,2
20111215,1
20111216,1
20111219,2
20111221,2
20111228,2
20111229,2
20111230,1
20111231,1
20120103,1
20120104,3
20120106,2
20120107,1
20120109,2
20120110,1
20120111,1
20120112,2
20120119,2
20120120,5
20120121,1
20120123,2
20120124,1
20120126,2
20120127,1
20120130,1
20120131,1
20120202,2
20120203,1
20120207,2
20120208,2
20120209,2
20120210,1
20120213,1
20120214,3
20120215,1
20120217,1
20120222,1
20120223,1
20120225,1
20120226,1
20120227,1
20120228,2
20120229,2
20120301,1
20120302,2
20120305,3
20120306,1
20120308,3
20120309,2
20120312,1
20120313,1
20120315,2
20120316,1
20120319,1
20120320,1
20120321,1
20120322,3
20120326,1
20120327,3
20120330,1
20120401,1
20120402,3
20120403,2
20120404,1
20120406,3
20120408,2
20120409,3
20120410,1
20120412,1
20120413,1
20120416,2
20120417,4
20120418,7
20120419,2
20120420,2
20120423,3
20120424,6
20120425,1
20120427,1
20120430,2
20120501,2
20120502,2
20120503,2
20120504,2
20120505,1
20120508,1
20120509,1
20120510,1
20120514,1
20120515,2
20120517,2
20120521,6
20120523,2
20120524,2
20120525,1
20120528,3
20120529,1
20120530,4
20120531,2
20120601,2
20120603,1
20120604,1
20120605,3
20120606,2
20120607,1
20120608,1
20120610,1
20120613,2
20120618,1
20120619,2
20120622,1
20120628,2
20120629,2
20120630,1
20120703,1
20120704,1
20120706,2
20120708,2
20120709,2
20120711,1
20120712,1
20120715,2
20120716,1
20120717,3
20120718,3
20120719,8
20120720,1
20120722,3
20120723,2
20120725,1
20120726,1
20120727,1
20120729,1
20120730,2
20120731,2
20120801,2
20120802,1
20120803,1
20120808,2
20120809,4
20120810,1
20120812,2
20120813,5
20120814,2
20120815,1
20120816,5
20120817,1
20120819,1
20120820,2
20120821,1
20120822,2
20120823,3
20120827,3
20120828,3
20120829,2
20120830,1
20120903,1
20120905,2
20120909,1
20120911,4
20120912,1
20120913,1
20120914,3
20120916,1
20120917,3
20120918,2
20120920,1
20120924,1
20120925,3
20120926,2
20120930,2
20121001,2
20121002,1
20121003,1
20121004,3
20121005,1
20121008,1
20121009,1
20121010,5
20121012,1
20121016,4
20121017,4
20121018,3
20121019,2
20121020,1
20121023,2
20121024,6
20121025,3
20121026,1
20121029,2
20121030,2
20121031,1
20121102,1
20121104,2
20121105,1
20121106,1
20121108,1
20121109,2
20121112,2
20121113,2
20121114,2
20121116,1
20121118,1
20121119,1
20121121,1
20121125,1
20121126,3
20121127,2
20121128,1
20121129,1
20121130,2
20121203,1
20121205,1
20121206,2
20121207,2
20121210,1
20121217,1
20121219,2
20121220,4
20121221,1
20121223,1
20121226,1
20121228,1
20130104,2
20130106,2
20130107,2
20130108,2
20130109,4
20130110,5
20130115,2
20130117,1
20130118,1
20130121,3
20130122,3
20130123,7
20130124,2
20130125,3
20130127,2
20130129,1
20130130,1
20130131,3
20130201,1
20130204,2
20130205,3
20130206,3
20130207,3
20130208,2
20130211,1
20130212,1
20130213,1
20130214,2
20130215,2
20130218,2
20130219,1
20130220,7
20130221,3
20130222,3
20130224,1
20130226,1
20130228,1
20130301,2
20130303,2
20130305,5
20130307,2
20130308,1
20130310,1
20130311,2
20130312,2
20130313,2
20130314,1
20130315,2
20130317,1
20130320,1
20130321,2
20130322,1
20130325,4
20130326,3
20130327,3
20130328,1
20130329,1
20130401,1
20130402,1
20130403,2
20130404,1
20130408,1
20130409,1
20130410,1
20130411,2
20130414,2
20130415,3
20130418,8
20130419,9
20130420,1
20130421,2
20130422,3
20130423,5
20130424,6
20130425,2
20130428,1
20130429,2
20130430,1
20130502,3
20130503,3
20130507,3
20130508,1
20130510,3
20130512,2
20130513,3
20130514,4
20130515,4
20130516,3
20130517,3
20130520,4
20130521,1
20130522,2
20130523,3
20130524,2
20130528,1
20130529,1
20130531,1
20130602,1
20130603,1
20130604,2
20130605,4
20130606,5
20130607,2
20130610,1
20130611,2
20130612,3
20130613,1
20130614,3
20130619,5
20130621,1
20130622,1
20130624,1
20130625,3
20130627,3
20130702,1
20130703,1
20130705,1
20130708,2
20130709,2
20130710,3
20130711,3
20130712,2
20130714,1
20130715,2
20130716,5
20130717,5
20130718,4
20130719,2
20130721,1
20130722,3
20130723,1
20130724,2
20130725,2
20130726,2
20130728,1
20130729,4
20130730,2
20130731,3
20130801,3
20130802,1
20130803,1
20130805,1
20130806,4
20130807,2
20130808,1
20130812,2
20130815,4
20130816,2
20130820,1
20130821,2
20130822,2
20130823,2
20130824,1
20130825,4
20130826,3
20130827,2
20130828,4
20130829,4
20130902,3
20130903,3
20130904,4
20130905,3
20130906,1
20130907,1
20130908,1
20130909,3
20130910,2
20130911,3
20130912,4
20130913,4
20130915,4
20130916,1
20130917,2
20130918,2
20130919,4
20130920,1
20130922,2
20130923,1
20130924,2
20130925,2
20130926,3
20130927,3
20131001,2
20131002,3
20131003,1
20131004,2
20131007,4
20131008,1
20131009,1
20131010,1
20131011,1
20131015,1
20131016,3
20131017,3
20131018,5
20131021,1
20131023,5
20131024,2
20131025,2
20131028,2
20131029,1
20131031,3
20131101,2
20131103,1
20131104,5
20131105,2
20131106,2
20131107,4
20131108,1
20131110,2
20131111,3
20131112,2
20131113,2
20131114,4
20131115,6
20131117,2
20131118,2
20131119,3
20131121,2
20131122,3
20131124,2
20131125,2
20131126,2
20131127,3
20131129,3
20131202,1
20131203,2
20131204,1
20131205,5
20131206,4
20131209,2
20131210,2
20131211,1
20131212,3
20131213,4
20131215,1
20131216,1
20131219,2
20131220,1
20131223,2
20131224,1
20131226,2
20131227,1
20131229,1
20140102,2
20140103,1
20140106,2
20140107,4
20140108,3
20140109,2
20140110,1
20140111,1
20140112,1
20140113,3
20140115,2
20140116,5
20140117,4
20140119,1
20140120,5
20140121,11
20140122,7
20140123,4
20140124,3
20140127,2
20140128,2
20140129,2
20140130,7
20140131,3
20140202,1
20140203,3
20140204,4
20140205,6
20140206,4
20140207,2
20140209,3
20140211,1
20140212,3
20140213,4
20140214,1
20140217,1
20140218,2
20140219,2
20140220,2
20140223,2
20140224,2
20140226,2
20140227,2
20140228,1
20140303,2
20140304,2
20140305,1
20140306,1
20140307,3
20140308,1
20140309,3
20140310,1
20140311,4
20140312,2
20140313,3
20140314,2
20140317,1
20140318,3
20140319,2
20140320,4
20140324,2
20140325,4
20140327,5
20140328,2
20140330,3
20140331,3
20140401,2
20140402,6
20140403,7
20140404,3
20140406,1
20140407,4
20140408,1
20140409,1
20140413,2
20140414,2
20140415,6
20140416,7
20140417,5
20140420,1
20140421,1
20140422,1
20140423,8
20140424,2
20140427,1
20140428,2
20140429,3
20140430,3
20140501,4
20140502,2
20140504,4
20140505,4
20140506,3
20140507,3
20140509,3
20140512,3
20140513,5
20140514,5
20140515,4
20140516,2
20140518,1
20140519,1
20140520,2
20140521,1
20140522,3
20140523,1
20140527,6
20140528,4
20140529,5
20140530,2
20140602,3
20140604,4
20140605,7
20140606,4
20140608,1
20140609,2
20140610,4
20140611,2
20140612,4
20140613,1
20140615,2
20140616,1
20140617,1
20140618,2
20140619,3
20140621,1
20140622,1
20140623,2
20140624,4
20140625,2
20140626,5
20140627,1
20140629,1
20140702,1
20140703,2
20140707,1
20140708,3
20140709,3
20140710,2
20140713,2
20140714,2
20140715,4
20140716,6
20140717,3
20140718,2
20140721,5
20140722,3
20140723,1
20140725,1
20140727,2
20140728,2
20140729,1
20140730,4
20140731,2
20140801,2
20140803,2
20140804,2
20140806,3
20140807,3
20140808,3
20140811,2
20140812,2
20140813,2
20140814,3
20140815,2
20140818,1
20140819,1
20140820,3
20140821,1
20140822,1
20140824,2
20140825,3
20140828,1
20140829,2
20140831,1
20140901,2
20140903,3
20140907,1
20140908,2
20140909,4
20140911,2
20140912,1
20140914,1
20140915,3
20140916,3
20140917,2
20140918,4
20140921,1
20140922,2
20140923,1
20140924,4
20140925,1
20140926,3
20140929,6
20140930,3
20141001,1
20141002,2
20141005,1
20141006,2
20141007,1
20141008,2
20141009,2
20141010,2
20141012,1
20141013,1
20141014,2
20141015,1
20141016,4
20141017,2
20141019,2
20141020,14
20141021,9
20141022,7
20141023,8
20141024,4
20141026,4
20141028,3
20141029,4
20141030,2
20141031,2
20141102,2
20141103,2
20141104,6
20141105,2
20141106,2
20141109,1
20141110,2
20141111,4
20141112,3
20141113,2
20141114,3
20141117,3
20141118,3
20141119,2
20141120,1
20141121,2
20141124,3
20141125,4
20141127,1
20141130,1
20141201,2
20141202,3
20141203,3
20141204,4
20141205,3
20141208,1
20141209,2
20141210,6
20141211,4
20141212,1
20141215,2
20141216,1
20141217,4
20141218,2
20141219,1
20141221,2
20141222,1
20141223,1
20141224,2
20141225,1
20141226,1
20141228,1
20150104,2
20150105,3
20150106,1
20150107,3
20150108,2
20150109,2
20150112,3
20150113,6
20150114,2
20150115,2
20150116,1
20150119,1
20150120,7
20150121,7
20150122,1
20150123,3
20150126,5
20150127,4
20150128,3
20150129,2
20150130,1
20150201,1
20150202,1
20150205,4
20150206,1
20150209,1
20150210,3
20150211,2
20150212,1
20150215,1
20150217,3
20150218,2
20150219,2
20150220,2
20150222,2
20150223,1
20150224,1
20150225,4
20150226,3
20150227,6
20150228,1
20150302,1
20150303,1
20150304,2
20150305,3
20150306,2
20150310,1
20150311,2
20150314,1
20150315,1
20150316,5
20150317,4
20150318,3
20150319,2
20150323,3
20150324,2
20150325,1
20150327,2
20150329,1
20150331,6
20150401,3
20150402,2
20150403,3
20150405,1
20150406,4
20150407,2
20150408,1
20150409,2
20150410,2
20150413,5
20150414,5
20150415,3
20150416,2
20150417,4
20150419,2
20150420,8
20150421,10
20150422,1
20150423,3
20150424,3
20150427,4
20150428,3
20150429,4
20150430,5
