20050405,1
20050513,1
20050525,1
20050623,1
20050808,1
20050809,1
20050830,1
20051111,1
20051122,1
20060116,1
20060120,1
20060123,1
20060126,1
20060531,1
20060708,2
20060923,1
20061120,1
20061205,1
20061221,1
20070110,1
20070307,1
20070315,1
20070329,1
20070414,1
20070618,1
20070712,1
20070716,1
20070917,1
20071003,1
20071107,1
20080306,1
20080508,1
20080519,1
20080717,1
20081210,1
20081230,1
20090107,1
20090207,1
20090424,1
20090513,1
20090516,1
20090622,1
20091006,1
20091028,2
20091112,1
20091216,1
20100125,1
20100203,1
20100210,1
20100224,2
20100316,1
20100407,1
20100529,1
20100615,1
20100629,1
20100807,1
20100826,1
20100903,1
20100916,1
20101005,1
20101006,1
20101201,1
20110119,1
20110217,1
20110223,1
20110304,2
20110311,1
20110414,1
20110428,1
20110511,1
20110512,1
20110517,1
20110518,1
20110527,1
20110617,1
20110620,1
20110707,1
20110711,2
20110714,1
20110720,2
20110721,2
20110727,1
20110804,1
20110805,2
20110808,2
20110809,1
20110831,1
20110907,1
20110913,1
20111011,1
20111018,1
20111019,1
20111114,1
20111118,1
20111222,1
20120109,1
20120111,1
20120112,1
20120114,1
20120119,1
20120120,1
20120123,1
20120125,1
20120224,1
20120228,2
20120308,1
20120313,1
20120316,1
20120319,1
20120320,1
20120403,1
20120416,1
20120418,1
20120419,1
20120426,1
20120429,1
20120514,1
20120521,1
20120614,1
20120710,1
20120731,1
20120815,1
20120827,1
20120829,1
20120907,2
20121017,1
20121022,1
20121025,1
20121119,1
20121203,2
20121204,1
20121206,2
20121219,2
20130128,1
20130130,1
20130215,1
20130227,1
20130306,2
20130308,1
20130325,1
20130430,1
20130507,1
20130603,1
20130707,1
20130717,1
20130718,1
20130901,1
20130913,1
20130916,1
20131002,1
20131007,1
20131009,1
20131015,1
20131017,2
20131019,1
20131023,1
20131104,1
20131211,1
20131212,1
20131216,1
20131220,1
20140107,2
20140109,1
20140115,1
20140117,1
20140124,1
20140210,1
20140329,1
20140408,1
20140502,1
20140515,1
20140707,1
20140708,1
20140716,1
20140811,1
20140813,1
20140826,1
20140919,1
20141023,2
20141105,1
20141121,1
20141218,1
20150105,1
20150206,1
20150213,1
20150224,1
20150305,1
20150306,1
20150309,1
20150330,1
