20050102,3
20050103,7
20050104,3
20050105,7
20050106,12
20050107,5
20050109,3
20050110,3
20050111,8
20050112,7
20050113,9
20050114,3
20050117,11
20050118,9
20050119,10
20050120,11
20050121,7
20050123,1
20050124,8
20050125,5
20050126,5
20050127,5
20050128,8
20050130,1
20050131,5
20050201,6
20050202,14
20050203,6
20050204,9
20050206,1
20050207,5
20050208,8
20050209,12
20050210,4
20050211,5
20050213,2
20050214,7
20050215,11
20050216,10
20050217,8
20050218,6
20050220,1
20050221,4
20050222,4
20050223,10
20050224,4
20050225,8
20050227,1
20050228,12
20050301,8
20050302,8
20050303,6
20050304,5
20050306,4
20050307,6
20050308,7
20050309,8
20050310,9
20050311,8
20050313,2
20050314,8
20050315,1
20050316,6
20050317,7
20050318,8
20050320,2
20050321,6
20050322,6
20050323,7
20050324,3
20050325,5
20050327,3
20050328,8
20050329,3
20050330,12
20050331,8
20050401,7
20050403,3
20050404,10
20050405,8
20050406,10
20050407,9
20050408,5
20050410,2
20050411,7
20050412,5
20050413,7
20050414,2
20050415,6
20050417,1
20050418,10
20050419,7
20050420,9
20050421,3
20050422,5
20050424,3
20050425,8
20050426,3
20050427,7
20050428,6
20050429,8
20050501,3
20050502,12
20050503,5
20050504,5
20050505,6
20050506,6
20050509,6
20050510,8
20050511,7
20050512,6
20050513,8
20050515,2
20050516,8
20050517,5
20050518,11
20050519,7
20050520,7
20050521,1
20050522,2
20050523,10
20050524,5
20050525,9
20050526,6
20050527,9
20050530,4
20050531,7
20050601,9
20050602,8
20050603,6
20050605,1
20050606,4
20050607,6
20050608,13
20050609,8
20050610,2
20050612,1
20050613,8
20050614,8
20050615,10
20050616,6
20050617,7
20050619,2
20050620,9
20050621,8
20050622,12
20050623,12
20050624,8
20050626,2
20050627,5
20050628,5
20050629,8
20050630,8
20050701,6
20050703,2
20050704,3
20050705,11
20050706,8
20050707,8
20050708,3
20050710,2
20050711,9
20050712,6
20050713,12
20050714,6
20050715,7
20050716,1
20050717,1
20050718,7
20050719,8
20050720,7
20050721,7
20050722,4
20050724,2
20050725,12
20050726,7
20050727,8
20050728,6
20050729,9
20050801,4
20050802,3
20050803,7
20050804,13
20050805,2
20050807,2
20050808,4
20050809,6
20050810,10
20050811,4
20050812,8
20050814,2
20050815,9
20050816,9
20050817,6
20050818,4
20050819,8
20050821,2
20050822,6
20050823,6
20050824,6
20050825,5
20050826,7
20050828,2
20050829,6
20050830,4
20050831,9
20050901,8
20050902,9
20050903,1
20050904,1
20050905,3
20050906,1
20050907,5
20050908,7
20050909,8
20050911,1
20050912,8
20050913,4
20050914,5
20050915,2
20050916,7
20050917,2
20050919,6
20050920,5
20050921,6
20050922,8
20050923,7
20050924,8
20050925,1
20050926,8
20050927,9
20050928,9
20050929,7
20050930,7
20051001,3
20051002,2
20051003,5
20051004,12
20051005,11
20051006,8
20051007,7
20051008,5
20051009,1
20051010,2
20051011,12
20051012,6
20051013,3
20051014,5
20051015,2
20051016,1
20051017,7
20051018,9
20051019,12
20051020,4
20051021,6
20051022,3
20051023,1
20051024,5
20051025,6
20051026,7
20051027,5
20051028,2
20051029,1
20051030,1
20051031,9
20051101,2
20051102,5
20051103,9
20051104,10
20051105,5
20051106,1
20051107,7
20051108,8
20051109,8
20051110,3
20051111,4
20051112,2
20051113,1
20051114,6
20051115,3
20051116,4
20051117,2
20051118,2
20051119,3
20051120,1
20051121,4
20051122,12
20051123,4
20051124,1
20051125,6
20051126,3
20051127,1
20051128,5
20051129,3
20051130,12
20051201,7
20051202,12
20051203,3
20051204,1
20051205,9
20051206,11
20051207,11
20051208,8
20051209,7
20051210,2
20051211,1
20051212,4
20051213,4
20051214,10
20051215,6
20051216,5
20051217,2
20051218,2
20051219,5
20051220,7
20051221,7
20051222,5
20051223,2
20051224,5
20051227,7
20051228,2
20051229,4
20051230,2
20051231,1
20060101,3
20060103,9
20060104,9
20060105,10
20060106,9
20060107,2
20060108,2
20060109,14
20060110,8
20060111,9
20060112,9
20060113,5
20060114,4
20060116,10
20060117,5
20060118,5
20060119,5
20060120,6
20060121,4
20060123,8
20060124,5
20060125,11
20060126,7
20060127,5
20060128,3
20060129,3
20060130,5
20060131,7
20060201,8
20060202,4
20060203,5
20060204,1
20060205,2
20060206,6
20060207,9
20060208,16
20060209,6
20060210,11
20060211,5
20060212,1
20060213,12
20060214,4
20060215,10
20060216,6
20060217,4
20060218,3
20060219,3
20060220,2
20060221,4
20060222,9
20060223,6
20060224,5
20060225,2
20060226,3
20060227,10
20060228,6
20060301,12
20060302,7
20060303,12
20060304,4
20060305,4
20060306,7
20060307,7
20060308,5
20060309,5
20060310,11
20060311,1
20060313,6
20060314,8
20060315,8
20060316,3
20060317,9
20060318,2
20060320,10
20060321,9
20060322,10
20060323,8
20060324,5
20060325,6
20060326,1
20060327,8
20060328,2
20060329,10
20060330,4
20060331,9
20060401,1
20060402,2
20060403,8
20060404,7
20060405,7
20060406,4
20060407,4
20060408,5
20060409,3
20060410,6
20060411,2
20060412,9
20060413,5
20060414,4
20060415,6
20060416,1
20060417,13
20060418,10
20060419,11
20060420,5
20060421,9
20060422,7
20060424,10
20060425,9
20060426,10
20060427,8
20060428,12
20060429,3
20060430,1
20060501,3
20060502,10
20060503,11
20060504,1
20060505,10
20060506,2
20060507,1
20060508,12
20060509,9
20060510,13
20060511,6
20060512,4
20060513,3
20060514,1
20060515,4
20060516,11
20060517,5
20060518,10
20060519,8
20060520,7
20060521,2
20060522,4
20060523,9
20060524,10
20060525,11
20060526,5
20060527,4
20060528,1
20060529,1
20060530,7
20060531,13
20060601,11
20060602,5
20060603,8
20060604,1
20060605,5
20060606,12
20060607,7
20060608,9
20060609,6
20060610,5
20060611,1
20060612,3
20060613,11
20060614,10
20060615,9
20060616,10
20060617,1
20060618,2
20060619,8
20060620,5
20060621,6
20060622,4
20060623,4
20060624,2
20060625,1
20060626,9
20060627,5
20060628,5
20060629,4
20060630,5
20060701,8
20060702,2
20060703,8
20060704,4
20060705,7
20060706,4
20060707,9
20060708,3
20060709,2
20060710,5
20060711,8
20060712,12
20060713,4
20060714,8
20060715,6
20060717,9
20060718,2
20060719,6
20060720,2
20060721,11
20060722,4
20060724,9
20060725,5
20060726,11
20060727,5
20060728,4
20060729,4
20060730,3
20060731,7
20060801,6
20060802,7
20060803,9
20060804,6
20060805,5
20060806,3
20060807,7
20060808,6
20060809,11
20060810,5
20060811,3
20060812,4
20060813,1
20060814,3
20060815,9
20060816,12
20060817,2
20060818,8
20060819,3
20060820,2
20060821,9
20060822,14
20060823,9
20060824,7
20060825,5
20060826,4
20060827,2
20060828,8
20060829,9
20060830,8
20060831,9
20060901,8
20060902,1
20060903,2
20060904,3
20060905,14
20060906,11
20060907,6
20060908,5
20060909,5
20060911,8
20060912,4
20060913,9
20060914,8
20060915,6
20060916,1
20060917,3
20060918,9
20060919,6
20060920,6
20060921,4
20060922,7
20060923,2
20060924,2
20060925,7
20060926,8
20060927,7
20060928,5
20060929,6
20060930,4
20061001,1
20061002,5
20061003,4
20061004,7
20061005,6
20061006,4
20061007,5
20061008,2
20061009,9
20061010,6
20061011,9
20061012,4
20061013,7
20061014,6
20061015,3
20061016,15
20061017,7
20061018,6
20061019,11
20061020,8
20061021,4
20061022,1
20061023,5
20061024,9
20061025,9
20061026,9
20061027,4
20061028,4
20061030,7
20061031,9
20061101,7
20061102,5
20061103,6
20061104,4
20061106,8
20061107,4
20061108,8
20061109,3
20061110,7
20061111,4
20061112,2
20061113,7
20061114,11
20061115,10
20061116,9
20061117,3
20061118,2
20061119,1
20061120,8
20061121,3
20061122,7
20061123,2
20061124,4
20061125,2
20061126,3
20061127,13
20061128,10
20061129,8
20061130,5
20061201,1
20061202,8
20061203,2
20061204,12
20061205,16
20061206,8
20061207,7
20061208,7
20061209,3
20061211,10
20061212,6
20061213,8
20061214,11
20061215,6
20061216,7
20061217,2
20061218,9
20061219,5
20061220,8
20061221,12
20061222,8
20061223,5
20061224,2
20061226,3
20061227,7
20061228,5
20061229,6
20061230,4
20061231,1
20070102,10
20070103,10
20070104,16
20070105,8
20070106,3
20070108,4
20070109,6
20070110,10
20070111,8
20070112,5
20070113,3
20070115,4
20070116,9
20070117,13
20070118,10
20070119,11
20070120,2
20070121,2
20070122,13
20070123,8
20070124,13
20070125,10
20070126,9
20070127,4
20070129,7
20070130,5
20070131,6
20070201,6
20070202,5
20070203,5
20070204,2
20070205,2
20070206,8
20070207,6
20070208,5
20070209,10
20070210,5
20070211,2
20070212,11
20070213,9
20070214,13
20070215,12
20070216,6
20070217,2
20070218,1
20070220,10
20070221,8
20070222,11
20070223,6
20070224,7
20070225,2
20070226,17
20070227,15
20070228,12
20070301,12
20070302,11
20070303,6
20070304,1
20070305,15
20070306,13
20070307,11
20070308,9
20070309,13
20070310,6
20070311,2
20070312,8
20070313,12
20070314,11
20070315,4
20070316,8
20070317,5
20070318,1
20070319,11
20070320,12
20070321,11
20070322,13
20070323,4
20070324,6
20070325,1
20070326,7
20070327,6
20070328,12
20070329,7
20070330,11
20070331,3
20070401,3
20070402,9
20070403,11
20070404,11
20070405,10
20070406,8
20070407,3
20070409,2
20070410,9
20070411,3
20070412,5
20070413,4
20070414,4
20070415,1
20070416,4
20070417,4
20070418,13
20070419,8
20070420,5
20070421,3
20070423,8
20070424,7
20070425,12
20070426,5
20070427,6
20070428,4
20070429,1
20070430,8
20070501,6
20070502,8
20070503,7
20070504,6
20070505,3
20070506,1
20070507,5
20070508,4
20070509,11
20070510,7
20070512,5
20070513,1
20070514,8
20070515,11
20070516,13
20070517,6
20070518,8
20070519,7
20070520,3
20070521,13
20070522,13
20070523,5
20070524,5
20070525,4
20070526,4
20070527,3
20070528,2
20070529,13
20070530,12
20070531,15
20070601,9
20070602,5
20070603,3
20070604,13
20070605,12
20070606,11
20070607,10
20070608,9
20070609,6
20070610,4
20070611,12
20070612,12
20070613,10
20070614,8
20070615,8
20070616,9
20070617,4
20070618,7
20070619,6
20070620,6
20070621,11
20070622,8
20070623,3
20070624,1
20070625,11
20070626,8
20070627,11
20070628,8
20070629,6
20070630,3
20070701,4
20070702,9
20070703,14
20070704,2
20070705,7
20070706,8
20070707,6
20070708,2
20070709,14
20070710,10
20070711,14
20070712,15
20070713,11
20070714,8
20070715,1
20070716,4
20070717,10
20070718,9
20070719,7
20070720,6
20070721,6
20070722,1
20070723,11
20070724,9
20070725,9
20070726,10
20070727,8
20070728,1
20070729,3
20070730,9
20070731,4
20070801,14
20070802,6
20070803,10
20070804,5
20070805,3
20070806,15
20070807,5
20070808,12
20070809,11
20070810,7
20070811,7
20070812,1
20070813,2
20070814,10
20070815,11
20070816,4
20070817,11
20070818,8
20070819,1
20070820,9
20070821,5
20070822,13
20070823,8
20070824,11
20070825,3
20070826,1
20070827,10
20070828,8
20070829,8
20070830,12
20070831,6
20070901,2
20070902,2
20070903,4
20070904,13
20070905,6
20070906,14
20070907,9
20070908,5
20070909,2
20070910,16
20070911,9
20070912,15
20070913,15
20070914,9
20070915,3
20070916,4
20070917,4
20070918,13
20070919,11
20070920,8
20070921,8
20070922,5
20070923,1
20070924,12
20070925,9
20070926,11
20070927,9
20070928,9
20070929,5
20070930,1
20071001,11
20071002,9
20071003,6
20071004,7
20071005,8
20071006,4
20071007,3
20071008,4
20071009,9
20071010,11
20071011,6
20071012,10
20071013,2
20071014,2
20071015,7
20071016,9
20071017,13
20071018,4
20071019,8
20071020,3
20071021,1
20071022,8
20071023,11
20071024,9
20071025,13
20071026,8
20071027,5
20071029,7
20071030,15
20071031,6
20071101,14
20071102,2
20071103,1
20071104,3
20071105,15
20071106,7
20071107,6
20071108,7
20071109,8
20071110,5
20071112,10
20071113,5
20071114,15
20071115,6
20071116,5
20071117,7
20071118,1
20071119,7
20071120,9
20071121,4
20071122,2
20071123,7
20071124,4
20071125,1
20071126,11
20071127,10
20071128,13
20071129,13
20071130,18
20071201,4
20071202,1
20071203,14
20071204,6
20071205,14
20071206,8
20071207,11
20071208,5
20071209,2
20071210,15
20071211,12
20071212,12
20071213,10
20071214,8
20071215,6
20071216,1
20071217,6
20071218,8
20071219,3
20071220,10
20071221,7
20071222,4
20071223,3
20071224,5
20071226,6
20071227,8
20071228,6
20071229,4
20071230,3
20071231,6
20080102,15
20080103,10
20080104,2
20080105,3
20080107,5
20080108,7
20080109,7
20080110,11
20080111,9
20080112,6
20080113,1
20080114,13
20080115,14
20080116,17
20080117,11
20080118,14
20080119,3
20080120,2
20080121,2
20080122,12
20080123,11
20080124,8
20080125,9
20080126,5
20080127,3
20080128,10
20080129,10
20080130,16
20080131,17
20080201,7
20080202,6
20080203,1
20080204,8
20080205,8
20080206,12
20080207,5
20080208,10
20080209,5
20080210,1
20080211,6
20080212,5
20080213,14
20080214,11
20080215,9
20080216,3
20080217,1
20080218,2
20080219,9
20080220,15
20080221,5
20080222,4
20080223,4
20080224,2
20080225,17
20080226,9
20080227,11
20080228,4
20080229,14
20080301,3
20080303,8
20080304,7
20080305,8
20080306,14
20080307,11
20080308,6
20080309,2
20080310,11
20080311,17
20080312,18
20080313,12
20080314,11
20080315,4
20080316,1
20080317,10
20080318,17
20080319,14
20080320,9
20080321,9
20080322,5
20080323,3
20080324,9
20080325,1
20080326,6
20080327,8
20080328,7
20080329,5
20080330,1
20080331,8
20080401,5
20080402,5
20080403,13
20080404,10
20080405,2
20080406,1
20080407,7
20080408,11
20080409,9
20080410,4
20080411,4
20080412,6
20080413,1
20080414,6
20080415,15
20080416,6
20080417,14
20080418,11
20080419,7
20080420,4
20080421,15
20080422,11
20080423,15
20080424,13
20080425,8
20080426,6
20080427,2
20080428,10
20080429,10
20080430,10
20080501,5
20080502,12
20080503,7
20080505,12
20080506,7
20080507,12
20080508,9
20080509,6
20080510,1
20080511,1
20080512,11
20080513,8
20080514,6
20080515,3
20080516,1
20080517,3
20080518,2
20080519,10
20080520,9
20080521,7
20080522,13
20080523,6
20080524,3
20080525,1
20080526,3
20080527,15
20080528,10
20080529,15
20080530,7
20080531,2
20080601,2
20080602,14
20080603,10
20080604,6
20080605,8
20080606,8
20080607,3
20080608,1
20080609,14
20080610,12
20080611,10
20080612,8
20080613,5
20080614,8
20080615,1
20080616,9
20080617,14
20080618,10
20080619,11
20080620,11
20080621,3
20080623,11
20080624,19
20080625,17
20080626,11
20080627,11
20080628,4
20080629,3
20080630,10
20080701,4
20080702,10
20080703,11
20080704,4
20080705,6
20080706,2
20080707,6
20080708,11
20080709,6
20080710,13
20080711,7
20080712,2
20080713,1
20080714,7
20080715,8
20080716,14
20080717,10
20080718,9
20080719,2
20080720,2
20080721,6
20080722,5
20080723,10
20080724,8
20080725,6
20080726,1
20080727,1
20080728,9
20080729,5
20080730,7
20080731,8
20080801,13
20080802,2
20080803,1
20080804,14
20080805,12
20080806,8
20080807,13
20080808,3
20080809,5
20080810,1
20080811,12
20080812,6
20080813,9
20080814,8
20080815,7
20080816,3
20080817,1
20080818,9
20080819,2
20080820,7
20080821,9
20080822,10
20080823,4
20080824,1
20080825,1
20080826,9
20080827,8
20080828,7
20080829,15
20080830,6
20080831,2
20080901,2
20080902,11
20080903,12
20080904,14
20080905,4
20080906,5
20080908,13
20080909,9
20080910,14
20080911,8
20080912,11
20080913,3
20080914,3
20080915,9
20080916,7
20080917,9
20080918,7
20080919,13
20080920,4
20080922,10
20080923,7
20080924,15
20080925,20
20080926,6
20080927,2
20080928,1
20080929,5
20080930,4
20081001,9
20081002,16
20081003,10
20081004,3
20081005,3
20081006,6
20081007,14
20081008,10
20081009,11
20081010,10
20081011,11
20081012,2
20081013,9
20081014,11
20081015,9
20081016,7
20081017,10
20081018,6
20081019,1
20081020,10
20081021,10
20081022,13
20081023,15
20081024,8
20081025,6
20081026,1
20081027,7
20081028,15
20081029,10
20081030,13
20081031,7
20081101,4
20081102,4
20081103,13
20081104,6
20081105,7
20081106,4
20081107,7
20081108,3
20081109,1
20081110,9
20081111,7
20081112,16
20081113,15
20081114,8
20081115,5
20081117,7
20081118,6
20081119,6
20081120,12
20081121,13
20081122,4
20081123,1
20081124,8
20081125,10
20081126,7
20081127,3
20081128,13
20081129,5
20081201,10
20081202,12
20081203,19
20081204,12
20081205,9
20081206,10
20081208,7
20081209,9
20081210,13
20081211,6
20081212,13
20081213,7
20081214,2
20081215,9
20081216,13
20081217,22
20081218,6
20081219,7
20081220,5
20081221,1
20081222,13
20081223,11
20081224,12
20081226,7
20081227,5
20081228,3
20081229,6
20081230,8
20081231,8
20090102,8
20090103,5
20090104,6
20090105,9
20090106,13
20090107,12
20090108,12
20090109,10
20090110,1
20090111,3
20090112,5
20090113,2
20090114,10
20090115,6
20090116,10
20090117,6
20090118,1
20090120,2
20090121,14
20090122,6
20090123,5
20090124,3
20090126,3
20090127,5
20090128,4
20090129,12
20090130,4
20090131,4
20090201,2
20090202,8
20090203,10
20090204,3
20090205,10
20090206,10
20090207,6
20090208,1
20090209,7
20090210,6
20090211,13
20090212,14
20090213,8
20090214,4
20090215,3
20090216,1
20090217,11
20090218,3
20090219,10
20090220,6
20090221,2
20090222,2
20090223,5
20090224,12
20090225,4
20090226,14
20090227,11
20090228,5
20090301,2
20090302,16
20090303,8
20090304,12
20090305,6
20090306,13
20090307,1
20090309,12
20090310,10
20090311,9
20090312,12
20090313,9
20090314,5
20090315,2
20090316,7
20090317,12
20090318,12
20090319,21
20090320,4
20090321,4
20090323,11
20090324,8
20090325,12
20090326,9
20090327,8
20090328,6
20090330,11
20090331,12
20090401,11
20090402,12
20090403,9
20090404,5
20090405,1
20090406,15
20090407,15
20090408,13
20090409,16
20090410,5
20090411,2
20090412,1
20090413,5
20090414,7
20090415,13
20090416,14
20090417,6
20090418,4
20090419,1
20090420,8
20090421,7
20090422,4
20090423,8
20090424,10
20090425,1
20090426,1
20090427,15
20090428,18
20090429,13
20090430,12
20090501,9
20090502,2
20090503,2
20090504,19
20090505,11
20090506,10
20090507,15
20090508,10
20090509,3
20090511,12
20090512,7
20090513,6
20090514,9
20090515,9
20090516,4
20090517,2
20090518,11
20090519,10
20090520,17
20090521,4
20090522,5
20090523,4
20090524,2
20090525,3
20090526,16
20090527,6
20090528,14
20090529,9
20090530,2
20090531,2
20090601,11
20090602,9
20090603,13
20090604,11
20090605,12
20090606,1
20090608,12
20090609,11
20090610,5
20090611,6
20090612,8
20090613,3
20090614,2
20090615,8
20090616,5
20090617,8
20090618,5
20090619,10
20090620,9
20090622,10
20090623,6
20090624,6
20090625,7
20090626,13
20090627,4
20090628,1
20090629,7
20090630,12
20090701,18
20090702,7
20090703,5
20090704,2
20090706,18
20090707,11
20090708,17
20090709,13
20090710,12
20090711,3
20090712,1
20090713,8
20090714,3
20090715,9
20090716,10
20090717,8
20090718,3
20090719,3
20090720,11
20090721,9
20090722,7
20090723,6
20090724,7
20090726,3
20090727,9
20090728,11
20090729,13
20090730,14
20090731,9
20090801,2
20090802,1
20090803,12
20090804,6
20090805,6
20090806,9
20090807,10
20090809,1
20090810,6
20090811,6
20090812,8
20090813,6
20090814,8
20090815,3
20090816,2
20090817,5
20090818,6
20090819,10
20090820,4
20090821,4
20090822,2
20090823,3
20090824,12
20090825,8
20090826,10
20090827,10
20090828,13
20090829,2
20090831,8
20090901,6
20090902,17
20090903,12
20090904,7
20090905,4
20090907,5
20090908,12
20090909,11
20090910,7
20090911,13
20090912,2
20090913,4
20090914,7
20090915,6
20090916,12
20090917,10
20090918,9
20090920,1
20090921,9
20090922,16
20090923,7
20090924,13
20090925,13
20090926,4
20090927,2
20090928,13
20090929,9
20090930,8
20091001,10
20091002,4
20091004,3
20091005,16
20091006,9
20091007,13
20091008,10
20091009,7
20091012,8
20091013,16
20091014,7
20091015,13
20091016,7
20091017,3
20091018,2
20091019,12
20091020,9
20091021,17
20091022,15
20091023,4
20091024,4
20091025,2
20091026,17
20091027,7
20091028,17
20091029,12
20091030,15
20091031,4
20091101,6
20091102,13
20091103,6
20091104,6
20091105,11
20091106,11
20091107,2
20091108,2
20091109,12
20091110,10
20091111,9
20091112,12
20091113,15
20091114,2
20091115,3
20091116,9
20091117,15
20091118,12
20091119,11
20091120,8
20091121,3
20091122,5
20091123,13
20091124,10
20091125,5
20091126,7
20091127,13
20091128,4
20091129,3
20091130,11
20091201,12
20091202,8
20091203,22
20091204,15
20091205,6
20091206,4
20091207,8
20091208,13
20091209,10
20091210,10
20091211,16
20091212,2
20091213,4
20091214,8
20091215,12
20091216,14
20091217,7
20091218,8
20091219,5
20091220,3
20091221,10
20091222,4
20091223,10
20091224,8
20091226,3
20091227,2
20091228,4
20091229,5
20091230,8
20091231,7
20100102,2
20100103,3
20100104,9
20100105,12
20100106,15
20100107,7
20100108,9
20100109,1
20100110,5
20100111,10
20100112,7
20100113,13
20100114,10
20100115,15
20100116,3
20100117,3
20100118,8
20100119,8
20100120,18
20100121,14
20100122,9
20100123,4
20100124,5
20100125,11
20100126,13
20100127,10
20100128,7
20100129,9
20100130,3
20100131,2
20100201,11
20100202,17
20100203,17
20100204,14
20100205,6
20100206,3
20100207,1
20100208,9
20100209,14
20100210,17
20100211,5
20100212,14
20100213,2
20100214,1
20100215,4
20100216,12
20100217,11
20100218,11
20100219,7
20100220,5
20100221,5
20100222,6
20100223,22
20100224,12
20100225,11
20100226,12
20100227,4
20100228,7
20100301,15
20100302,11
20100303,6
20100304,12
20100305,15
20100306,2
20100307,1
20100308,18
20100309,13
20100310,9
20100311,18
20100312,8
20100313,2
20100314,1
20100315,12
20100316,6
20100317,10
20100318,19
20100319,10
20100320,2
20100321,1
20100322,17
20100323,11
20100324,10
20100325,10
20100326,11
20100327,4
20100328,8
20100329,5
20100330,12
20100331,14
20100401,10
20100402,2
20100403,6
20100404,2
20100405,14
20100406,5
20100407,7
20100408,4
20100409,7
20100410,3
20100411,2
20100412,12
20100413,8
20100414,4
20100415,8
20100416,5
20100417,2
20100418,1
20100419,12
20100420,8
20100421,9
20100422,10
20100423,5
20100424,4
20100425,4
20100426,10
20100427,8
20100428,7
20100429,6
20100430,6
20100501,4
20100502,7
20100503,8
20100504,7
20100505,11
20100506,13
20100507,3
20100508,5
20100509,2
20100510,12
20100511,9
20100512,7
20100513,12
20100514,10
20100515,4
20100516,3
20100517,14
20100518,9
20100519,9
20100520,13
20100521,8
20100522,8
20100523,4
20100524,2
20100525,12
20100526,17
20100527,8
20100528,8
20100529,6
20100531,3
20100601,9
20100602,14
20100603,10
20100604,8
20100605,7
20100607,10
20100608,15
20100609,19
20100610,13
20100611,12
20100612,6
20100613,6
20100614,15
20100615,14
20100616,11
20100617,9
20100618,14
20100619,6
20100620,5
20100621,23
20100622,15
20100623,20
20100624,20
20100625,14
20100626,10
20100627,2
20100628,11
20100629,16
20100630,21
20100701,14
20100702,9
20100703,1
20100704,1
20100705,4
20100706,20
20100707,11
20100708,9
20100709,8
20100710,4
20100711,5
20100712,16
20100713,11
20100714,10
20100715,12
20100716,6
20100717,2
20100718,3
20100719,8
20100720,16
20100721,14
20100722,21
20100723,14
20100724,2
20100725,4
20100726,6
20100727,10
20100728,12
20100729,13
20100730,11
20100731,10
20100801,4
20100802,11
20100803,9
20100804,15
20100805,13
20100806,13
20100807,3
20100808,4
20100809,6
20100810,15
20100811,14
20100812,12
20100813,9
20100814,5
20100815,2
20100816,11
20100817,10
20100818,12
20100819,13
20100820,7
20100821,6
20100822,3
20100823,7
20100824,8
20100825,12
20100826,16
20100827,13
20100828,2
20100829,5
20100830,11
20100831,12
20100901,7
20100902,12
20100903,9
20100904,9
20100905,3
20100906,5
20100907,15
20100908,12
20100909,12
20100910,7
20100911,3
20100912,3
20100913,14
20100914,8
20100915,15
20100916,18
20100917,11
20100918,4
20100919,6
20100920,18
20100921,13
20100922,8
20100923,7
20100924,14
20100925,4
20100926,3
20100927,23
20100928,18
20100929,23
20100930,10
20101001,11
20101002,7
20101003,6
20101004,17
20101005,11
20101006,23
20101007,13
20101008,13
20101009,10
20101010,4
20101011,19
20101012,13
20101013,15
20101014,14
20101015,10
20101016,4
20101017,6
20101018,20
20101019,13
20101020,12
20101021,18
20101022,8
20101023,4
20101024,3
20101025,11
20101026,16
20101027,15
20101028,9
20101029,11
20101030,10
20101031,4
20101101,9
20101102,4
20101103,14
20101104,14
20101105,13
20101106,7
20101107,2
20101108,11
20101109,17
20101110,10
20101111,10
20101112,10
20101113,5
20101114,5
20101115,14
20101116,15
20101117,16
20101118,17
20101119,10
20101120,6
20101121,2
20101122,15
20101123,18
20101124,18
20101125,1
20101126,6
20101127,9
20101128,4
20101129,20
20101130,20
20101201,12
20101202,11
20101203,8
20101204,7
20101205,1
20101206,16
20101207,17
20101208,20
20101209,17
20101210,12
20101211,8
20101212,2
20101213,12
20101214,17
20101215,15
20101216,12
20101217,14
20101218,5
20101219,5
20101220,14
20101221,6
20101222,15
20101223,5
20101224,5
20101226,2
20101227,5
20101228,11
20101229,11
20101230,8
20101231,8
20110101,1
20110102,1
20110103,15
20110104,20
20110105,17
20110106,16
20110107,9
20110108,5
20110109,2
20110110,12
20110111,11
20110112,15
20110113,14
20110114,20
20110115,6
20110116,3
20110117,12
20110118,27
20110119,16
20110120,13
20110121,10
20110122,11
20110123,5
20110124,10
20110125,22
20110126,26
20110127,19
20110128,15
20110129,8
20110131,15
20110201,11
20110202,13
20110203,14
20110204,10
20110205,3
20110206,3
20110207,22
20110208,14
20110209,11
20110210,29
20110211,10
20110212,6
20110213,1
20110214,16
20110215,14
20110216,16
20110217,7
20110218,17
20110219,6
20110220,2
20110221,7
20110222,20
20110223,11
20110224,19
20110225,16
20110226,4
20110227,1
20110228,29
20110301,17
20110302,19
20110303,19
20110304,13
20110305,7
20110306,4
20110307,14
20110308,25
20110309,13
20110310,24
20110311,7
20110312,5
20110314,23
20110315,11
20110316,21
20110317,20
20110318,12
20110319,4
20110320,4
20110321,11
20110322,12
20110323,22
20110324,8
20110325,11
20110326,5
20110327,3
20110328,17
20110329,15
20110330,18
20110331,15
20110401,23
20110402,4
20110403,7
20110404,12
20110405,16
20110406,25
20110407,14
20110408,17
20110409,6
20110410,4
20110411,11
20110412,16
20110413,12
20110414,15
20110415,19
20110416,8
20110417,4
20110418,35
20110419,20
20110420,15
20110421,24
20110422,11
20110423,5
20110424,3
20110425,12
20110426,14
20110427,13
20110428,15
20110429,10
20110430,10
20110501,4
20110502,19
20110503,18
20110504,20
20110505,10
20110506,9
20110507,5
20110508,1
20110509,11
20110510,17
20110511,22
20110512,27
20110513,12
20110514,2
20110515,2
20110516,15
20110517,21
20110518,18
20110519,11
20110520,7
20110521,4
20110523,21
20110524,16
20110525,19
20110526,26
20110527,9
20110528,6
20110529,6
20110530,3
20110531,20
20110601,15
20110602,8
20110603,8
20110604,4
20110605,2
20110606,14
20110607,20
20110608,14
20110609,14
20110610,20
20110611,2
20110612,2
20110613,9
20110614,10
20110615,19
20110616,21
20110617,15
20110618,1
20110619,4
20110620,6
20110621,11
20110622,31
20110623,13
20110624,27
20110625,12
20110626,3
20110627,18
20110628,18
20110629,23
20110630,12
20110701,15
20110702,7
20110703,2
20110704,5
20110705,20
20110706,18
20110707,16
20110708,12
20110709,1
20110710,3
20110711,16
20110712,18
20110713,13
20110714,17
20110715,10
20110716,4
20110717,2
20110718,13
20110719,19
20110720,19
20110721,9
20110722,13
20110723,4
20110724,3
20110725,16
20110726,16
20110727,21
20110728,15
20110729,19
20110730,11
20110731,4
20110801,13
20110802,20
20110803,21
20110804,18
20110805,15
20110806,8
20110807,2
20110808,25
20110809,18
20110810,24
20110811,13
20110812,14
20110813,7
20110814,4
20110815,14
20110816,13
20110817,12
20110818,21
20110819,21
20110820,5
20110821,2
20110822,17
20110823,11
20110824,18
20110825,26
20110826,7
20110827,3
20110829,10
20110830,11
20110831,24
20110901,17
20110902,23
20110903,5
20110904,2
20110905,2
20110906,25
20110907,27
20110908,19
20110909,20
20110910,7
20110911,2
20110912,18
20110913,28
20110914,23
20110915,15
20110916,22
20110917,9
20110918,3
20110919,18
20110920,15
20110921,18
20110922,22
20110923,18
20110924,5
20110925,3
20110926,30
20110927,17
20110928,15
20110929,20
20110930,16
20111001,5
20111002,2
20111003,17
20111004,11
20111005,23
20111006,7
20111007,19
20111008,10
20111009,1
20111010,13
20111011,14
20111012,26
20111013,13
20111014,20
20111015,10
20111017,17
20111018,15
20111019,23
20111020,25
20111021,15
20111022,4
20111023,2
20111024,16
20111025,12
20111026,10
20111027,25
20111028,17
20111029,5
20111030,3
20111031,14
20111101,15
20111102,15
20111103,26
20111104,24
20111105,6
20111106,2
20111107,17
20111108,24
20111109,16
20111110,9
20111111,10
20111112,1
20111113,1
20111114,16
20111115,18
20111116,13
20111117,18
20111118,18
20111119,5
20111120,1
20111121,18
20111122,17
20111123,14
20111124,3
20111125,14
20111126,1
20111127,3
20111128,16
20111129,14
20111130,19
20111201,10
20111202,11
20111203,8
20111204,4
20111205,23
20111206,11
20111207,18
20111208,23
20111209,17
20111210,6
20111211,1
20111212,26
20111213,13
20111214,26
20111215,17
20111216,10
20111217,6
20111218,3
20111219,17
20111220,17
20111221,19
20111222,15
20111223,12
20111224,6
20111225,4
20111226,1
20111227,8
20111228,13
20111229,9
20111230,11
20111231,7
20120102,5
20120103,14
20120104,22
20120105,23
20120106,11
20120107,6
20120108,5
20120109,28
20120110,17
20120111,18
20120112,25
20120113,30
20120114,4
20120116,9
20120117,16
20120118,26
20120119,22
20120120,26
20120121,7
20120122,2
20120123,13
20120124,13
20120125,15
20120126,28
20120127,23
20120128,5
20120129,3
20120130,22
20120131,15
20120201,23
20120202,21
20120203,13
20120204,2
20120205,8
20120206,18
20120207,21
20120208,26
20120209,18
20120210,14
20120211,8
20120212,6
20120213,21
20120214,14
20120215,22
20120216,19
20120217,16
20120218,6
20120219,3
20120220,11
20120221,14
20120222,21
20120223,26
20120224,17
20120225,7
20120226,2
20120227,15
20120228,16
20120229,18
20120301,19
20120302,19
20120303,2
20120304,4
20120305,15
20120306,21
20120307,14
20120308,12
20120309,7
20120310,2
20120311,4
20120312,19
20120313,22
20120314,20
20120315,14
20120316,10
20120317,5
20120318,3
20120319,23
20120320,19
20120321,15
20120322,19
20120323,8
20120324,4
20120325,6
20120326,21
20120327,22
20120328,26
20120329,30
20120330,15
20120331,3
20120401,3
20120402,22
20120403,23
20120404,16
20120405,27
20120406,8
20120407,1
20120408,2
20120409,6
20120410,19
20120411,15
20120412,19
20120413,13
20120414,2
20120415,8
20120416,15
20120417,15
20120418,23
20120419,11
20120420,18
20120422,2
20120423,14
20120424,18
20120425,14
20120426,21
20120427,22
20120428,3
20120429,3
20120430,26
20120501,13
20120502,18
20120503,19
20120504,16
20120505,3
20120506,5
20120507,23
20120508,21
20120509,30
20120510,20
20120511,16
20120513,9
20120514,22
20120515,20
20120516,18
20120517,26
20120518,14
20120519,3
20120520,10
20120521,20
20120522,31
20120523,25
20120524,17
20120525,11
20120526,4
20120527,1
20120528,8
20120529,18
20120530,29
20120531,18
20120601,15
20120602,1
20120603,2
20120604,23
20120605,16
20120606,29
20120607,23
20120608,18
20120610,7
20120611,16
20120612,21
20120613,24
20120614,20
20120615,27
20120617,5
20120618,19
20120619,26
20120620,21
20120621,22
20120622,7
20120623,1
20120624,7
20120625,14
20120626,15
20120627,23
20120628,19
20120629,22
20120630,1
20120701,6
20120702,27
20120703,12
20120704,7
20120705,17
20120706,7
20120707,3
20120708,8
20120709,37
20120710,16
20120711,19
20120712,24
20120713,14
20120714,2
20120715,5
20120716,20
20120717,20
20120718,19
20120719,18
20120720,11
20120721,4
20120722,5
20120723,16
20120724,21
20120725,26
20120726,18
20120727,15
20120728,1
20120729,2
20120730,11
20120731,18
20120801,22
20120802,16
20120803,16
20120805,3
20120806,15
20120807,16
20120808,29
20120809,19
20120810,20
20120811,4
20120812,5
20120813,13
20120814,15
20120815,12
20120816,13
20120817,17
20120819,5
20120820,11
20120821,16
20120822,21
20120823,21
20120824,20
20120825,1
20120826,3
20120827,18
20120828,15
20120829,14
20120830,24
20120831,24
20120901,4
20120902,2
20120903,8
20120904,24
20120905,27
20120906,22
20120907,15
20120908,1
20120909,6
20120910,15
20120911,16
20120912,19
20120913,9
20120914,19
20120915,2
20120916,8
20120917,30
20120918,23
20120919,13
20120920,20
20120921,18
20120922,1
20120923,3
20120924,15
20120925,13
20120926,17
20120927,18
20120928,14
20120930,5
20121001,16
20121002,11
20121003,24
20121004,29
20121005,12
20121007,6
20121008,17
20121009,14
20121010,20
20121011,15
20121012,17
20121013,3
20121014,2
20121015,26
20121016,23
20121017,20
20121018,27
20121019,26
20121021,9
20121022,41
20121023,25
20121024,23
20121025,25
20121026,14
20121028,7
20121029,20
20121030,17
20121031,13
20121101,13
20121102,14
20121104,5
20121105,14
20121106,13
20121107,26
20121108,11
20121109,9
20121111,8
20121112,20
20121113,20
20121114,14
20121115,24
20121116,15
20121117,2
20121118,6
20121119,17
20121120,16
20121121,19
20121122,13
20121123,9
20121125,4
20121126,9
20121127,20
20121128,15
20121129,19
20121130,14
20121202,10
20121203,11
20121204,16
20121205,29
20121206,23
20121207,17
20121208,2
20121209,6
20121210,29
20121211,18
20121212,14
20121213,30
20121214,25
20121216,8
20121217,12
20121218,19
20121219,12
20121220,22
20121221,13
20121223,4
20121224,2
20121225,4
20121226,10
20121227,8
20121228,12
20121229,1
20121230,4
20121231,6
20130101,3
20130102,14
20130103,18
20130104,11
20130105,2
20130106,9
20130107,19
20130108,23
20130109,17
20130110,11
20130111,23
20130112,1
20130113,5
20130114,31
20130115,23
20130116,15
20130117,26
20130118,30
20130120,3
20130121,15
20130122,18
20130123,17
20130124,30
20130125,13
20130127,3
20130128,17
20130129,17
20130130,21
20130131,20
20130201,21
20130202,1
20130203,10
20130204,15
20130205,24
20130206,24
20130207,28
20130208,18
20130210,6
20130211,16
20130212,20
20130213,15
20130214,19
20130215,12
20130217,1
20130218,10
20130219,19
20130220,17
20130221,20
20130222,22
20130224,10
20130225,20
20130226,21
20130227,24
20130228,35
20130301,22
20130302,1
20130303,12
20130304,13
20130305,26
20130306,25
20130307,23
20130308,21
20130310,3
20130311,21
20130312,21
20130313,28
20130314,27
20130315,10
20130317,5
20130318,22
20130319,21
20130320,13
20130321,19
20130322,19
20130323,4
20130324,9
20130325,29
20130326,18
20130327,16
20130328,14
20130329,8
20130330,1
20130331,8
20130401,18
20130402,20
20130403,14
20130404,17
20130405,16
20130406,2
20130407,13
20130408,18
20130409,23
20130410,22
20130411,19
20130412,17
20130413,1
20130414,10
20130415,23
20130416,28
20130417,24
20130418,19
20130419,13
20130420,4
20130421,9
20130422,12
20130423,25
20130424,34
20130425,19
20130426,20
20130427,2
20130428,4
20130429,18
20130430,22
20130501,17
20130502,26
20130503,22
20130504,1
20130505,10
20130506,16
20130507,19
20130508,26
20130509,25
20130510,14
20130512,8
20130513,11
20130514,21
20130515,19
20130516,13
20130517,21
20130519,5
20130520,25
20130521,20
20130522,17
20130523,22
20130524,26
20130525,3
20130526,2
20130527,12
20130528,11
20130529,20
20130530,15
20130531,13
20130601,3
20130602,7
20130603,23
20130604,38
20130605,28
20130606,20
20130607,16
20130609,6
20130610,18
20130611,12
20130612,21
20130613,15
20130614,26
20130616,6
20130617,13
20130618,3
20130619,26
20130620,17
20130621,18
20130622,1
20130623,7
20130624,15
20130625,24
20130626,27
20130627,26
20130628,22
20130629,1
20130630,6
20130701,14
20130702,15
20130703,11
20130704,6
20130705,15
20130706,1
20130707,11
20130708,19
20130709,24
20130710,15
20130711,20
20130712,25
20130713,2
20130714,1
20130715,15
20130716,19
20130717,19
20130718,24
20130719,17
20130721,4
20130722,22
20130723,16
20130724,16
20130725,19
20130726,18
20130727,2
20130728,7
20130729,15
20130730,19
20130731,26
20130801,23
20130802,26
20130803,3
20130804,8
20130805,20
20130806,21
20130807,29
20130808,20
20130809,19
20130810,1
20130811,5
20130812,14
20130813,24
20130814,21
20130815,17
20130816,8
20130817,4
20130818,5
20130819,19
20130820,21
20130821,12
20130822,9
20130823,14
20130824,1
20130825,3
20130826,11
20130827,9
20130828,17
20130829,17
20130830,18
20130831,1
20130901,2
20130902,10
20130903,15
20130904,19
20130905,22
20130906,21
20130907,9
20130908,4
20130909,17
20130910,19
20130911,8
20130912,19
20130913,18
20130914,1
20130915,9
20130916,30
20130917,16
20130918,20
20130919,19
20130920,15
20130922,5
20130923,9
20130924,23
20130925,24
20130926,13
20130927,23
20130929,6
20130930,18
20131001,26
20131002,19
20131003,11
20131004,11
20131005,3
20131006,13
20131007,26
20131008,22
20131009,23
20131010,18
20131011,16
20131012,4
20131013,7
20131014,20
20131015,20
20131016,20
20131017,23
20131018,14
20131019,2
20131020,7
20131021,16
20131022,25
20131023,19
20131024,19
20131025,19
20131026,1
20131027,9
20131028,13
20131029,19
20131030,17
20131031,16
20131101,18
20131103,13
20131104,20
20131105,20
20131106,30
20131107,29
20131108,23
20131110,10
20131111,13
20131112,15
20131113,21
20131114,24
20131115,17
20131116,2
20131117,6
20131118,17
20131119,17
20131120,24
20131121,24
20131122,15
20131123,3
20131124,10
20131125,14
20131126,12
20131127,18
20131128,11
20131129,16
20131130,1
20131201,2
20131202,18
20131203,16
20131204,37
20131205,21
20131206,16
20131208,9
20131209,30
20131210,21
20131211,23
20131212,18
20131213,14
20131215,9
20131216,22
20131217,29
20131218,17
20131219,21
20131220,16
20131222,10
20131223,6
20131224,5
20131225,5
20131226,19
20131227,12
20131228,1
20131229,2
20131230,10
20131231,10
20140101,9
20140102,14
20140103,17
20140104,2
20140105,7
20140106,14
20140107,26
20140108,25
20140109,14
20140110,23
20140111,1
20140112,13
20140113,25
20140114,20
20140115,24
20140116,20
20140117,23
20140118,2
20140119,1
20140120,12
20140121,24
20140122,19
20140123,22
20140124,29
20140125,2
20140126,4
20140127,15
20140128,15
20140129,22
20140130,22
20140131,13
20140201,1
20140202,3
20140203,20
20140204,33
20140205,16
20140206,10
20140207,14
20140209,7
20140210,17
20140211,22
20140212,19
20140213,28
20140214,15
20140215,1
20140216,4
20140217,9
20140218,24
20140219,22
20140220,21
20140221,24
20140222,1
20140223,4
20140224,17
20140225,17
20140226,25
20140227,28
20140228,22
20140301,6
20140302,5
20140303,20
20140304,21
20140305,24
20140306,18
20140307,8
20140308,2
20140309,8
20140310,15
20140311,18
20140312,15
20140313,18
20140314,21
20140315,2
20140316,5
20140317,15
20140318,14
20140319,20
20140320,19
20140321,23
20140322,3
20140323,4
20140324,15
20140325,29
20140326,29
20140327,21
20140328,22
20140329,1
20140330,7
20140331,14
20140401,28
20140402,28
20140403,16
20140404,25
20140405,2
20140406,9
20140407,12
20140408,22
20140409,23
20140410,15
20140411,15
20140412,1
20140413,8
20140414,16
20140415,17
20140416,15
20140417,18
20140418,13
20140420,4
20140421,12
20140422,18
20140423,18
20140424,20
20140425,18
20140427,8
20140428,17
20140429,18
20140430,20
20140501,13
20140502,21
20140503,3
20140504,13
20140505,21
20140506,21
20140507,23
20140508,20
20140509,23
20140511,4
20140512,21
20140513,17
20140514,28
20140515,19
20140516,15
20140517,1
20140518,9
20140519,15
20140520,26
20140521,21
20140522,19
20140523,26
20140524,1
20140525,2
20140526,7
20140527,14
20140528,25
20140529,14
20140530,12
20140531,1
20140601,3
20140602,19
20140603,23
20140604,26
20140605,18
20140606,24
20140608,5
20140609,20
20140610,17
20140611,23
20140612,25
20140613,12
20140614,4
20140615,11
20140616,21
20140617,18
20140618,18
20140619,15
20140620,13
20140621,1
20140622,4
20140623,16
20140624,16
20140625,24
20140626,20
20140627,14
20140629,4
20140630,12
20140701,17
20140702,14
20140703,20
20140704,8
20140706,2
20140707,22
20140708,19
20140709,15
20140710,15
20140711,18
20140713,3
20140714,17
20140715,21
20140716,18
20140717,17
20140718,18
20140720,5
20140721,15
20140722,17
20140723,22
20140724,13
20140725,13
20140727,9
20140728,25
20140729,12
20140730,19
20140731,20
20140801,12
20140802,1
20140803,9
20140804,24
20140805,25
20140806,14
20140807,21
20140808,18
20140809,2
20140810,6
20140811,15
20140812,20
20140813,50
20140814,16
20140815,10
20140816,2
20140817,6
20140818,11
20140819,12
20140820,20
20140821,18
20140822,12
20140823,3
20140824,8
20140825,19
20140826,25
20140827,27
20140828,29
20140829,16
20140830,2
20140831,1
20140901,9
20140902,15
20140903,24
20140904,26
20140905,18
20140906,1
20140907,11
20140908,17
20140909,14
20140910,10
20140911,15
20140912,17
20140913,2
20140914,7
20140915,20
20140916,26
20140917,22
20140918,23
20140919,17
20140920,2
20140921,9
20140922,15
20140923,14
20140924,20
20140925,13
20140926,17
20140927,2
20140928,5
20140929,22
20140930,25
20141001,16
20141002,18
20141003,17
20141004,2
20141005,5
20141006,26
20141007,27
20141008,15
20141009,11
20141010,15
20141012,5
20141013,14
20141014,19
20141015,25
20141016,22
20141017,14
20141019,8
20141020,12
20141021,15
20141022,18
20141023,15
20141024,14
20141025,4
20141026,7
20141027,14
20141028,23
20141029,21
20141030,21
20141031,20
20141102,8
20141103,18
20141104,30
20141105,25
20141106,21
20141107,20
20141108,4
20141109,10
20141110,21
20141111,17
20141112,21
20141113,29
20141114,22
20141115,1
20141116,10
20141117,26
20141118,22
20141119,33
20141120,28
20141121,20
20141122,1
20141123,6
20141124,13
20141125,19
20141126,14
20141127,8
20141128,15
20141130,5
20141201,14
20141202,27
20141203,17
20141204,22
20141205,15
20141207,12
20141208,13
20141209,16
20141210,8
20141211,18
20141212,14
20141214,6
20141215,11
20141216,18
20141217,21
20141218,14
20141219,10
20141220,2
20141221,8
20141222,10
20141223,13
20141224,9
20141226,9
20141227,1
20141228,5
20141229,9
20141230,13
20141231,10
20150101,9
20150102,16
20150103,1
20150104,6
20150105,19
20150106,18
20150107,13
20150108,22
20150109,10
20150110,1
20150111,7
20150112,12
20150113,11
20150114,16
20150115,21
20150116,15
20150118,4
20150119,11
20150120,25
20150121,24
20150122,25
20150123,14
20150124,2
20150125,9
20150126,16
20150127,14
20150128,13
20150129,21
20150130,30
20150131,2
20150201,13
20150202,21
20150203,12
20150204,15
20150205,13
20150206,9
20150207,3
20150208,11
20150209,15
20150210,20
20150211,22
20150212,19
20150213,12
20150214,2
20150216,6
20150217,7
20150218,13
20150219,22
20150220,14
20150221,1
20150222,11
20150223,14
20150224,17
20150225,23
20150226,17
20150227,23
20150228,4
20150301,10
20150302,14
20150303,20
20150304,20
20150305,25
20150306,16
20150308,11
20150309,17
20150310,12
20150311,13
20150312,14
20150313,14
20150314,1
20150315,5
20150316,13
20150317,13
20150318,13
20150319,15
20150320,20
20150322,5
20150323,14
20150324,16
20150325,12
20150326,17
20150327,9
20150328,2
20150329,4
20150330,21
20150331,27
20150401,16
20150402,12
20150403,12
20150405,2
20150406,18
20150407,23
20150408,15
20150409,12
20150410,20
20150412,12
20150413,19
20150414,15
20150415,18
20150416,21
20150417,15
20150419,10
20150420,14
20150421,14
20150422,14
20150423,23
20150424,20
20150425,2
20150426,5
20150427,17
20150428,19
20150429,15
20150430,19
