20050104,1
20050105,2
20050106,1
20050107,1
20050110,1
20050111,3
20050112,2
20050118,2
20050119,2
20050120,2
20050121,1
20050124,1
20050125,1
20050126,2
20050127,2
20050128,3
20050131,4
20050201,2
20050202,2
20050203,1
20050207,1
20050208,2
20050211,1
20050213,1
20050214,1
20050215,4
20050216,2
20050218,2
20050222,6
20050223,2
20050228,2
20050301,2
20050302,1
20050303,3
20050306,1
20050307,1
20050308,1
20050309,1
20050310,3
20050311,1
20050312,1
20050314,1
20050316,3
20050318,1
20050320,1
20050321,3
20050322,2
20050323,2
20050325,2
20050329,4
20050401,1
20050406,2
20050407,3
20050408,2
20050411,5
20050412,4
20050413,7
20050414,2
20050415,1
20050419,3
20050420,5
20050421,3
20050422,1
20050425,2
20050426,1
20050427,4
20050428,1
20050502,1
20050503,2
20050504,1
20050506,1
20050510,2
20050511,1
20050512,1
20050513,2
20050516,2
20050517,2
20050518,1
20050519,2
20050520,1
20050524,1
20050525,2
20050526,3
20050527,1
20050531,3
20050602,2
20050603,2
20050606,1
20050607,2
20050608,2
20050610,5
20050614,3
20050615,1
20050616,1
20050617,1
20050621,3
20050622,4
20050623,1
20050624,3
20050627,3
20050628,2
20050630,2
20050701,1
20050703,1
20050705,5
20050708,3
20050712,1
20050713,4
20050714,2
20050715,4
20050717,1
20050718,1
20050719,4
20050720,3
20050721,1
20050722,2
20050725,2
20050726,1
20050727,1
20050801,2
20050802,1
20050803,3
20050804,1
20050805,1
20050809,2
20050811,1
20050812,2
20050815,1
20050817,2
20050822,1
20050823,3
20050824,2
20050825,3
20050826,1
20050828,1
20050830,2
20050831,1
20050901,1
20050902,1
20050906,2
20050907,2
20050908,3
20050909,1
20050912,1
20050913,1
20050915,2
20050916,1
20050917,1
20050919,1
20050920,6
20050921,2
20050922,1
20050923,1
20050924,1
20050926,2
20050928,2
20050929,1
20050930,2
20051003,3
20051004,5
20051005,1
20051006,1
20051007,1
20051008,1
20051011,3
20051012,1
20051013,4
20051018,1
20051019,4
20051020,1
20051021,2
20051024,4
20051025,3
20051026,3
20051028,1
20051031,4
20051101,3
20051102,1
20051103,1
20051105,1
20051107,1
20051108,3
20051109,6
20051111,1
20051115,2
20051116,6
20051117,1
20051121,2
20051122,2
20051123,1
20051129,3
20051130,3
20051201,2
20051202,1
20051203,1
20051205,2
20051206,3
20051207,1
20051208,4
20051209,1
20051210,1
20051211,1
20051212,3
20051213,3
20051214,2
20051215,2
20051217,1
20051219,2
20051220,3
20051221,2
20051222,1
20051223,2
20051224,1
20051227,4
20051228,1
20060103,1
20060104,1
20060105,1
20060106,1
20060107,1
20060109,2
20060110,1
20060111,4
20060112,1
20060114,1
20060116,1
20060117,3
20060118,2
20060120,2
20060123,4
20060124,3
20060125,4
20060126,3
20060127,1
20060130,3
20060201,1
20060207,2
20060208,1
20060210,2
20060211,1
20060214,4
20060216,2
20060217,2
20060218,1
20060220,1
20060221,2
20060222,3
20060223,2
20060224,1
20060227,2
20060228,2
20060301,2
20060302,1
20060303,1
20060306,2
20060307,1
20060308,1
20060311,1
20060313,1
20060314,1
20060315,2
20060317,1
20060320,2
20060321,3
20060322,2
20060323,4
20060324,3
20060327,2
20060401,1
20060402,1
20060403,6
20060404,4
20060406,1
20060407,2
20060410,2
20060411,3
20060412,1
20060414,3
20060415,3
20060417,2
20060418,1
20060419,3
20060420,1
20060421,1
20060422,2
20060424,2
20060425,4
20060426,3
20060427,1
20060502,4
20060503,4
20060504,3
20060505,3
20060508,2
20060509,1
20060510,1
20060512,1
20060516,1
20060517,4
20060519,2
20060522,4
20060523,3
20060524,1
20060526,1
20060530,2
20060531,1
20060601,1
20060602,1
20060605,1
20060606,1
20060607,3
20060608,2
20060609,1
20060612,1
20060613,4
20060614,2
20060615,3
20060616,1
20060620,3
20060621,1
20060622,2
20060626,1
20060627,3
20060628,3
20060629,2
20060630,2
20060703,3
20060704,1
20060705,3
20060706,1
20060707,2
20060710,1
20060711,3
20060712,1
20060713,1
20060714,4
20060717,2
20060719,1
20060720,1
20060721,1
20060722,2
20060726,2
20060727,1
20060731,5
20060801,2
20060802,1
20060804,2
20060805,2
20060807,1
20060808,2
20060811,3
20060814,2
20060815,2
20060817,3
20060818,1
20060819,1
20060823,3
20060824,2
20060828,1
20060829,1
20060830,1
20060831,1
20060902,1
20060905,1
20060906,3
20060907,1
20060911,1
20060912,5
20060913,2
20060915,2
20060916,1
20060918,6
20060920,3
20060921,3
20060923,1
20060925,1
20060926,1
20060927,1
20060928,3
20060929,2
20061002,3
20061003,1
20061004,1
20061005,2
20061006,1
20061009,5
20061010,2
20061011,1
20061013,2
20061016,2
20061017,1
20061020,2
20061023,1
20061026,3
20061027,1
20061030,3
20061031,3
20061102,3
20061103,3
20061107,3
20061108,1
20061109,1
20061110,1
20061114,2
20061116,3
20061117,2
20061120,3
20061121,5
20061122,2
20061125,2
20061127,2
20061129,2
20061130,1
20061204,2
20061205,4
20061206,2
20061207,1
20061208,1
20061209,1
20061211,1
20061212,1
20061214,2
20061215,2
20061218,1
20061219,2
20061222,3
20061226,2
20061228,1
20061229,3
20070101,1
20070102,1
20070103,2
20070105,1
20070107,1
20070108,1
20070109,3
20070110,2
20070112,1
20070113,2
20070116,2
20070117,1
20070118,2
20070119,4
20070122,1
20070123,5
20070124,3
20070126,1
20070127,2
20070129,1
20070130,2
20070131,3
20070201,1
20070202,2
20070203,1
20070205,1
20070207,2
20070208,1
20070210,1
20070212,1
20070213,2
20070214,2
20070216,1
20070217,1
20070221,1
20070222,2
20070223,2
20070226,4
20070227,2
20070228,2
20070301,1
20070303,1
20070306,4
20070307,2
20070308,2
20070309,2
20070310,2
20070312,1
20070313,3
20070314,1
20070316,2
20070319,2
20070320,2
20070321,1
20070322,3
20070323,1
20070324,1
20070326,3
20070327,1
20070328,2
20070330,2
20070331,2
20070403,2
20070404,1
20070406,2
20070407,1
20070409,5
20070410,1
20070411,2
20070412,4
20070413,2
20070414,1
20070417,3
20070418,3
20070419,1
20070420,4
20070424,2
20070425,2
20070426,1
20070427,1
20070428,1
20070430,2
20070501,3
20070502,2
20070503,3
20070507,1
20070508,1
20070509,2
20070510,3
20070511,3
20070512,1
20070514,1
20070515,2
20070516,4
20070517,2
20070518,1
20070519,2
20070521,4
20070522,1
20070523,2
20070525,3
20070529,1
20070531,2
20070601,2
20070604,1
20070605,2
20070606,1
20070608,2
20070609,3
20070611,1
20070612,1
20070613,1
20070614,1
20070616,1
20070618,1
20070619,2
20070620,2
20070621,2
20070622,2
20070623,1
20070625,2
20070626,2
20070627,2
20070630,1
20070702,1
20070703,1
20070705,2
20070707,2
20070709,2
20070710,2
20070711,4
20070712,2
20070713,1
20070714,1
20070715,1
20070717,2
20070718,3
20070719,1
20070720,3
20070725,1
20070726,2
20070727,2
20070728,1
20070730,1
20070731,7
20070801,1
20070804,1
20070807,2
20070808,5
20070810,1
20070811,1
20070813,1
20070814,7
20070815,2
20070817,1
20070820,2
20070822,1
20070824,2
20070827,2
20070829,1
20070830,4
20070831,1
20070901,2
20070904,1
20070906,2
20070908,1
20070910,1
20070911,3
20070912,4
20070913,2
20070915,1
20070919,1
20070921,2
20070922,1
20070925,2
20070926,1
20070927,2
20070928,4
20071001,3
20071003,2
20071004,1
20071005,1
20071006,2
20071009,2
20071010,2
20071011,3
20071012,1
20071014,1
20071015,3
20071017,1
20071018,2
20071019,2
20071020,4
20071023,1
20071024,3
20071025,5
20071026,2
20071030,2
20071101,1
20071105,1
20071106,1
20071107,2
20071109,4
20071110,1
20071112,1
20071113,1
20071114,2
20071115,1
20071116,1
20071119,3
20071120,2
20071126,3
20071127,2
20071128,1
20071130,2
20071201,1
20071205,3
20071206,3
20071207,1
20071210,3
20071211,2
20071213,1
20071214,1
20071219,1
20071220,1
20071222,2
20071225,1
20071226,2
20080102,3
20080103,2
20080104,1
20080108,2
20080111,3
20080113,1
20080114,1
20080115,1
20080117,2
20080118,4
20080119,1
20080122,13
20080123,3
20080124,5
20080125,3
20080128,1
20080129,2
20080130,3
20080131,2
20080201,5
20080202,1
20080204,1
20080206,3
20080207,2
20080209,1
20080212,2
20080213,1
20080214,2
20080215,1
20080216,3
20080219,1
20080220,3
20080221,1
20080223,1
20080225,2
20080226,3
20080227,4
20080228,2
20080229,1
20080301,1
20080303,1
20080304,1
20080306,2
20080308,2
20080310,1
20080311,1
20080312,4
20080313,2
20080314,2
20080315,2
20080317,1
20080318,3
20080319,4
20080321,1
20080322,1
20080324,1
20080325,2
20080326,2
20080327,1
20080329,1
20080331,2
20080401,3
20080402,3
20080404,1
20080407,1
20080408,3
20080409,1
20080410,1
20080411,3
20080412,1
20080414,1
20080415,3
20080416,5
20080417,4
20080418,14
20080419,2
20080421,2
20080422,2
20080423,1
20080424,3
20080425,1
20080429,1
20080430,1
20080503,3
20080504,1
20080505,1
20080506,1
20080507,1
20080508,2
20080509,2
20080512,1
20080514,1
20080515,1
20080517,1
20080519,7
20080520,4
20080522,1
20080523,4
20080524,1
20080528,2
20080529,4
20080530,3
20080531,1
20080602,1
20080603,2
20080604,1
20080605,4
20080606,3
20080607,1
20080610,1
20080611,3
20080612,5
20080613,3
20080614,1
20080616,4
20080617,2
20080618,2
20080619,3
20080620,2
20080621,1
20080623,2
20080624,2
20080625,2
20080626,1
20080627,1
20080628,2
20080630,1
20080702,4
20080703,1
20080704,1
20080707,3
20080708,1
20080709,1
20080710,4
20080711,4
20080712,1
20080713,1
20080714,2
20080715,3
20080716,4
20080717,1
20080718,1
20080721,1
20080722,2
20080723,2
20080724,1
20080725,3
20080729,2
20080730,2
20080731,2
20080802,2
20080804,2
20080805,1
20080806,1
20080807,1
20080808,2
20080809,1
20080811,1
20080812,3
20080813,2
20080814,2
20080815,1
20080819,2
20080821,2
20080822,1
20080823,1
20080825,1
20080826,2
20080827,1
20080829,2
20080830,1
20080902,2
20080903,1
20080904,2
20080905,1
20080906,2
20080908,3
20080910,1
20080912,2
20080915,5
20080916,1
20080917,3
20080918,1
20080919,4
20080920,1
20080922,3
20080923,2
20080924,1
20080925,4
20080927,2
20080929,3
20080930,2
20081001,2
20081002,2
20081003,3
20081006,4
20081007,1
20081009,2
20081011,1
20081013,3
20081014,4
20081015,5
20081016,4
20081017,2
20081018,2
20081020,1
20081021,5
20081022,4
20081023,3
20081024,1
20081027,2
20081028,4
20081030,2
20081031,4
20081103,3
20081104,2
20081105,3
20081106,6
20081110,3
20081112,2
20081113,2
20081114,1
20081115,1
20081117,1
20081119,1
20081120,1
20081121,2
20081124,2
20081125,2
20081126,3
20081128,1
20081129,1
20081202,3
20081203,1
20081204,1
20081205,4
20081209,4
20081210,1
20081211,1
20081212,3
20081216,1
20081217,7
20081218,4
20081219,1
20081223,2
20081224,1
20081227,1
20081230,3
20081231,1
20090103,1
20090104,1
20090105,2
20090106,1
20090107,2
20090109,3
20090110,2
20090111,1
20090112,1
20090113,2
20090114,4
20090115,3
20090120,4
20090121,4
20090122,3
20090123,1
20090124,2
20090126,5
20090127,5
20090128,4
20090129,2
20090130,2
20090131,1
20090202,3
20090203,2
20090204,1
20090205,3
20090206,1
20090209,3
20090210,2
20090211,4
20090212,5
20090213,2
20090217,3
20090218,3
20090219,2
20090223,4
20090224,3
20090225,1
20090226,3
20090227,4
20090302,2
20090303,2
20090304,2
20090306,1
20090309,2
20090310,3
20090311,3
20090312,1
20090313,2
20090314,1
20090317,1
20090319,2
20090320,3
20090323,1
20090324,1
20090328,1
20090330,1
20090331,3
20090401,2
20090402,3
20090403,7
20090404,2
20090407,3
20090408,7
20090410,2
20090411,1
20090413,1
20090415,6
20090416,3
20090417,1
20090418,1
20090420,2
20090421,2
20090422,2
20090423,4
20090424,3
20090427,2
20090428,2
20090430,2
20090501,2
20090504,2
20090505,1
20090507,3
20090508,1
20090511,1
20090514,4
20090516,1
20090518,1
20090519,1
20090520,1
20090521,4
20090522,2
20090526,6
20090527,1
20090528,5
20090529,1
20090530,1
20090601,2
20090603,2
20090605,2
20090608,1
20090609,2
20090610,4
20090611,4
20090612,2
20090613,1
20090616,4
20090618,1
20090619,2
20090622,3
20090625,2
20090627,1
20090629,2
20090701,1
20090702,1
20090703,3
20090707,1
20090709,4
20090713,3
20090714,1
20090715,4
20090716,4
20090717,1
20090718,1
20090720,2
20090721,3
20090722,5
20090723,1
20090724,2
20090727,2
20090728,1
20090730,3
20090731,2
20090801,3
20090804,1
20090805,3
20090806,2
20090807,2
20090810,1
20090811,2
20090813,1
20090814,1
20090817,2
20090819,1
20090820,1
20090821,2
20090824,1
20090827,1
20090829,2
20090831,2
20090901,1
20090902,4
20090904,3
20090908,1
20090909,1
20090910,2
20090914,2
20090915,1
20090916,2
20090918,2
20090919,1
20090921,2
20090922,4
20090923,4
20090924,2
20090925,1
20090928,3
20090929,2
20090930,3
20091001,2
20091005,2
20091006,1
20091007,1
20091008,3
20091009,1
20091012,2
20091013,2
20091014,4
20091015,3
20091017,1
20091019,1
20091020,2
20091021,3
20091022,5
20091026,2
20091028,3
20091102,3
20091103,1
20091104,3
20091105,2
20091106,1
20091107,1
20091109,2
20091110,2
20091113,1
20091114,3
20091116,1
20091117,1
20091118,2
20091119,3
20091120,1
20091123,2
20091124,1
20091125,1
20091129,1
20091130,1
20091201,1
20091202,4
20091203,2
20091204,1
20091208,3
20091209,1
20091210,1
20091212,2
20091214,2
20091216,3
20091217,2
20091218,4
20091219,1
20091220,1
20091221,4
20091223,2
20091224,1
20091226,1
20091228,2
20091231,2
20100105,1
20100106,2
20100107,1
20100108,1
20100109,1
20100112,1
20100113,3
20100114,2
20100115,2
20100116,2
20100118,1
20100119,1
20100120,3
20100121,2
20100122,2
20100123,1
20100125,1
20100127,1
20100128,4
20100129,2
20100130,1
20100202,5
20100203,1
20100204,2
20100205,1
20100206,1
20100207,1
20100208,1
20100209,1
20100210,2
20100212,1
20100214,1
20100216,2
20100217,1
20100218,2
20100219,1
20100220,1
20100222,1
20100223,1
20100224,1
20100225,2
20100226,2
20100227,2
20100301,3
20100302,1
20100303,1
20100304,1
20100305,3
20100308,1
20100310,3
20100311,1
20100312,1
20100314,1
20100315,2
20100316,3
20100317,1
20100318,2
20100319,4
20100320,2
20100321,1
20100322,1
20100323,1
20100326,2
20100328,1
20100330,1
20100331,1
20100401,2
20100402,3
20100405,3
20100407,1
20100408,1
20100409,1
20100410,1
20100412,1
20100415,2
20100416,1
20100417,1
20100418,1
20100419,3
20100420,1
20100421,3
20100422,1
20100423,4
20100424,4
20100426,2
20100427,1
20100428,2
20100429,6
20100430,1
20100503,2
20100505,4
20100507,1
20100508,1
20100509,1
20100510,2
20100511,1
20100512,3
20100513,2
20100515,1
20100517,2
20100518,5
20100519,3
20100520,1
20100521,3
20100522,2
20100524,1
20100525,1
20100526,2
20100528,1
20100601,1
20100603,1
20100604,1
20100608,3
20100609,1
20100610,4
20100611,4
20100612,1
20100615,1
20100617,3
20100618,3
20100621,1
20100622,4
20100623,2
20100624,1
20100625,2
20100629,5
20100701,5
20100702,1
20100703,2
20100706,1
20100709,1
20100712,1
20100713,1
20100714,2
20100715,1
20100716,2
20100720,1
20100721,3
20100722,4
20100723,3
20100726,1
20100727,3
20100728,4
20100729,3
20100730,1
20100802,2
20100803,2
20100804,3
20100805,1
20100808,3
20100809,2
20100810,2
20100811,3
20100812,1
20100813,2
20100814,2
20100815,1
20100816,2
20100817,3
20100818,1
20100819,1
20100820,1
20100822,1
20100823,1
20100824,2
20100825,6
20100826,1
20100827,2
20100828,1
20100830,2
20100831,2
20100901,7
20100902,2
20100904,1
20100907,3
20100908,2
20100909,1
20100910,1
20100913,1
20100914,1
20100915,1
20100917,2
20100918,1
20100920,3
20100921,4
20100922,2
20100923,1
20100924,4
20100925,1
20100926,1
20100927,2
20100928,1
20100929,3
20100930,1
20101001,4
20101002,2
20101003,1
20101004,4
20101005,1
20101006,1
20101007,1
20101008,2
20101009,1
20101010,1
20101011,1
20101012,3
20101013,2
20101014,1
20101015,3
20101016,1
20101017,2
20101018,3
20101019,5
20101020,4
20101021,1
20101022,1
20101025,1
20101026,5
20101028,5
20101029,4
20101101,1
20101102,3
20101103,1
20101104,4
20101105,2
20101108,1
20101109,1
20101111,1
20101112,2
20101115,2
20101116,7
20101117,1
20101118,4
20101119,1
20101122,4
20101124,1
20101126,2
20101127,2
20101129,1
20101130,1
20101201,2
20101202,1
20101203,1
20101207,2
20101208,1
20101209,2
20101210,1
20101211,1
20101212,1
20101213,2
20101214,2
20101215,3
20101217,2
20101218,2
20101220,5
20101222,1
20101223,1
20101226,1
20101228,1
20101229,2
20101231,1
20110101,1
20110103,3
20110104,2
20110105,1
20110106,3
20110107,2
20110109,2
20110110,3
20110111,1
20110112,2
20110113,2
20110114,1
20110115,3
20110118,3
20110120,3
20110121,2
20110124,1
20110125,4
20110126,1
20110127,6
20110131,1
20110201,4
20110202,2
20110203,2
20110204,1
20110207,1
20110208,3
20110209,2
20110210,1
20110211,1
20110212,1
20110214,2
20110215,2
20110216,1
20110218,1
20110223,1
20110224,2
20110226,1
20110228,2
20110302,1
20110303,2
20110304,1
20110305,1
20110307,3
20110308,1
20110309,1
20110311,2
20110314,2
20110315,1
20110316,3
20110317,3
20110318,4
20110321,3
20110322,1
20110325,2
20110326,2
20110328,1
20110330,1
20110331,1
20110401,1
20110404,1
20110405,2
20110406,2
20110408,1
20110409,1
20110410,1
20110411,1
20110412,1
20110413,2
20110414,3
20110415,3
20110416,1
20110418,7
20110419,4
20110420,2
20110423,1
20110425,4
20110426,3
20110427,2
20110428,3
20110429,2
20110430,1
20110502,3
20110503,5
20110504,1
20110506,2
20110509,4
20110510,7
20110511,3
20110512,3
20110513,1
20110514,2
20110516,3
20110517,2
20110518,3
20110519,3
20110520,1
20110521,1
20110523,1
20110524,2
20110525,2
20110527,2
20110531,1
20110601,5
20110602,2
20110604,1
20110606,2
20110607,3
20110609,1
20110610,2
20110613,1
20110614,2
20110615,8
20110616,2
20110618,1
20110620,2
20110621,2
20110622,2
20110623,2
20110625,1
20110627,2
20110628,3
20110629,2
20110630,2
20110701,4
20110702,1
20110704,1
20110705,1
20110706,3
20110707,1
20110708,4
20110711,2
20110712,1
20110713,2
20110716,1
20110718,3
20110719,6
20110720,8
20110721,2
20110722,1
20110725,3
20110726,1
20110727,3
20110728,4
20110729,2
20110731,1
20110801,2
20110802,2
20110803,2
20110804,3
20110805,3
20110806,1
20110808,2
20110809,2
20110810,2
20110811,3
20110812,1
20110813,2
20110816,1
20110818,1
20110820,2
20110823,3
20110825,2
20110826,3
20110827,1
20110829,1
20110830,2
20110831,3
20110902,1
20110903,1
20110906,1
20110907,1
20110908,5
20110909,1
20110910,1
20110913,2
20110914,6
20110917,1
20110919,1
20110920,1
20110922,4
20110923,4
20110925,1
20110926,1
20110927,1
20110928,1
20110930,4
20111003,1
20111004,2
20111005,1
20111006,2
20111007,2
20111008,2
20111010,4
20111012,3
20111013,3
20111014,1
20111015,2
20111016,1
20111017,3
20111018,3
20111019,3
20111020,5
20111021,2
20111022,1
20111024,1
20111025,3
20111026,5
20111027,3
20111029,1
20111031,1
20111101,2
20111103,3
20111104,2
20111105,1
20111107,1
20111108,2
20111109,3
20111110,1
20111111,1
20111114,3
20111115,1
20111116,2
20111117,2
20111119,1
20111121,4
20111122,3
20111123,2
20111125,1
20111128,2
20111129,1
20111130,5
20111201,2
20111205,3
20111206,1
20111207,2
20111208,3
20111209,2
20111212,1
20111213,1
20111214,2
20111215,5
20111219,1
20111220,1
20111221,3
20111222,1
20111223,2
20111224,2
20111226,1
20111228,2
20111229,4
20111230,1
20120103,4
20120104,1
20120105,2
20120106,4
20120107,1
20120109,1
20120110,4
20120117,4
20120118,2
20120119,2
20120120,4
20120121,1
20120124,3
20120125,4
20120126,4
20120127,2
20120130,2
20120131,5
20120201,6
20120202,5
20120203,1
20120206,1
20120207,1
20120208,3
20120209,2
20120210,1
20120211,1
20120212,1
20120213,1
20120214,2
20120215,1
20120216,1
20120217,2
20120218,1
20120221,1
20120222,5
20120223,3
20120224,4
20120225,1
20120227,2
20120228,4
20120229,2
20120301,3
20120305,2
20120306,1
20120307,5
20120308,4
20120309,2
20120312,4
20120313,1
20120314,2
20120315,3
20120316,2
20120319,2
20120321,3
20120323,1
20120326,2
20120327,2
20120328,2
20120329,2
20120330,2
20120331,1
20120402,1
20120403,3
20120404,3
20120405,1
20120406,1
20120408,1
20120409,3
20120410,2
20120411,4
20120412,2
20120413,3
20120416,3
20120417,7
20120418,1
20120420,2
20120422,1
20120423,3
20120424,4
20120425,4
20120426,5
20120427,4
20120430,4
20120501,4
20120502,3
20120503,2
20120504,2
20120507,2
20120508,1
20120509,1
20120510,4
20120511,1
20120513,3
20120514,3
20120515,5
20120516,4
20120517,3
20120518,6
20120521,5
20120523,1
20120524,2
20120528,1
20120529,1
20120530,1
20120531,3
20120602,1
20120604,2
20120605,3
20120606,2
20120607,5
20120608,2
20120611,4
20120612,2
20120613,2
20120614,1
20120615,3
20120618,2
20120619,2
20120620,2
20120621,1
20120625,1
20120626,1
20120627,2
20120628,1
20120701,1
20120702,1
20120703,1
20120705,2
20120706,3
20120708,1
20120709,4
20120710,2
20120711,6
20120712,3
20120713,3
20120714,1
20120715,1
20120716,3
20120717,3
20120718,4
20120719,5
20120720,3
20120723,6
20120724,7
20120725,3
20120726,7
20120727,3
20120729,1
20120730,1
20120731,1
20120801,5
20120802,4
20120803,5
20120805,3
20120806,1
20120807,3
20120808,1
20120809,1
20120810,5
20120813,1
20120814,4
20120815,3
20120816,4
20120817,1
20120819,1
20120820,6
20120821,2
20120822,3
20120823,2
20120824,1
20120827,4
20120828,6
20120830,2
20120904,2
20120905,3
20120906,2
20120907,1
20120909,2
20120910,2
20120911,1
20120912,1
20120913,3
20120914,4
20120917,1
20120918,1
20120919,1
20120920,2
20120921,1
20120923,1
20120924,1
20120925,1
20120927,1
20120928,1
20120930,3
20121001,3
20121002,1
20121004,1
20121005,2
20121008,2
20121009,2
20121010,3
20121011,3
20121015,6
20121016,6
20121017,3
20121018,3
20121019,1
20121022,6
20121023,8
20121024,1
20121025,1
20121028,1
20121029,7
20121030,1
20121031,3
20121101,1
20121102,2
20121104,3
20121105,2
20121106,1
20121107,3
20121109,3
20121112,4
20121113,3
20121114,3
20121115,2
20121116,6
20121118,1
20121119,3
20121120,1
20121121,2
20121122,1
20121123,2
20121126,1
20121127,1
20121128,1
20121130,2
20121202,1
20121203,2
20121204,1
20121205,2
20121207,2
20121208,1
20121209,1
20121210,4
20121211,4
20121212,3
20121214,1
20121216,1
20121217,3
20121218,1
20121219,2
20121220,8
20121223,2
20121224,2
20121225,2
20121226,2
20121227,4
20121230,4
20121231,2
20130102,2
20130103,1
20130106,1
20130109,2
20130110,5
20130111,2
20130113,1
20130114,4
20130115,5
20130117,5
20130118,4
20130121,1
20130122,4
20130123,3
20130124,1
20130125,2
20130127,1
20130128,2
20130129,7
20130130,2
20130131,4
20130201,3
20130203,1
20130204,3
20130205,7
20130206,2
20130207,3
20130208,1
20130211,1
20130212,2
20130213,2
20130214,4
20130215,3
20130218,2
20130219,9
20130220,2
20130221,1
20130222,1
20130225,4
20130226,5
20130227,7
20130228,5
20130301,4
20130304,4
20130305,10
20130306,5
20130307,2
20130308,5
20130310,2
20130312,3
20130313,2
20130314,3
20130315,4
20130317,1
20130318,1
20130319,3
20130320,2
20130321,2
20130322,4
20130323,1
20130324,1
20130325,3
20130326,4
20130327,2
20130328,2
20130329,7
20130331,3
20130402,3
20130403,4
20130404,2
20130405,3
20130407,1
20130408,13
20130409,11
20130410,8
20130411,4
20130412,5
20130414,2
20130415,9
20130416,3
20130417,2
20130418,5
20130419,2
20130422,2
20130423,5
20130424,3
20130425,3
20130426,3
20130428,2
20130429,2
20130430,5
20130501,3
20130502,1
20130503,2
20130504,1
20130505,1
20130506,7
20130507,2
20130508,9
20130509,2
20130510,2
20130512,3
20130513,3
20130514,4
20130515,2
20130516,9
20130517,2
20130518,1
20130519,1
20130520,4
20130521,5
20130522,1
20130523,8
20130524,2
20130527,3
20130528,5
20130529,2
20130530,4
20130531,2
20130602,2
20130603,1
20130604,2
20130605,5
20130606,4
20130607,3
20130610,4
20130611,3
20130612,1
20130613,6
20130614,3
20130616,1
20130617,5
20130620,4
20130623,2
20130624,3
20130625,7
20130626,4
20130627,2
20130628,1
20130630,2
20130701,4
20130702,1
20130703,5
20130705,2
20130707,2
20130709,2
20130710,1
20130711,1
20130712,2
20130714,1
20130715,4
20130716,5
20130717,4
20130718,4
20130719,2
20130721,2
20130722,2
20130723,2
20130724,5
20130725,5
20130726,2
20130729,4
20130730,1
20130731,6
20130801,5
20130802,3
20130805,3
20130806,3
20130807,6
20130808,7
20130809,5
20130811,4
20130812,3
20130813,6
20130814,3
20130815,2
20130819,2
20130820,7
20130821,3
20130822,2
20130824,1
20130826,4
20130828,1
20130902,3
20130903,7
20130904,2
20130905,2
20130906,3
20130909,1
20130910,3
20130911,5
20130912,3
20130913,1
20130916,1
20130917,4
20130919,1
20130920,1
20130923,2
20130924,1
20130925,7
20130926,7
20130927,3
20130929,1
20130930,6
20131001,4
20131002,4
20131003,4
20131004,2
20131007,4
20131008,2
20131009,6
20131010,4
20131011,2
20131014,1
20131015,3
20131016,6
20131017,3
20131018,2
20131021,3
20131022,5
20131023,2
20131024,2
20131025,1
20131028,2
20131029,4
20131030,1
20131031,5
20131101,1
20131103,1
20131104,3
20131105,4
20131106,2
20131107,4
20131108,1
20131110,1
20131111,4
20131112,3
20131113,5
20131114,2
20131115,3
20131117,1
20131118,3
20131119,2
20131120,4
20131121,3
20131122,3
20131124,1
20131125,4
20131126,2
20131127,2
20131128,1
20131129,1
20131202,1
20131203,6
20131204,5
20131205,2
20131206,3
20131208,2
20131209,3
20131210,6
20131211,3
20131212,5
20131213,5
20131215,3
20131216,4
20131217,3
20131218,4
20131219,5
20131220,3
20131221,1
20131222,1
20131223,3
20131226,1
20131227,1
20131229,1
20131230,3
20131231,1
20140101,2
20140102,2
20140103,2
20140105,1
20140107,2
20140108,6
20140109,6
20140110,3
20140113,6
20140114,3
20140115,3
20140116,6
20140117,5
20140120,1
20140121,6
20140122,6
20140123,3
20140124,2
20140126,2
20140127,4
20140128,6
20140130,5
20140131,2
20140203,4
20140204,1
20140205,1
20140206,5
20140207,2
20140209,1
20140211,2
20140212,2
20140213,2
20140214,2
20140217,1
20140218,1
20140219,1
20140220,2
20140221,2
20140223,4
20140224,3
20140225,4
20140226,7
20140227,8
20140303,4
20140305,2
20140306,1
20140307,3
20140308,2
20140309,2
20140310,3
20140311,1
20140312,5
20140313,4
20140314,4
20140317,3
20140318,3
20140319,2
20140321,4
20140323,2
20140324,2
20140325,2
20140326,5
20140327,2
20140328,1
20140330,2
20140331,3
20140401,5
20140402,3
20140404,1
20140406,2
20140407,3
20140408,3
20140409,3
20140410,4
20140411,1
20140415,2
20140416,4
20140417,4
20140421,3
20140422,8
20140423,6
20140424,3
20140425,3
20140428,3
20140429,10
20140430,4
20140501,2
20140502,2
20140504,1
20140505,1
20140506,3
20140507,3
20140508,4
20140509,2
20140511,2
20140512,2
20140513,5
20140514,4
20140515,5
20140516,4
20140518,2
20140519,2
20140520,1
20140521,2
20140522,1
20140523,1
20140527,2
20140528,3
20140529,2
20140530,1
20140601,1
20140602,3
20140603,1
20140604,2
20140605,1
20140606,2
20140608,1
20140609,3
20140610,2
20140611,1
20140612,3
20140614,1
20140615,1
20140616,4
20140617,3
20140618,2
20140619,3
20140620,1
20140623,1
20140624,5
20140625,2
20140626,1
20140630,2
20140701,1
20140702,3
20140704,1
20140706,1
20140707,3
20140708,2
20140709,3
20140711,3
20140713,2
20140714,3
20140715,5
20140716,4
20140717,4
20140718,5
20140719,1
20140721,2
20140722,5
20140723,1
20140724,4
20140727,1
20140728,3
20140729,1
20140730,3
20140731,4
20140801,2
20140802,1
20140803,1
20140804,1
20140805,1
20140806,2
20140807,1
20140811,1
20140812,2
20140813,2
20140814,3
20140815,4
20140817,1
20140818,3
20140819,3
20140820,1
20140821,2
20140822,1
20140824,1
20140826,1
20140828,3
20140829,2
20140902,2
20140903,2
20140904,4
20140905,3
20140907,2
20140908,1
20140909,4
20140910,1
20140911,2
20140912,1
20140914,1
20140915,2
20140916,5
20140917,1
20140919,2
20140921,1
20140922,2
20140923,5
20140924,4
20140925,1
20140926,2
20140929,4
20140930,8
20141001,3
20141002,5
20141003,1
20141006,3
20141007,1
20141008,2
20141009,3
20141010,5
20141012,2
20141013,9
20141014,9
20141015,4
20141016,2
20141017,2
20141019,3
20141020,2
20141021,8
20141022,1
20141023,4
20141024,4
20141026,1
20141027,2
20141028,4
20141029,1
20141030,3
20141031,2
20141103,3
20141104,6
20141105,1
20141107,1
20141109,1
20141110,3
20141111,3
20141112,3
20141113,5
20141114,1
20141116,2
20141117,2
20141118,1
20141119,1
20141120,2
20141121,1
20141123,1
20141124,2
20141125,1
20141126,2
20141127,1
20141128,2
20141201,1
20141202,5
20141203,1
20141204,3
20141205,4
20141207,1
20141208,7
20141209,2
20141210,2
20141211,2
20141212,2
20141215,1
20141216,2
20141217,1
20141218,2
20141219,2
20141222,4
20141225,1
20141226,1
20141228,2
20141229,2
20141230,1
20150105,3
20150106,4
20150107,4
20150108,1
20150109,1
20150112,2
20150114,1
20150115,1
20150116,5
20150119,2
20150120,7
20150122,6
20150123,9
20150125,1
20150126,3
20150127,1
20150129,3
20150130,1
20150202,2
20150203,1
20150204,1
20150205,2
20150206,1
20150208,1
20150209,3
20150210,2
20150211,2
20150212,2
20150213,1
20150216,1
20150217,2
20150218,3
20150222,1
20150223,1
20150224,2
20150225,2
20150226,4
20150227,1
20150301,1
20150302,5
20150303,2
20150304,1
20150305,7
20150306,5
20150308,1
20150309,6
20150310,5
20150311,4
20150312,2
20150313,2
20150316,4
20150317,2
20150318,1
20150319,1
20150320,3
20150322,1
20150323,3
20150324,3
20150325,3
20150327,2
20150330,2
20150331,10
20150401,3
20150402,4
20150403,3
20150405,2
20150406,3
20150407,2
20150408,4
20150409,1
20150410,2
20150413,3
20150414,11
20150415,4
20150416,1
20150417,1
20150419,1
20150420,7
20150421,6
20150422,4
20150423,8
20150424,2
20150427,3
20150428,5
20150429,1
20150430,2
