20050208,1
20050531,1
20050815,1
20050819,1
20050823,1
20050923,1
20051018,1
20051130,1
20060103,1
20060113,1
20060221,1
20060222,1
20060310,1
20060517,1
20060805,1
20060808,1
20060909,1
20061002,1
20061223,1
20070205,1
20070215,1
20070328,1
20070712,1
20070713,1
20070718,1
20070820,1
20070911,1
20070926,2
20071003,1
20071101,1
20080102,1
20080314,1
20080318,1
20080326,1
20080408,1
20080415,1
20080416,2
20080429,1
20080520,1
20080717,1
20080813,1
20080904,1
20080919,1
20081001,1
20081004,1
20081014,1
20081015,1
20081117,1
20081119,1
20081126,1
20081204,1
20081217,1
20081222,1
20090116,1
20090211,1
20090228,1
20090306,1
20090416,1
20090504,1
20090508,2
20090509,1
20090511,1
20090518,1
20090529,1
20090605,1
20090629,1
20090707,1
20090713,1
20090720,1
20090914,2
20090922,1
20090929,3
20091008,1
20091016,1
20091106,1
20091113,1
20091114,1
20091207,1
20091230,1
20100106,1
20100113,1
20100124,1
20100127,2
20100304,1
20100308,2
20100315,1
20100319,1
20100413,1
20100414,1
20100422,2
20100519,1
20100611,1
20100712,1
20100715,1
20100719,1
20100721,1
20100722,1
20100726,1
20100728,1
20100809,1
20100830,1
20100903,1
20100916,1
20100924,1
20101002,1
20101005,1
20101008,1
20101024,1
20101103,1
20101105,1
20101117,2
20101119,1
20101125,1
20101202,2
20110112,1
20110119,1
20110209,1
20110217,1
20110218,1
20110223,2
20110228,1
20110302,1
20110307,1
20110324,1
20110406,1
20110407,1
20110509,1
20110525,1
20110531,1
20110609,1
20110706,1
20110707,1
20110719,1
20110727,1
20110804,1
20110822,1
20110826,1
20110913,1
20111002,1
20111004,1
20111027,1
20111108,2
20111128,2
20111205,1
20111206,1
20111209,1
20120113,1
20120131,1
20120201,1
20120202,1
20120301,1
20120308,1
20120309,1
20120313,1
20120314,1
20120320,1
20120326,1
20120327,1
20120402,1
20120404,1
20120416,1
20120426,1
20120429,1
20120509,1
20120510,2
20120511,2
20120514,1
20120517,2
20120524,1
20120527,1
20120529,1
20120614,1
20120627,2
20120702,1
20120703,1
20120713,2
20120724,1
20120809,1
20120829,1
20120831,1
20120914,2
20120919,1
20121002,1
20121018,1
20121026,1
20121031,1
20121101,1
20121108,1
20121115,1
20121116,1
20121127,1
20121128,1
20121218,1
20130107,1
20130110,1
20130111,1
20130114,3
20130115,1
20130117,1
20130118,1
20130201,1
20130204,1
20130206,1
20130207,1
20130213,2
20130221,1
20130312,1
20130314,1
20130315,2
20130320,1
20130327,1
20130404,1
20130408,1
20130412,2
20130422,1
20130423,1
20130429,1
20130502,2
20130503,1
20130507,1
20130508,1
20130515,1
20130528,1
20130529,1
20130606,1
20130610,1
20130613,1
20130621,1
20130628,1
20130702,1
20130707,1
20130709,2
20130716,1
20130726,1
20130809,2
20130812,1
20130814,1
20130815,1
20130818,1
20130820,1
20130824,1
20130829,1
20130904,1
20130905,1
20130910,1
20130916,1
20130919,1
20130920,1
20130923,2
20130924,2
20130927,2
20131008,1
20131009,2
20131014,1
20131018,1
20131019,1
20131020,1
20131021,3
20131027,1
20131101,1
20131103,1
20131105,1
20131111,1
20131119,3
20131120,1
20131125,1
20131201,1
20131202,1
20131203,1
20131204,1
20131209,1
20131212,1
20131217,2
20131224,1
20131230,1
20140102,1
20140110,1
20140114,2
20140116,2
20140120,1
20140124,1
20140205,3
20140214,1
20140215,1
20140217,1
20140219,1
20140220,4
20140221,1
20140225,1
20140305,2
20140307,1
20140311,1
20140318,2
20140319,2
20140324,1
20140325,1
20140328,1
20140331,3
20140402,2
20140403,1
20140404,2
20140407,1
20140409,2
20140410,1
20140411,3
20140414,1
20140416,3
20140418,1
20140421,1
20140428,1
20140429,1
20140505,1
20140507,2
20140508,1
20140512,1
20140513,1
20140514,1
20140520,1
20140521,1
20140523,1
20140526,1
20140605,1
20140608,1
20140609,1
20140617,2
20140626,1
20140701,2
20140702,1
20140708,1
20140710,2
20140713,1
20140715,2
20140717,1
20140718,1
20140721,1
20140724,1
20140729,2
20140801,1
20140804,1
20140805,1
20140808,1
20140811,1
20140813,2
20140822,2
20140826,1
20140827,1
20140828,2
20140829,2
20140902,2
20140904,1
20140908,1
20140910,1
20140911,2
20140915,3
20140923,1
20140928,1
20141001,1
20141003,4
20141004,1
20141006,3
20141007,1
20141008,2
20141009,2
20141010,1
20141013,1
20141014,2
20141016,1
20141017,1
20141020,1
20141021,3
20141022,1
20141023,2
20141027,1
20141029,1
20141030,1
20141031,1
20141104,1
20141114,1
20141117,1
20141119,1
20141121,2
20141126,1
20141204,1
20141207,1
20141223,1
20141224,1
20150106,1
20150107,1
20150109,2
20150112,2
20150114,3
20150115,2
20150122,2
20150123,1
20150127,1
20150202,1
20150206,2
20150208,1
20150209,1
20150216,1
20150224,4
20150225,1
20150302,1
20150305,1
20150306,1
20150311,1
20150316,2
20150318,1
20150331,1
20150401,2
20150402,1
20150408,3
20150409,2
20150413,1
20150414,1
20150421,1
