20050103,1
20050104,2
20050106,1
20050112,1
20050117,3
20050118,2
20050119,3
20050120,1
20050123,1
20050124,2
20050126,1
20050127,1
20050128,1
20050131,2
20050201,4
20050202,2
20050203,2
20050204,1
20050207,1
20050208,3
20050214,3
20050215,1
20050217,1
20050218,4
20050222,1
20050225,1
20050302,1
20050303,1
20050304,3
20050307,2
20050308,1
20050309,2
20050311,1
20050316,1
20050317,1
20050318,1
20050324,2
20050325,2
20050401,1
20050404,1
20050408,1
20050413,1
20050414,1
20050418,1
20050419,3
20050421,1
20050424,1
20050426,2
20050427,1
20050428,1
20050429,1
20050502,2
20050503,3
20050504,1
20050505,1
20050510,1
20050512,2
20050513,1
20050516,1
20050519,1
20050520,1
20050525,2
20050601,2
20050603,3
20050606,1
20050607,2
20050609,1
20050613,1
20050617,1
20050621,1
20050630,1
20050702,1
20050708,1
20050714,1
20050719,1
20050724,1
20050726,2
20050727,3
20050803,1
20050804,2
20050805,1
20050808,1
20050810,1
20050811,1
20050812,2
20050823,2
20050824,1
20050825,1
20050826,1
20050907,1
20050909,3
20050912,1
20050913,1
20050914,2
20050915,1
20050916,2
20050917,1
20050919,1
20050922,1
20050923,2
20050926,1
20050927,1
20051002,1
20051004,1
20051006,1
20051007,1
20051008,1
20051012,1
20051017,1
20051019,2
20051020,1
20051023,1
20051024,2
20051025,2
20051026,3
20051027,1
20051028,1
20051031,1
20051101,4
20051102,1
20051103,1
20051104,1
20051113,2
20051114,6
20051115,1
20051116,1
20051117,4
20051118,2
20051119,2
20051121,1
20051122,1
20051201,2
20051202,1
20051203,1
20051205,1
20051206,1
20051207,1
20051209,1
20051214,1
20051215,2
20051219,1
20051220,1
20051222,2
20051224,1
20051228,1
20051229,1
20051230,1
20051231,1
20060103,1
20060105,1
20060107,1
20060110,1
20060112,3
20060113,1
20060117,1
20060125,2
20060126,3
20060127,4
20060128,1
20060130,2
20060131,2
20060202,2
20060206,3
20060207,3
20060208,1
20060211,1
20060218,1
20060221,2
20060222,2
20060224,1
20060227,1
20060302,1
20060310,1
20060311,1
20060314,2
20060316,1
20060317,1
20060322,1
20060329,1
20060330,1
20060403,1
20060404,1
20060405,2
20060407,2
20060410,1
20060411,1
20060415,1
20060419,1
20060425,2
20060426,1
20060428,1
20060429,1
20060501,1
20060506,1
20060508,3
20060511,1
20060515,2
20060518,2
20060525,1
20060605,1
20060608,1
20060609,1
20060612,1
20060613,1
20060616,1
20060619,2
20060623,1
20060630,1
20060703,2
20060706,1
20060718,1
20060719,1
20060721,1
20060724,1
20060725,3
20060729,1
20060801,1
20060808,1
20060810,1
20060816,1
20060817,1
20060821,2
20060823,1
20060825,1
20060828,1
20060831,3
20060901,2
20060902,1
20060903,1
20060908,1
20060913,1
20060915,1
20060918,1
20060920,2
20060921,1
20060922,1
20060926,1
20060928,1
20060930,1
20061003,1
20061009,1
20061010,1
20061024,4
20061025,1
20061026,1
20061027,1
20061102,1
20061108,1
20061109,1
20061110,4
20061113,1
20061114,2
20061118,1
20061120,1
20061121,1
20061124,2
20061128,1
20061129,1
20061201,2
20061208,1
20061212,1
20061213,2
20061214,1
20061215,2
20061228,2
20070103,2
20070104,1
20070113,1
20070115,1
20070116,1
20070117,1
20070120,1
20070124,1
20070125,4
20070126,3
20070130,1
20070201,2
20070205,3
20070206,1
20070208,1
20070209,1
20070214,2
20070216,1
20070223,1
20070227,1
20070306,1
20070308,1
20070313,3
20070314,3
20070315,1
20070316,2
20070319,1
20070326,1
20070328,1
20070330,1
20070331,1
20070402,1
20070409,2
20070411,1
20070413,2
20070416,2
20070417,1
20070418,1
20070419,1
20070425,3
20070428,1
20070430,1
20070504,1
20070507,1
20070508,1
20070514,1
20070515,2
20070516,2
20070517,2
20070521,1
20070523,1
20070529,1
20070531,1
20070611,2
20070612,2
20070614,1
20070618,1
20070621,1
20070625,2
20070629,1
20070702,1
20070717,1
20070724,2
20070725,2
20070726,1
20070730,1
20070801,2
20070808,1
20070810,3
20070811,1
20070814,1
20070823,1
20070826,1
20070827,2
20070830,1
20070831,2
20070901,1
20070902,1
20070905,1
20070906,1
20070917,1
20070919,1
20070921,1
20070924,2
20070925,2
20070927,1
20070928,1
20070929,1
20071015,2
20071016,1
20071018,1
20071019,2
20071023,2
20071024,1
20071025,1
20071030,2
20071101,1
20071102,1
20071106,1
20071113,1
20071114,1
20071115,1
20071120,1
20071130,1
20071206,1
20071207,1
20071221,1
20071226,1
20080103,1
20080108,1
20080112,1
20080115,1
20080116,1
20080119,1
20080121,1
20080122,1
20080125,4
20080126,1
20080131,1
20080205,1
20080213,2
20080215,1
20080219,1
20080228,2
20080229,1
20080301,1
20080303,1
20080305,1
20080306,2
20080311,1
20080325,1
20080326,1
20080331,1
20080415,2
20080416,1
20080423,1
20080424,1
20080425,1
20080507,1
20080508,1
20080512,1
20080513,3
20080515,2
20080516,1
20080517,1
20080523,1
20080604,1
20080606,1
20080607,1
20080610,1
20080613,1
20080616,2
20080618,1
20080619,1
20080620,1
20080621,1
20080630,1
20080705,1
20080710,1
20080714,1
20080716,1
20080717,2
20080719,1
20080722,1
20080723,2
20080729,1
20080809,1
20080811,1
20080816,1
20080822,1
20080828,1
20080829,1
20080905,1
20080908,2
20080910,1
20080911,1
20080918,1
20080924,1
20080927,1
20080930,1
20081001,2
20081002,1
20081003,1
20081010,1
20081020,1
20081021,2
20081022,4
20081023,1
20081103,1
20081105,1
20081113,1
20081116,1
20081120,1
20081129,1
20081201,1
20081203,1
20081217,1
20081224,1
20090102,1
20090105,1
20090113,1
20090115,1
20090117,1
20090122,2
20090123,1
20090128,2
20090130,1
20090203,1
20090209,1
20090212,1
20090217,1
20090224,1
20090225,1
20090226,2
20090302,1
20090304,1
20090305,1
20090307,1
20090309,2
20090311,1
20090318,2
20090325,1
20090326,1
20090330,1
20090403,3
20090405,1
20090406,3
20090407,1
20090408,3
20090409,1
20090414,1
20090415,2
20090416,1
20090417,1
20090421,2
20090422,3
20090427,1
20090501,2
20090508,1
20090512,1
20090515,3
20090518,1
20090519,1
20090522,1
20090526,3
20090527,1
20090528,2
20090602,1
20090605,1
20090607,1
20090615,2
20090617,2
20090618,2
20090619,1
20090623,3
20090624,3
20090625,1
20090701,1
20090706,1
20090713,2
20090715,1
20090717,4
20090720,2
20090721,1
20090722,4
20090729,1
20090730,1
20090731,1
20090806,1
20090808,1
20090809,1
20090812,1
20090813,1
20090818,1
20090822,1
20090824,2
20090831,1
20090901,1
20090903,1
20090908,1
20090909,1
20090910,1
20090914,1
20090917,1
20090918,1
20091002,1
20091016,1
20091019,1
20091021,1
20091022,4
20091026,1
20091112,1
20091117,1
20091118,2
20091119,1
20091123,1
20091130,1
20091202,1
20091210,1
20091212,1
20091221,1
20091222,1
20100105,1
20100106,1
20100118,1
20100119,1
20100120,1
20100122,1
20100124,1
20100126,1
20100128,1
20100129,1
20100201,1
20100202,2
20100203,3
20100204,1
20100213,1
20100214,1
20100216,2
20100217,1
20100221,1
20100223,1
20100225,1
20100302,2
20100304,2
20100308,1
20100309,1
20100311,1
20100317,1
20100319,1
20100321,1
20100322,1
20100326,2
20100329,1
20100401,3
20100402,1
20100405,1
20100407,1
20100414,2
20100416,1
20100418,1
20100419,1
20100421,2
20100422,2
20100429,2
20100506,1
20100512,1
20100526,1
20100601,1
20100603,1
20100604,2
20100608,2
20100610,1
20100612,2
20100615,1
20100616,1
20100617,1
20100623,2
20100628,1
20100704,1
20100706,1
20100707,1
20100708,1
20100711,1
20100713,1
20100715,1
20100716,2
20100719,2
20100720,3
20100726,1
20100727,1
20100728,1
20100730,1
20100804,1
20100808,1
20100814,1
20100818,1
20100819,1
20100823,1
20100908,2
20100909,1
20100911,1
20100912,1
20100913,1
20100914,1
20100915,2
20100916,1
20100917,1
20100928,2
20100929,1
20101007,1
20101008,1
20101011,1
20101013,2
20101014,1
20101016,1
20101017,1
20101019,2
20101020,2
20101021,1
20101022,1
20101023,1
20101027,2
20101028,2
20101102,1
20101103,1
20101106,1
20101111,1
20101112,1
20101116,1
20101124,1
20101126,1
20101202,1
20101206,1
20101214,2
20101217,1
20101218,2
20101220,1
20101221,3
20101224,1
20101227,1
20101229,1
20101230,3
20101231,1
20110103,1
20110107,1
20110113,1
20110118,1
20110119,2
20110120,1
20110124,1
20110127,2
20110128,2
20110131,1
20110203,1
20110204,1
20110207,1
20110208,3
20110210,4
20110211,4
20110213,1
20110214,1
20110215,1
20110223,1
20110228,1
20110302,1
20110308,1
20110315,1
20110322,1
20110323,1
20110331,2
20110405,1
20110412,1
20110413,3
20110418,1
20110421,1
20110425,2
20110426,2
20110427,2
20110428,1
20110429,2
20110430,1
20110502,1
20110504,1
20110505,1
20110509,1
20110513,1
20110520,1
20110524,1
20110525,2
20110526,1
20110527,2
20110528,1
20110530,1
20110531,5
20110601,1
20110602,1
20110603,2
20110606,3
20110607,3
20110608,3
20110609,2
20110611,2
20110613,4
20110614,2
20110616,1
20110617,5
20110622,1
20110623,1
20110625,1
20110630,1
20110712,3
20110713,1
20110714,2
20110715,2
20110719,1
20110721,6
20110722,3
20110723,1
20110725,3
20110726,4
20110728,4
20110729,4
20110730,1
20110731,1
20110804,1
20110805,1
20110809,1
20110811,1
20110818,1
20110819,3
20110823,2
20110825,1
20110827,1
20110830,1
20110831,1
20110907,1
20110912,1
20110913,3
20110916,1
20110920,2
20110921,3
20110923,1
20110924,1
20110927,3
20110928,1
20111004,1
20111011,1
20111017,1
20111022,2
20111024,1
20111025,1
20111026,6
20111028,1
20111029,1
20111031,1
20111102,1
20111103,3
20111104,2
20111115,1
20111118,1
20111122,1
20111125,1
20111203,1
20111205,2
20111207,1
20111213,1
20111214,1
20111215,2
20111219,2
20111220,2
20111222,1
20111225,1
20111228,1
20120105,1
20120106,3
20120115,1
20120117,1
20120120,1
20120121,1
20120123,1
20120125,1
20120126,2
20120127,1
20120202,1
20120203,1
20120207,1
20120209,1
20120213,2
20120214,1
20120217,1
20120227,1
20120229,1
20120306,1
20120404,1
20120409,1
20120410,3
20120413,1
20120420,1
20120425,1
20120426,2
20120428,1
20120429,1
20120501,1
20120502,3
20120506,1
20120509,1
20120510,2
20120511,2
20120514,1
20120515,1
20120517,1
20120522,1
20120525,1
20120531,1
20120606,3
20120619,1
20120621,1
20120626,1
20120628,1
20120704,1
20120708,2
20120709,2
20120710,1
20120711,3
20120717,1
20120718,1
20120720,2
20120721,1
20120723,2
20120724,2
20120725,1
20120727,1
20120731,1
20120801,3
20120803,1
20120805,1
20120806,1
20120807,1
20120808,1
20120817,1
20120821,1
20120822,1
20120823,1
20120827,1
20120903,1
20120904,1
20120905,1
20120911,1
20120912,2
20120913,2
20120914,1
20120917,1
20120918,3
20121001,1
20121003,2
20121004,1
20121007,1
20121008,1
20121009,2
20121010,2
20121011,2
20121014,1
20121019,1
20121023,2
20121024,2
20121025,1
20121102,1
20121105,1
20121106,1
20121107,1
20121108,2
20121109,3
20121111,5
20121112,2
20121113,1
20121114,2
20121115,2
20121120,1
20121122,1
20121123,1
20121127,2
20121129,1
20121205,2
20121209,1
20121210,2
20121212,1
20121218,1
20121219,1
20121220,4
20121224,1
20121227,1
20121230,1
20130104,1
20130106,1
20130108,1
20130109,1
20130118,1
20130121,1
20130123,2
20130124,3
20130127,1
20130130,1
20130204,1
20130205,1
20130206,1
20130208,1
20130210,1
20130211,1
20130213,1
20130214,1
20130218,1
20130220,2
20130221,1
20130226,1
20130305,1
20130308,2
20130319,1
20130325,1
20130329,1
20130404,1
20130411,1
20130418,1
20130421,1
20130423,4
20130424,1
20130425,1
20130430,1
20130501,1
20130505,1
20130506,3
20130508,1
20130509,1
20130514,2
20130516,2
20130517,1
20130520,1
20130524,1
20130529,2
20130530,3
20130604,1
20130607,1
20130611,1
20130617,1
20130619,1
20130620,1
20130621,1
20130623,1
20130628,2
20130702,1
20130710,3
20130712,1
20130723,2
20130724,1
20130725,1
20130729,1
20130806,2
20130813,1
20130815,2
20130816,1
20130819,1
20130820,3
20130823,1
20130824,1
20130825,1
20130826,1
20130827,2
20130828,1
20130830,1
20130902,1
20130909,1
20130916,2
20130917,3
20130918,3
20130920,1
20130924,2
20130925,1
20130926,2
20130930,3
20131001,1
20131004,2
20131005,1
20131006,1
20131007,2
20131009,1
20131010,1
20131015,1
20131020,1
20131021,1
20131022,3
20131023,2
20131024,2
20131025,1
20131028,1
20131030,1
20131103,1
20131104,1
20131106,1
20131110,1
20131112,1
20131114,1
20131116,1
20131118,1
20131119,1
20131120,5
20131122,2
20131127,1
20131203,2
20131205,2
20131206,2
20131210,5
20131211,1
20131212,1
20131216,1
20131218,2
20131219,2
20131220,2
20131221,1
20131226,1
20140106,1
20140109,1
20140115,3
20140123,5
20140124,1
20140126,1
20140128,1
20140129,2
20140203,2
20140204,1
20140205,2
20140206,1
20140211,1
20140212,1
20140213,4
20140214,2
20140218,2
20140219,1
20140220,1
20140221,1
20140224,1
20140225,2
20140227,1
20140228,1
20140303,1
20140304,5
20140305,1
20140313,1
20140314,1
20140316,1
20140318,1
20140320,3
20140321,1
20140324,4
20140325,1
20140326,1
20140328,3
20140331,2
20140401,1
20140403,2
20140405,1
20140407,1
20140415,1
20140416,1
20140417,1
20140422,2
20140423,3
20140424,1
20140425,1
20140426,1
20140501,1
20140502,1
20140505,2
20140506,1
20140507,1
20140508,1
20140509,1
20140513,2
20140514,2
20140516,4
20140518,1
20140519,1
20140520,2
20140521,2
20140527,2
20140529,3
20140530,2
20140601,1
20140602,1
20140603,3
20140606,1
20140611,2
20140612,1
20140613,1
20140615,1
20140616,1
20140618,2
20140619,1
20140620,1
20140623,1
20140624,1
20140626,2
20140627,1
20140629,1
20140630,1
20140701,2
20140702,1
20140703,2
20140704,2
20140707,2
20140709,1
20140710,4
20140711,4
20140713,3
20140714,5
20140715,4
20140716,5
20140717,1
20140720,1
20140721,2
20140722,4
20140723,2
20140724,1
20140727,1
20140729,1
20140804,1
20140807,1
20140808,1
20140809,1
20140812,3
20140814,1
20140818,1
20140825,1
20140826,3
20140827,1
20140829,1
20140902,1
20140903,1
20140908,1
20140911,1
20140915,3
20140916,1
20140917,3
20140918,3
20140919,1
20140922,3
20140923,2
20140925,4
20140926,1
20140929,1
20141001,1
20141006,1
20141014,1
20141019,1
20141021,5
20141023,2
20141028,1
20141029,2
20141030,2
20141103,1
20141105,1
20141106,2
20141112,1
20141113,1
20141118,1
20141124,1
20141202,2
20141203,1
20141204,2
20141205,3
20141206,1
20141210,2
20141211,3
20141212,1
20141217,2
20141218,1
20141222,1
20141223,1
20150106,1
20150107,1
20150112,1
20150115,2
20150116,2
20150123,1
20150125,2
20150126,3
20150127,4
20150128,2
20150129,3
20150202,1
20150203,1
20150205,1
20150206,1
20150210,1
20150211,2
20150213,1
20150218,3
20150219,1
20150220,2
20150222,1
20150223,1
20150224,2
20150225,1
20150226,1
20150227,1
20150304,2
20150305,5
20150306,1
20150309,1
20150311,2
20150312,1
20150313,2
20150316,2
20150317,1
20150319,2
20150324,2
20150325,5
20150326,1
20150329,1
20150330,3
20150402,1
20150406,1
20150407,2
20150410,1
20150413,1
20150414,2
20150415,1
20150420,4
20150421,4
20150427,1
20150429,3
20150430,1
