20050102,2
20050103,9
20050104,14
20050105,10
20050106,17
20050107,19
20050110,9
20050111,20
20050112,15
20050113,10
20050114,11
20050116,2
20050117,13
20050118,12
20050119,18
20050120,24
20050121,14
20050123,2
20050124,13
20050125,21
20050126,15
20050127,22
20050128,25
20050130,1
20050131,18
20050201,18
20050202,11
20050203,14
20050204,15
20050206,2
20050207,16
20050208,18
20050209,13
20050210,16
20050211,10
20050213,3
20050214,10
20050215,18
20050216,28
20050217,15
20050218,22
20050220,1
20050221,7
20050222,10
20050223,21
20050224,13
20050225,26
20050227,2
20050228,12
20050301,22
20050302,17
20050303,16
20050304,18
20050306,2
20050307,14
20050308,22
20050309,12
20050310,15
20050311,15
20050313,3
20050314,14
20050315,8
20050316,19
20050317,17
20050318,15
20050320,1
20050321,7
20050322,8
20050323,10
20050324,9
20050325,6
20050328,13
20050329,11
20050330,13
20050331,10
20050401,18
20050402,1
20050403,2
20050404,12
20050405,9
20050406,9
20050407,17
20050408,10
20050410,2
20050411,15
20050412,10
20050413,16
20050414,16
20050415,21
20050417,2
20050418,16
20050419,19
20050420,25
20050421,15
20050422,19
20050424,3
20050425,12
20050426,15
20050427,24
20050428,23
20050429,25
20050501,1
20050502,17
20050503,12
20050504,20
20050505,17
20050506,16
20050508,2
20050509,14
20050510,17
20050511,26
20050512,14
20050513,22
20050516,11
20050517,13
20050518,21
20050519,13
20050520,12
20050522,2
20050523,16
20050524,13
20050525,13
20050526,14
20050527,14
20050530,4
20050531,15
20050601,16
20050602,10
20050603,14
20050605,1
20050606,11
20050607,15
20050608,10
20050609,15
20050610,14
20050612,1
20050613,14
20050614,7
20050615,17
20050616,14
20050617,12
20050619,1
20050620,9
20050621,12
20050622,13
20050623,12
20050624,16
20050626,1
20050627,9
20050628,11
20050629,13
20050630,18
20050701,11
20050703,2
20050704,1
20050705,9
20050706,12
20050707,10
20050708,10
20050710,1
20050711,16
20050712,11
20050713,10
20050714,15
20050715,10
20050717,2
20050718,6
20050719,11
20050720,18
20050721,29
20050722,22
20050724,1
20050725,5
20050726,12
20050727,25
20050728,24
20050729,19
20050731,7
20050801,17
20050802,20
20050803,30
20050804,17
20050805,18
20050808,8
20050809,20
20050810,18
20050811,14
20050812,13
20050815,9
20050816,13
20050817,16
20050818,10
20050819,17
20050821,1
20050822,9
20050823,13
20050824,20
20050825,15
20050826,18
20050827,1
20050829,11
20050830,13
20050831,14
20050901,13
20050902,19
20050903,4
20050904,4
20050905,3
20050906,11
20050907,16
20050908,16
20050909,19
20050911,1
20050912,16
20050913,18
20050914,21
20050915,21
20050916,19
20050917,3
20050918,1
20050919,11
20050920,12
20050921,14
20050922,16
20050923,18
20050924,8
20050925,1
20050926,13
20050927,22
20050928,12
20050929,20
20050930,15
20051001,6
20051002,1
20051003,8
20051004,8
20051005,12
20051006,14
20051007,11
20051008,8
20051010,8
20051011,15
20051012,12
20051013,3
20051014,13
20051015,6
20051016,2
20051017,12
20051018,24
20051019,12
20051020,20
20051021,25
20051022,7
20051023,3
20051024,12
20051025,11
20051026,18
20051027,27
20051028,15
20051029,10
20051030,1
20051031,16
20051101,14
20051102,17
20051103,22
20051104,23
20051105,8
20051106,1
20051107,8
20051108,15
20051109,18
20051110,24
20051111,19
20051112,8
20051113,1
20051114,8
20051115,11
20051116,9
20051117,10
20051118,21
20051119,5
20051120,2
20051121,11
20051122,9
20051123,14
20051124,2
20051125,9
20051126,7
20051127,1
20051128,5
20051129,15
20051130,14
20051201,12
20051202,17
20051203,3
20051204,1
20051205,5
20051206,12
20051207,11
20051208,15
20051209,15
20051210,7
20051211,1
20051212,14
20051213,6
20051214,9
20051215,13
20051216,5
20051217,5
20051218,2
20051219,13
20051220,11
20051221,10
20051222,10
20051223,13
20051224,4
20051227,12
20051228,7
20051229,9
20051230,8
20051231,5
20060101,1
20060102,1
20060103,12
20060104,10
20060105,10
20060106,9
20060107,7
20060109,9
20060110,7
20060111,7
20060112,10
20060113,9
20060114,7
20060116,5
20060117,8
20060118,12
20060119,13
20060120,10
20060121,4
20060122,2
20060123,6
20060124,16
20060125,14
20060126,28
20060127,22
20060128,12
20060129,2
20060130,10
20060131,24
20060201,14
20060202,12
20060203,16
20060204,6
20060206,11
20060207,9
20060208,17
20060209,22
20060210,16
20060211,10
20060212,1
20060213,12
20060214,11
20060215,20
20060216,16
20060217,19
20060218,12
20060219,1
20060220,6
20060221,8
20060222,8
20060223,14
20060224,18
20060225,11
20060226,1
20060227,14
20060228,17
20060301,12
20060302,14
20060303,15
20060304,8
20060306,11
20060307,12
20060308,24
20060309,14
20060310,19
20060311,8
20060312,1
20060313,13
20060314,14
20060315,13
20060316,12
20060317,22
20060318,11
20060319,5
20060320,11
20060321,9
20060322,12
20060323,14
20060324,13
20060325,4
20060327,8
20060328,15
20060329,12
20060330,15
20060331,16
20060401,6
20060402,2
20060403,7
20060404,16
20060405,7
20060406,13
20060407,11
20060408,6
20060409,1
20060410,8
20060411,15
20060412,14
20060413,14
20060414,5
20060415,4
20060416,2
20060417,11
20060418,6
20060419,16
20060420,22
20060421,20
20060422,14
20060423,5
20060424,9
20060425,20
20060426,22
20060427,17
20060428,20
20060429,10
20060430,1
20060501,13
20060502,19
20060503,16
20060504,15
20060505,25
20060506,6
20060508,10
20060509,14
20060510,25
20060511,16
20060512,13
20060513,4
20060515,8
20060516,18
20060517,10
20060518,14
20060519,15
20060520,2
20060521,1
20060522,13
20060523,12
20060524,12
20060525,14
20060526,10
20060527,5
20060529,2
20060530,11
20060531,18
20060601,10
20060602,18
20060603,9
20060605,9
20060606,15
20060607,13
20060608,11
20060609,12
20060610,10
20060611,1
20060612,6
20060613,15
20060614,14
20060615,13
20060616,13
20060617,5
20060618,3
20060619,14
20060620,12
20060621,15
20060622,11
20060623,10
20060624,3
20060626,10
20060627,8
20060628,9
20060629,20
20060630,12
20060701,10
20060702,1
20060703,5
20060704,1
20060705,12
20060706,10
20060707,8
20060708,6
20060709,1
20060710,7
20060711,14
20060712,12
20060713,15
20060714,10
20060715,4
20060716,4
20060717,9
20060718,12
20060719,13
20060720,18
20060721,22
20060722,13
20060723,1
20060724,11
20060725,14
20060726,11
20060727,19
20060728,24
20060729,6
20060730,2
20060731,16
20060801,29
20060802,23
20060803,18
20060804,19
20060805,3
20060806,2
20060807,11
20060808,14
20060809,20
20060810,20
20060811,23
20060812,5
20060813,1
20060814,10
20060815,11
20060816,12
20060817,11
20060818,16
20060819,6
20060820,1
20060821,9
20060822,15
20060823,12
20060824,14
20060825,10
20060826,5
20060828,7
20060829,6
20060830,8
20060831,15
20060901,9
20060902,7
20060903,1
20060904,3
20060905,11
20060906,8
20060907,8
20060908,12
20060909,3
20060910,1
20060911,9
20060912,10
20060913,10
20060914,7
20060915,15
20060916,7
20060917,2
20060918,8
20060919,12
20060920,12
20060921,11
20060922,11
20060923,6
20060924,1
20060925,14
20060926,9
20060927,14
20060928,10
20060929,15
20060930,9
20061001,1
20061002,8
20061003,9
20061004,8
20061005,9
20061006,6
20061007,7
20061009,11
20061010,10
20061011,9
20061012,7
20061013,10
20061014,3
20061015,2
20061016,5
20061017,17
20061018,10
20061019,21
20061020,13
20061021,7
20061022,3
20061023,10
20061024,17
20061025,20
20061026,20
20061027,18
20061028,9
20061030,11
20061031,20
20061101,23
20061102,12
20061103,17
20061104,4
20061106,11
20061107,12
20061108,18
20061109,24
20061110,22
20061111,7
20061112,4
20061113,10
20061114,17
20061115,15
20061116,8
20061117,11
20061118,5
20061119,2
20061120,10
20061121,7
20061122,11
20061123,2
20061124,8
20061125,4
20061126,3
20061127,9
20061128,8
20061129,12
20061130,13
20061201,11
20061202,2
20061204,18
20061205,11
20061206,15
20061207,8
20061208,11
20061209,6
20061210,1
20061211,8
20061212,10
20061213,11
20061214,14
20061215,19
20061216,7
20061218,5
20061219,12
20061220,9
20061221,7
20061222,11
20061223,7
20061224,2
20061226,5
20061227,19
20061228,11
20061229,9
20061230,10
20061231,1
20070101,1
20070102,12
20070103,3
20070104,11
20070105,15
20070106,12
20070107,2
20070108,14
20070109,10
20070110,12
20070111,14
20070112,9
20070113,2
20070114,3
20070115,1
20070116,16
20070117,16
20070118,17
20070119,8
20070120,7
20070121,3
20070122,14
20070123,17
20070124,15
20070125,16
20070126,20
20070127,4
20070129,8
20070130,14
20070131,16
20070201,20
20070202,12
20070203,7
20070204,2
20070205,14
20070206,17
20070207,19
20070208,13
20070209,25
20070210,6
20070211,3
20070212,11
20070213,12
20070214,22
20070215,18
20070216,12
20070217,6
20070219,2
20070220,11
20070221,10
20070222,15
20070223,10
20070224,7
20070225,1
20070226,10
20070227,25
20070228,19
20070301,18
20070302,15
20070303,7
20070304,3
20070305,7
20070306,8
20070307,14
20070308,13
20070309,7
20070310,5
20070311,3
20070312,11
20070313,21
20070314,14
20070315,16
20070316,11
20070317,2
20070319,5
20070320,17
20070321,15
20070322,15
20070323,24
20070324,3
20070325,1
20070326,12
20070327,7
20070328,9
20070329,18
20070330,12
20070331,8
20070401,1
20070402,12
20070403,11
20070404,7
20070405,12
20070406,11
20070407,6
20070409,5
20070410,6
20070411,12
20070412,14
20070413,12
20070414,5
20070415,1
20070416,7
20070417,11
20070418,14
20070419,15
20070420,18
20070421,7
20070422,1
20070423,6
20070424,22
20070425,17
20070426,22
20070427,23
20070428,9
20070430,15
20070501,14
20070502,16
20070503,27
20070504,20
20070505,4
20070506,3
20070507,16
20070508,15
20070509,17
20070510,14
20070511,30
20070512,10
20070514,12
20070515,22
20070516,20
20070517,19
20070518,15
20070519,6
20070521,13
20070522,11
20070523,10
20070524,13
20070525,13
20070526,3
20070528,1
20070529,14
20070530,17
20070531,12
20070601,8
20070602,3
20070603,1
20070604,6
20070605,10
20070606,9
20070607,7
20070608,10
20070609,2
20070610,1
20070611,4
20070612,10
20070613,10
20070614,14
20070615,14
20070616,7
20070617,2
20070618,4
20070619,14
20070620,11
20070621,15
20070622,15
20070623,4
20070624,1
20070625,11
20070626,15
20070627,12
20070628,10
20070629,18
20070630,3
20070701,2
20070702,9
20070703,11
20070704,1
20070705,10
20070706,12
20070707,4
20070708,2
20070709,12
20070710,12
20070711,15
20070712,14
20070713,14
20070714,10
20070715,2
20070716,10
20070717,8
20070718,15
20070719,15
20070720,17
20070721,10
20070723,11
20070724,15
20070725,18
20070726,25
20070727,24
20070728,5
20070729,3
20070730,18
20070731,29
20070801,32
20070802,15
20070803,21
20070804,12
20070805,2
20070806,12
20070807,18
20070808,17
20070809,13
20070810,19
20070811,6
20070812,1
20070813,10
20070814,12
20070815,14
20070816,14
20070817,18
20070818,5
20070819,4
20070820,10
20070821,13
20070822,13
20070823,19
20070824,18
20070825,6
20070826,4
20070827,8
20070828,12
20070829,20
20070830,22
20070831,22
20070901,3
20070903,8
20070904,9
20070905,20
20070906,17
20070907,16
20070908,8
20070909,2
20070910,11
20070911,8
20070912,20
20070913,11
20070914,13
20070915,8
20070916,1
20070917,4
20070918,9
20070919,17
20070920,14
20070921,18
20070922,3
20070923,3
20070924,12
20070925,15
20070926,13
20070927,13
20070928,15
20070929,2
20071001,19
20071002,23
20071003,19
20071004,16
20071005,16
20071006,9
20071007,2
20071008,12
20071009,15
20071010,20
20071011,13
20071012,14
20071013,3
20071014,1
20071015,8
20071016,13
20071017,23
20071018,20
20071019,19
20071020,8
20071022,6
20071023,22
20071024,38
20071025,29
20071026,32
20071027,9
20071028,1
20071029,16
20071030,18
20071031,31
20071101,18
20071102,22
20071103,14
20071104,1
20071105,11
20071106,18
20071107,33
20071108,26
20071109,28
20071110,8
20071111,1
20071112,15
20071113,22
20071114,19
20071115,21
20071116,22
20071117,3
20071119,16
20071120,29
20071121,23
20071122,5
20071123,20
20071124,2
20071125,1
20071126,9
20071127,19
20071128,13
20071129,16
20071130,16
20071201,16
20071202,2
20071203,14
20071204,17
20071205,15
20071206,19
20071207,23
20071208,7
20071209,1
20071210,14
20071211,19
20071212,17
20071213,9
20071214,14
20071215,9
20071216,3
20071217,11
20071218,12
20071219,23
20071220,31
20071221,28
20071222,11
20071223,3
20071224,4
20071225,1
20071226,12
20071227,15
20071228,11
20071229,5
20071231,9
20080102,15
20080103,16
20080104,32
20080105,9
20080106,1
20080107,24
20080108,28
20080109,19
20080110,24
20080111,22
20080112,6
20080113,2
20080114,14
20080115,26
20080116,35
20080117,28
20080118,39
20080119,9
20080120,1
20080121,7
20080122,31
20080123,38
20080124,33
20080125,45
20080126,8
20080127,3
20080128,20
20080129,30
20080130,38
20080131,45
20080201,30
20080202,11
20080203,2
20080204,21
20080205,29
20080206,34
20080207,17
20080208,19
20080209,8
20080210,2
20080211,12
20080212,26
20080213,32
20080214,33
20080215,24
20080216,8
20080218,3
20080219,16
20080220,18
20080221,20
20080222,20
20080223,7
20080224,2
20080225,15
20080226,14
20080227,25
20080228,32
20080229,43
20080301,16
20080302,3
20080303,14
20080304,17
20080305,29
20080306,21
20080307,23
20080308,8
20080309,4
20080310,18
20080311,18
20080312,22
20080313,20
20080314,26
20080315,8
20080316,3
20080317,28
20080318,28
20080319,25
20080320,25
20080321,18
20080322,6
20080323,2
20080324,16
20080325,16
20080326,23
20080327,23
20080328,27
20080329,6
20080330,1
20080331,11
20080401,20
20080402,24
20080403,22
20080404,18
20080405,7
20080406,2
20080407,12
20080408,23
20080409,25
20080410,20
20080411,21
20080412,7
20080414,23
20080415,39
20080416,25
20080417,29
20080418,40
20080419,9
20080420,3
20080421,20
20080422,25
20080423,32
20080424,35
20080425,29
20080426,10
20080428,15
20080429,16
20080430,27
20080501,19
20080502,26
20080503,9
20080504,1
20080505,18
20080506,31
20080507,34
20080508,35
20080509,33
20080510,13
20080512,13
20080513,35
20080514,25
20080515,36
20080516,24
20080517,4
20080518,3
20080519,13
20080520,20
20080521,19
20080522,25
20080523,17
20080524,13
20080526,1
20080527,20
20080528,15
20080529,26
20080530,21
20080531,6
20080602,14
20080603,14
20080604,18
20080605,16
20080606,12
20080607,8
20080608,2
20080609,16
20080610,22
20080611,10
20080612,23
20080613,18
20080614,7
20080615,2
20080616,20
20080617,23
20080618,23
20080619,30
20080620,17
20080621,9
20080622,1
20080623,9
20080624,16
20080625,9
20080626,23
20080627,26
20080628,8
20080629,1
20080630,10
20080701,21
20080702,11
20080703,27
20080704,4
20080705,8
20080706,1
20080707,8
20080708,23
20080709,16
20080710,24
20080711,18
20080712,9
20080713,2
20080714,13
20080715,16
20080716,20
20080717,40
20080718,28
20080719,10
20080720,3
20080721,13
20080722,16
20080723,18
20080724,23
20080725,35
20080726,13
20080727,3
20080728,19
20080729,36
20080730,34
20080731,26
20080801,39
20080802,13
20080803,2
20080804,14
20080805,23
20080806,35
20080807,45
20080808,41
20080809,11
20080810,4
20080811,22
20080812,26
20080813,27
20080814,22
20080815,15
20080816,6
20080817,1
20080818,11
20080819,18
20080820,26
20080821,8
20080822,17
20080823,13
20080824,2
20080825,9
20080826,22
20080827,26
20080828,33
20080829,19
20080830,9
20080831,1
20080901,6
20080902,15
20080903,13
20080904,11
20080905,20
20080906,7
20080907,2
20080908,16
20080909,16
20080910,19
20080911,22
20080912,22
20080913,5
20080914,2
20080915,20
20080916,14
20080917,19
20080918,28
20080919,26
20080920,5
20080921,3
20080922,14
20080923,17
20080924,16
20080925,15
20080926,23
20080927,12
20080928,2
20080929,28
20080930,23
20081001,24
20081002,17
20081003,23
20081004,11
20081005,3
20081006,19
20081007,23
20081008,18
20081009,33
20081010,24
20081011,7
20081012,3
20081013,10
20081014,17
20081015,22
20081016,34
20081017,25
20081018,11
20081019,5
20081020,17
20081021,23
20081022,36
20081023,34
20081024,33
20081025,11
20081026,3
20081027,16
20081028,39
20081029,23
20081030,27
20081031,30
20081101,12
20081102,1
20081103,21
20081104,24
20081105,19
20081106,26
20081107,36
20081108,19
20081109,3
20081110,22
20081111,33
20081112,24
20081113,24
20081114,16
20081115,13
20081116,2
20081117,16
20081118,19
20081119,14
20081120,13
20081121,16
20081122,8
20081124,14
20081125,15
20081126,23
20081127,6
20081128,19
20081129,10
20081130,3
20081201,16
20081202,22
20081203,22
20081204,25
20081205,20
20081206,8
20081207,1
20081208,12
20081209,13
20081210,20
20081211,10
20081212,21
20081213,10
20081214,3
20081215,14
20081216,13
20081217,26
20081218,24
20081219,22
20081220,10
20081221,2
20081222,17
20081223,23
20081224,17
20081225,1
20081226,7
20081227,5
20081228,2
20081229,9
20081230,16
20081231,16
20090113,1
20090115,1
20090117,1
20090120,2
20090122,1
20090124,1
20090126,2
20090127,1
20090128,1
20090130,4
20090201,3
20090202,28
20090203,33
20090204,41
20090205,39
20090206,49
20090207,7
20090208,2
20090209,25
20090210,35
20090211,36
20090212,34
20090213,36
20090214,7
20090215,2
20090216,9
20090217,23
20090218,36
20090219,28
20090220,26
20090221,13
20090222,2
20090223,16
20090224,27
20090225,32
20090226,33
20090227,54
20090228,13
20090301,4
20090302,23
20090303,36
20090304,31
20090305,27
20090306,29
20090307,12
20090308,4
20090309,23
20090310,20
20090311,25
20090312,32
20090313,25
20090314,3
20090316,12
20090317,22
20090318,29
20090319,22
20090320,30
20090321,10
20090322,4
20090323,11
20090324,16
20090325,18
20090326,20
20090327,24
20090328,12
20090330,21
20090331,19
20090401,30
20090402,15
20090403,25
20090404,8
20090406,20
20090407,22
20090408,27
20090409,23
20090410,18
20090411,7
20090412,1
20090413,13
20090414,23
20090415,24
20090416,28
20090417,28
20090418,8
20090419,3
20090420,13
20090421,22
20090422,34
20090423,41
20090424,43
20090425,14
20090426,2
20090427,14
20090428,32
20090429,35
20090430,31
20090501,28
20090502,10
20090503,2
20090504,17
20090505,34
20090506,34
20090507,33
20090508,41
20090509,11
20090510,2
20090511,29
20090512,25
20090513,21
20090514,34
20090515,41
20090516,11
20090517,1
20090518,19
20090519,20
20090520,18
20090521,25
20090522,27
20090523,11
20090525,6
20090526,24
20090527,20
20090528,18
20090529,16
20090530,6
20090531,3
20090601,17
20090602,19
20090603,20
20090604,29
20090605,13
20090606,7
20090607,1
20090608,13
20090609,17
20090610,17
20090611,11
20090612,21
20090613,13
20090614,3
20090615,12
20090616,25
20090617,21
20090618,18
20090619,25
20090620,10
20090621,2
20090622,7
20090623,13
20090624,25
20090625,22
20090626,25
20090627,8
20090628,3
20090629,16
20090630,13
20090701,20
20090702,8
20090703,11
20090704,1
20090705,1
20090706,9
20090707,15
20090708,16
20090709,14
20090710,16
20090711,7
20090713,21
20090714,14
20090715,27
20090716,31
20090717,27
20090718,7
20090719,1
20090720,17
20090721,15
20090722,33
20090723,21
20090724,23
20090725,9
20090726,1
20090727,10
20090728,20
20090729,27
20090730,46
20090731,46
20090801,9
20090802,2
20090803,15
20090804,21
20090805,43
20090806,41
20090807,47
20090808,12
20090809,3
20090810,17
20090811,21
20090812,15
20090813,22
20090814,25
20090815,9
20090816,1
20090817,17
20090818,23
20090819,29
20090820,18
20090821,27
20090822,10
20090823,4
20090824,20
20090825,16
20090826,19
20090827,28
20090828,21
20090829,7
20090830,3
20090831,16
20090901,22
20090902,22
20090903,17
20090904,13
20090905,7
20090906,2
20090907,10
20090908,13
20090909,17
20090910,14
20090911,15
20090912,2
20090913,4
20090914,10
20090915,15
20090916,30
20090917,12
20090918,13
20090919,8
20090920,1
20090921,14
20090922,12
20090923,11
20090924,17
20090925,13
20090926,5
20090927,2
20090928,16
20090929,14
20090930,13
20091001,11
20091002,14
20091003,9
20091004,8
20091005,10
20091006,29
20091007,26
20091008,16
20091009,13
20091010,4
20091011,5
20091012,11
20091013,9
20091014,23
20091015,22
20091016,32
20091017,9
20091018,4
20091019,22
20091020,17
20091021,29
20091022,30
20091023,18
20091024,4
20091025,6
20091026,18
20091027,30
20091028,37
20091029,39
20091030,39
20091031,10
20091101,6
20091102,17
20091103,22
20091104,29
20091105,28
20091106,44
20091107,10
20091108,7
20091109,27
20091110,31
20091111,21
20091112,18
20091113,17
20091114,7
20091115,7
20091116,20
20091117,20
20091118,22
20091119,23
20091120,20
20091121,2
20091122,4
20091123,15
20091124,24
20091125,30
20091126,13
20091127,18
20091128,6
20091129,5
20091130,18
20091201,17
20091202,12
20091203,20
20091204,21
20091205,8
20091206,3
20091207,22
20091208,22
20091209,24
20091210,14
20091211,21
20091212,2
20091213,3
20091214,14
20091215,12
20091216,16
20091217,20
20091218,28
20091219,6
20091220,5
20091221,20
20091222,21
20091223,12
20091224,10
20091226,1
20091228,10
20091229,5
20091230,10
20091231,14
20100101,4
20100102,10
20100103,5
20100104,16
20100105,4
20100106,13
20100107,16
20100108,23
20100109,9
20100110,2
20100111,21
20100112,17
20100113,25
20100114,21
20100115,30
20100116,12
20100117,4
20100118,18
20100119,36
20100120,51
20100121,40
20100122,36
20100123,11
20100124,10
20100125,21
20100126,33
20100127,37
20100128,38
20100129,43
20100130,10
20100131,11
20100201,25
20100202,19
20100203,34
20100204,34
20100205,32
20100206,11
20100207,3
20100208,31
20100209,16
20100210,28
20100211,27
20100212,24
20100213,5
20100214,3
20100215,11
20100216,24
20100217,27
20100218,40
20100219,22
20100220,12
20100221,5
20100222,18
20100223,43
20100224,35
20100225,31
20100226,30
20100227,10
20100228,7
20100301,28
20100302,33
20100303,20
20100304,21
20100305,27
20100306,3
20100307,7
20100308,17
20100309,30
20100310,23
20100311,28
20100312,20
20100313,9
20100314,9
20100315,11
20100316,8
20100317,19
20100318,23
20100319,19
20100320,8
20100321,5
20100322,25
20100323,22
20100324,21
20100325,13
20100326,14
20100327,6
20100328,4
20100329,7
20100330,15
20100331,14
20100401,20
20100402,13
20100403,11
20100404,2
20100405,11
20100406,6
20100407,14
20100408,17
20100409,13
20100410,10
20100411,7
20100412,18
20100413,18
20100414,17
20100415,17
20100416,14
20100417,7
20100418,5
20100419,13
20100420,25
20100421,29
20100422,21
20100423,25
20100424,11
20100425,2
20100426,18
20100427,36
20100428,38
20100429,33
20100430,31
20100501,11
20100502,4
20100503,19
20100504,23
20100505,21
20100506,27
20100507,27
20100508,14
20100509,3
20100510,22
20100511,32
20100512,25
20100513,20
20100514,20
20100515,18
20100516,2
20100517,15
20100518,22
20100519,16
20100520,20
20100521,33
20100522,10
20100523,4
20100524,20
20100525,16
20100526,21
20100527,18
20100528,25
20100529,11
20100530,1
20100531,10
20100601,22
20100602,20
20100603,21
20100604,28
20100605,9
20100606,2
20100607,23
20100608,21
20100609,36
20100610,31
20100611,28
20100612,12
20100613,9
20100614,23
20100615,18
20100616,33
20100617,26
20100618,36
20100619,9
20100620,8
20100621,28
20100622,31
20100623,39
20100624,21
20100625,33
20100626,15
20100627,2
20100628,29
20100629,25
20100630,34
20100701,29
20100702,32
20100703,18
20100704,2
20100705,17
20100706,20
20100707,22
20100708,22
20100709,16
20100710,14
20100711,9
20100712,28
20100713,28
20100714,12
20100715,20
20100716,20
20100717,15
20100718,6
20100719,14
20100720,22
20100721,31
20100722,36
20100723,35
20100724,10
20100725,3
20100726,21
20100727,36
20100728,31
20100729,34
20100730,39
20100731,16
20100801,2
20100802,25
20100803,40
20100804,45
20100805,31
20100806,40
20100807,18
20100808,3
20100809,22
20100810,31
20100811,22
20100812,32
20100813,22
20100814,11
20100815,3
20100816,27
20100817,27
20100818,23
20100819,18
20100820,17
20100821,22
20100822,3
20100823,26
20100824,28
20100825,22
20100826,28
20100827,27
20100828,8
20100829,6
20100830,13
20100831,25
20100901,21
20100902,24
20100903,10
20100904,13
20100905,6
20100906,10
20100907,18
20100908,20
20100909,23
20100910,12
20100911,13
20100912,3
20100913,21
20100914,22
20100915,20
20100916,20
20100917,19
20100918,16
20100919,3
20100920,19
20100921,21
20100922,9
20100923,20
20100924,25
20100925,11
20100926,5
20100927,22
20100928,19
20100929,13
20100930,29
20101001,30
20101002,14
20101003,6
20101004,31
20101005,25
20101006,16
20101007,14
20101008,28
20101009,7
20101010,3
20101011,25
20101012,26
20101013,22
20101014,19
20101015,17
20101016,8
20101017,8
20101018,20
20101019,29
20101020,33
20101021,43
20101022,34
20101023,18
20101024,5
20101025,28
20101026,31
20101027,36
20101028,44
20101029,40
20101030,17
20101031,8
20101101,23
20101102,28
20101103,39
20101104,41
20101105,40
20101106,17
20101107,5
20101108,27
20101109,37
20101110,25
20101111,21
20101112,28
20101113,13
20101114,7
20101115,21
20101116,19
20101117,26
20101118,19
20101119,28
20101120,10
20101121,4
20101122,25
20101123,25
20101124,23
20101125,3
20101126,20
20101127,12
20101128,4
20101129,23
20101130,26
20101201,23
20101202,20
20101203,25
20101204,11
20101205,6
20101206,17
20101207,16
20101208,33
20101209,23
20101210,27
20101211,13
20101212,12
20101213,19
20101214,20
20101215,19
20101216,18
20101217,26
20101218,11
20101219,4
20101220,27
20101221,17
20101222,25
20101223,14
20101224,9
20101225,2
20101226,6
20101227,12
20101228,18
20101229,21
20101230,18
20101231,9
20110102,4
20110103,16
20110104,22
20110105,15
20110106,9
20110107,25
20110108,12
20110109,2
20110110,24
20110111,40
20110112,17
20110113,19
20110114,27
20110115,13
20110116,3
20110117,8
20110118,35
20110119,33
20110120,23
20110121,43
20110122,16
20110123,6
20110124,26
20110125,21
20110126,32
20110127,34
20110128,35
20110129,15
20110130,4
20110131,26
20110201,21
20110202,25
20110203,42
20110204,31
20110205,14
20110206,6
20110207,19
20110208,36
20110209,26
20110210,34
20110211,25
20110212,7
20110213,3
20110214,12
20110215,17
20110216,23
20110217,34
20110218,28
20110219,7
20110220,4
20110221,11
20110222,16
20110223,31
20110224,33
20110225,44
20110226,12
20110227,3
20110228,24
20110301,42
20110302,36
20110303,22
20110304,29
20110305,15
20110306,3
20110307,23
20110308,16
20110309,26
20110310,26
20110311,34
20110312,15
20110313,7
20110314,27
20110315,29
20110316,31
20110317,33
20110318,31
20110319,16
20110320,2
20110321,22
20110322,18
20110323,27
20110324,17
20110325,19
20110326,13
20110327,1
20110328,24
20110329,28
20110330,29
20110331,18
20110401,26
20110402,15
20110403,3
20110404,28
20110405,31
20110406,14
20110407,24
20110408,19
20110409,14
20110410,2
20110411,29
20110412,23
20110413,26
20110414,23
20110415,37
20110416,10
20110417,3
20110418,26
20110419,35
20110420,35
20110421,38
20110422,21
20110423,10
20110424,6
20110425,31
20110426,31
20110427,35
20110428,52
20110429,36
20110430,14
20110501,4
20110502,30
20110503,36
20110504,27
20110505,38
20110506,49
20110507,18
20110508,1
20110509,35
20110510,32
20110511,28
20110512,28
20110513,31
20110514,10
20110515,2
20110516,25
20110517,22
20110518,34
20110519,35
20110520,29
20110521,6
20110522,1
20110523,20
20110524,23
20110525,41
20110526,20
20110527,31
20110528,12
20110529,2
20110530,3
20110531,24
20110601,26
20110602,25
20110603,34
20110604,12
20110605,6
20110606,25
20110607,28
20110608,25
20110609,29
20110610,40
20110611,6
20110612,2
20110613,21
20110614,31
20110615,27
20110616,21
20110617,30
20110618,16
20110619,3
20110620,18
20110621,29
20110622,24
20110623,31
20110624,26
20110625,14
20110626,8
20110627,19
20110628,15
20110629,47
20110630,33
20110701,25
20110702,10
20110703,6
20110704,7
20110705,16
20110706,16
20110707,25
20110708,26
20110709,11
20110710,3
20110711,26
20110712,19
20110713,30
20110714,29
20110715,36
20110716,9
20110717,1
20110718,33
20110719,33
20110720,37
20110721,43
20110722,47
20110723,10
20110724,4
20110725,19
20110726,40
20110727,38
20110728,56
20110729,33
20110730,13
20110731,2
20110801,28
20110802,39
20110803,30
20110804,46
20110805,46
20110806,7
20110807,9
20110808,42
20110809,43
20110810,33
20110811,32
20110812,27
20110813,10
20110814,2
20110815,20
20110816,22
20110817,25
20110818,14
20110819,29
20110820,13
20110821,4
20110822,18
20110823,28
20110824,32
20110825,35
20110826,32
20110827,15
20110828,4
20110829,30
20110830,27
20110831,37
20110901,38
20110902,32
20110903,14
20110904,4
20110905,7
20110906,31
20110907,35
20110908,50
20110909,34
20110910,12
20110911,8
20110912,42
20110913,27
20110914,19
20110915,48
20110916,41
20110917,14
20110918,4
20110919,46
20110920,30
20110921,23
20110922,29
20110923,25
20110924,12
20110925,5
20110926,38
20110927,23
20110928,22
20110929,25
20110930,45
20111001,17
20111002,6
20111003,23
20111004,33
20111005,28
20111006,32
20111007,18
20111008,12
20111009,2
20111010,27
20111011,31
20111012,29
20111013,17
20111014,27
20111015,12
20111016,3
20111017,27
20111018,41
20111019,36
20111020,46
20111021,41
20111022,12
20111023,3
20111024,30
20111025,27
20111026,48
20111027,47
20111028,46
20111029,15
20111030,6
20111031,44
20111101,34
20111102,41
20111103,40
20111104,51
20111105,13
20111106,6
20111107,35
20111108,37
20111109,38
20111110,54
20111111,43
20111112,11
20111113,3
20111114,28
20111115,51
20111116,32
20111117,41
20111118,43
20111119,20
20111120,5
20111121,27
20111122,37
20111123,34
20111124,13
20111125,29
20111126,12
20111127,4
20111128,22
20111129,23
20111130,25
20111201,31
20111202,35
20111203,16
20111204,4
20111205,23
20111206,31
20111207,25
20111208,31
20111209,25
20111210,13
20111212,19
20111213,24
20111214,35
20111215,26
20111216,27
20111217,5
20111218,3
20111219,35
20111220,38
20111221,21
20111222,21
20111223,22
20111224,10
20111225,2
20111226,3
20111227,21
20111228,23
20111229,15
20111230,31
20111231,6
20120101,4
20120102,5
20120103,34
20120104,33
20120105,26
20120106,32
20120107,12
20120108,3
20120109,39
20120110,38
20120111,33
20120112,33
20120113,30
20120114,19
20120115,5
20120116,9
20120117,39
20120118,32
20120119,38
20120120,39
20120121,11
20120122,6
20120123,31
20120124,33
20120125,35
20120126,37
20120127,41
20120128,12
20120129,8
20120130,30
20120131,46
20120201,43
20120202,54
20120203,35
20120204,12
20120205,10
20120206,27
20120207,35
20120208,59
20120209,49
20120210,37
20120211,15
20120212,1
20120213,29
20120214,41
20120215,32
20120216,39
20120217,39
20120218,8
20120219,4
20120220,8
20120221,32
20120222,42
20120223,33
20120224,40
20120225,11
20120226,2
20120227,33
20120228,30
20120229,45
20120301,34
20120302,17
20120303,4
20120304,8
20120305,35
20120306,37
20120307,42
20120308,29
20120309,29
20120310,2
20120311,12
20120312,37
20120313,38
20120314,28
20120315,33
20120316,30
20120317,7
20120318,10
20120319,32
20120320,17
20120321,30
20120322,21
20120323,38
20120324,4
20120325,11
20120326,19
20120327,40
20120328,26
20120329,56
20120330,26
20120331,3
20120401,12
20120402,37
20120403,38
20120404,35
20120405,29
20120406,11
20120407,4
20120408,4
20120409,39
20120410,40
20120411,33
20120412,24
20120413,34
20120415,13
20120416,21
20120417,22
20120418,31
20120419,46
20120420,29
20120421,2
20120422,13
20120423,41
20120424,46
20120425,29
20120426,48
20120427,39
20120428,2
20120429,7
20120430,30
20120501,39
20120502,37
20120503,40
20120504,38
20120505,5
20120506,9
20120507,32
20120508,38
20120509,35
20120510,48
20120511,73
20120513,17
20120514,73
20120515,61
20120516,49
20120517,41
20120518,30
20120519,3
20120520,7
20120521,36
20120522,32
20120523,37
20120524,47
20120525,34
20120526,4
20120527,2
20120528,12
20120529,25
20120530,34
20120531,42
20120601,26
20120603,10
20120604,30
20120605,32
20120606,34
20120607,30
20120608,28
20120609,4
20120610,11
20120611,37
20120612,33
20120613,51
20120614,35
20120615,40
20120616,2
20120617,5
20120618,29
20120619,43
20120620,28
20120621,22
20120622,18
20120623,1
20120624,8
20120625,18
20120626,20
20120627,30
20120628,52
20120629,38
20120630,5
20120701,7
20120702,21
20120703,23
20120704,10
20120705,21
20120706,21
20120708,5
20120709,33
20120710,38
20120711,30
20120712,36
20120713,54
20120714,4
20120715,4
20120716,24
20120717,36
20120718,37
20120719,37
20120720,22
20120721,5
20120722,7
20120723,29
20120724,39
20120725,53
20120726,67
20120727,32
20120728,3
20120729,10
20120730,46
20120731,45
20120801,36
20120802,52
20120803,51
20120804,5
20120805,7
20120806,35
20120807,42
20120808,47
20120809,45
20120810,33
20120811,6
20120812,12
20120813,42
20120814,42
20120815,34
20120816,35
20120817,26
20120818,2
20120819,9
20120820,33
20120821,26
20120822,22
20120823,36
20120824,23
20120825,6
20120826,7
20120827,39
20120828,37
20120829,38
20120830,38
20120831,38
20120901,2
20120902,5
20120903,10
20120904,29
20120905,28
20120906,38
20120907,30
20120908,2
20120909,5
20120910,33
20120911,24
20120912,28
20120913,20
20120914,23
20120915,4
20120916,11
20120917,30
20120918,30
20120919,27
20120920,25
20120921,21
20120922,4
20120923,9
20120924,28
20120925,30
20120926,23
20120927,34
20120928,35
20120929,1
20120930,13
20121001,39
20121002,26
20121003,35
20121004,31
20121005,40
20121006,1
20121007,14
20121008,26
20121009,24
20121010,28
20121011,23
20121012,38
20121013,4
20121014,13
20121015,30
20121016,34
20121017,37
20121018,63
20121019,54
20121021,4
20121022,341
20121023,35
20121024,43
20121025,51
20121026,46
20121027,3
20121028,12
20121029,25
20121030,33
20121031,43
20121101,50
20121102,38
20121103,2
20121104,12
20121105,31
20121106,40
20121107,37
20121108,51
20121109,48
20121111,18
20121112,30
20121113,35
20121114,24
20121115,34
20121116,25
20121118,14
20121119,34
20121120,46
20121121,90
20121122,17
20121123,20
20121124,1
20121125,8
20121126,34
20121127,23
20121128,34
20121129,34
20121130,22
20121201,3
20121202,5
20121203,22
20121204,22
20121205,31
20121206,30
20121207,44
20121208,4
20121209,14
20121210,31
20121211,21
20121212,21
20121213,35
20121214,35
20121215,3
20121216,8
20121217,25
20121218,29
20121219,39
20121220,45
20121221,35
20121223,12
20121224,8
20121225,8
20121226,22
20121227,18
20121228,21
20121229,4
20121230,12
20121231,11
20130101,8
20130102,13
20130103,23
20130104,18
20130105,2
20130106,11
20130107,20
20130108,40
20130109,19
20130110,21
20130111,27
20130112,1
20130113,9
20130114,38
20130115,19
20130116,30
20130117,40
20130118,33
20130120,4
20130121,26
20130122,35
20130123,46
20130124,51
20130125,41
20130126,3
20130127,10
20130128,23
20130129,43
20130130,38
20130131,49
20130201,20
20130202,1
20130203,8
20130204,11
20130205,12
20130206,11
20130207,23
20130208,11
20130209,2
20130210,4
20130211,9
20130212,14
20130213,12
20130214,24
20130215,11
20130216,1
20130217,1
20130218,9
20130219,9
20130220,9
20130221,10
20130222,3
20130225,1
20130226,5
20130227,8
20130228,5
20130301,39
20130302,1
20130303,10
20130304,30
20130305,33
20130306,35
20130307,37
20130308,38
20130309,2
20130310,11
20130311,26
20130312,29
20130313,28
20130314,31
20130315,23
20130316,2
20130317,9
20130318,27
20130319,26
20130320,33
20130321,36
20130322,33
20130324,13
20130325,31
20130326,29
20130327,27
20130328,34
20130329,22
20130330,3
20130331,6
20130401,23
20130402,22
20130403,21
20130404,25
20130405,28
20130406,1
20130407,14
20130408,32
20130409,30
20130410,31
20130411,20
20130412,30
20130414,8
20130415,28
20130416,29
20130417,30
20130418,49
20130419,27
20130420,2
20130421,6
20130422,28
20130423,47
20130424,54
20130425,36
20130426,29
20130427,4
20130428,15
20130429,38
20130430,49
20130501,32
20130502,30
20130503,32
20130504,3
20130505,14
20130506,38
20130507,49
20130508,42
20130509,38
20130510,42
20130511,3
20130512,13
20130513,26
20130514,42
20130515,29
20130516,36
20130517,29
20130518,3
20130519,9
20130520,35
20130521,31
20130522,30
20130523,51
20130524,31
20130525,3
20130526,3
20130527,12
20130528,21
20130529,74
20130530,35
20130531,28
20130601,3
20130602,16
20130603,33
20130604,20
20130605,31
20130606,32
20130607,29
20130608,1
20130609,9
20130610,23
20130611,35
20130612,34
20130613,35
20130614,31
20130615,2
20130616,7
20130617,25
20130618,3
20130619,33
20130620,22
20130621,32
20130622,4
20130623,10
20130624,30
20130625,24
20130626,32
20130627,31
20130628,39
20130629,5
20130630,6
20130701,25
20130702,24
20130703,23
20130704,11
20130705,27
20130706,1
20130707,14
20130708,21
20130709,32
20130710,28
20130711,22
20130712,39
20130713,2
20130714,8
20130715,30
20130716,26
20130717,27
20130718,40
20130719,34
20130721,16
20130722,23
20130723,30
20130724,40
20130725,49
20130726,37
20130727,2
20130728,8
20130729,35
20130730,54
20130731,41
20130801,57
20130802,34
20130803,2
20130804,11
20130805,32
20130806,35
20130807,49
20130808,50
20130809,36
20130810,1
20130811,14
20130812,25
20130813,35
20130814,35
20130815,33
20130816,25
20130817,2
20130818,14
20130819,32
20130820,49
20130821,39
20130822,23
20130823,26
20130824,2
20130825,6
20130826,23
20130827,24
20130828,34
20130829,39
20130830,31
20130831,3
20130901,3
20130902,13
20130903,33
20130904,31
20130905,31
20130906,33
20130907,3
20130908,11
20130909,36
20130910,26
20130911,27
20130912,30
20130913,20
20130914,5
20130915,9
20130916,44
20130917,31
20130918,35
20130919,30
20130920,34
20130921,2
20130922,11
20130923,31
20130924,26
20130925,33
20130926,23
20130927,31
20130928,4
20130929,12
20130930,30
20131001,28
20131002,22
20131003,32
20131004,26
20131005,2
20131006,13
20131007,27
20131008,26
20131009,29
20131010,29
20131011,37
20131012,6
20131013,13
20131014,31
20131015,22
20131016,40
20131017,24
20131018,32
20131019,3
20131020,7
20131021,27
20131022,37
20131023,39
20131024,48
20131025,46
20131026,1
20131027,10
20131028,38
20131029,56
20131030,40
20131031,35
20131101,44
20131102,4
20131103,16
20131104,28
20131105,35
20131106,44
20131107,48
20131108,38
20131109,2
20131110,11
20131111,30
20131112,31
20131113,51
20131114,38
20131115,27
20131117,16
20131118,27
20131119,31
20131120,32
20131121,40
20131122,30
20131123,6
20131124,10
20131125,32
20131126,35
20131127,31
20131128,15
20131129,13
20131130,5
20131201,7
20131202,27
20131203,37
20131204,29
20131205,48
20131206,31
20131207,2
20131208,13
20131209,33
20131210,41
20131211,41
20131212,27
20131213,23
20131214,2
20131215,18
20131216,35
20131217,31
20131218,28
20131219,26
20131220,46
20131221,2
20131222,9
20131223,35
20131224,10
20131225,7
20131226,21
20131227,16
20131228,2
20131229,4
20131230,16
20131231,13
20140101,7
20140102,29
20140103,22
20140104,1
20140105,9
20140106,28
20140107,26
20140108,30
20140109,50
20140110,37
20140111,3
20140112,6
20140113,29
20140114,33
20140115,23
20140116,30
20140117,37
20140118,4
20140119,10
20140120,26
20140121,35
20140122,28
20140123,36
20140124,27
20140125,2
20140126,13
20140127,41
20140128,43
20140129,38
20140130,48
20140131,38
20140201,2
20140202,8
20140203,34
20140204,49
20140205,39
20140206,54
20140207,31
20140208,1
20140209,8
20140210,31
20140211,51
20140212,38
20140213,55
20140214,41
20140215,5
20140216,5
20140217,12
20140218,44
20140219,50
20140220,35
20140221,37
20140222,3
20140223,18
20140224,36
20140225,40
20140226,50
20140227,55
20140228,42
20140301,3
20140302,12
20140303,40
20140304,42
20140305,33
20140306,32
20140307,37
20140308,7
20140309,12
20140310,36
20140311,41
20140312,39
20140313,41
20140314,32
20140315,3
20140316,13
20140317,18
20140318,27
20140319,24
20140320,36
20140321,32
20140323,8
20140324,34
20140325,36
20140326,31
20140327,30
20140328,46
20140329,3
20140330,9
20140331,33
20140401,29
20140402,29
20140403,26
20140404,30
20140405,1
20140406,9
20140407,30
20140408,45
20140409,38
20140410,37
20140411,37
20140412,2
20140413,16
20140414,24
20140415,28
20140416,44
20140417,40
20140418,18
20140419,2
20140420,6
20140421,31
20140422,36
20140423,35
20140424,48
20140425,32
20140426,1
20140427,13
20140428,40
20140429,61
20140430,51
20140501,46
20140502,31
20140503,1
20140504,10
20140505,26
20140506,37
20140507,50
20140508,45
20140509,35
20140510,1
20140511,10
20140512,33
20140513,39
20140514,39
20140515,38
20140516,26
20140517,2
20140518,11
20140519,12
20140520,32
20140521,29
20140522,29
20140523,26
20140524,2
20140525,2
20140526,9
20140527,21
20140528,31
20140529,36
20140530,26
20140531,1
20140601,3
20140602,12
20140603,11
20140604,14
20140605,14
20140606,9
20140608,4
20140609,6
20140610,19
20140611,32
20140612,17
20140613,14
20140614,4
20140615,7
20140616,10
20140617,14
20140618,7
20140619,13
20140620,18
20140621,1
20140622,10
20140623,19
20140624,18
20140625,45
20140626,32
20140627,40
20140628,3
20140629,10
20140630,24
20140701,25
20140702,34
20140703,18
20140704,16
20140705,2
20140706,6
20140707,31
20140708,31
20140709,43
20140710,38
20140711,25
20140712,4
20140713,13
20140714,24
20140715,26
20140716,23
20140717,32
20140718,36
20140719,5
20140720,12
20140721,23
20140722,33
20140723,36
20140724,38
20140725,28
20140726,3
20140727,10
20140728,22
20140729,46
20140730,48
20140731,67
20140801,34
20140802,1
20140803,6
20140804,33
20140805,45
20140806,41
20140807,45
20140808,34
20140809,3
20140810,5
20140811,37
20140812,33
20140813,85
20140814,25
20140815,30
20140816,3
20140817,8
20140818,17
20140819,19
20140820,27
20140821,26
20140822,24
20140823,4
20140824,7
20140825,26
20140826,27
20140827,30
20140828,37
20140829,29
20140830,4
20140831,3
20140901,15
20140902,14
20140903,22
20140904,26
20140905,38
20140906,4
20140907,8
20140908,28
20140909,30
20140910,28
20140911,28
20140912,30
20140913,2
20140914,12
20140915,32
20140916,35
20140917,20
20140918,31
20140919,22
20140920,3
20140921,10
20140922,23
20140923,22
20140924,29
20140925,26
20140926,21
20140927,5
20140928,8
20140929,25
20140930,29
20141001,22
20141002,22
20141003,19
20141004,3
20141005,9
20141006,27
20141007,22
20141008,34
20141009,30
20141010,25
20141011,5
20141012,16
20141013,22
20141014,41
20141015,30
20141016,33
20141017,20
20141018,4
20141019,7
20141020,28
20141021,29
20141022,27
20141023,43
20141024,41
20141025,2
20141026,13
20141027,43
20141028,49
20141029,43
20141030,51
20141031,44
20141101,1
20141102,11
20141103,27
20141104,52
20141105,45
20141106,53
20141107,46
20141108,4
20141109,5
20141110,39
20141111,26
20141112,31
20141113,39
20141114,33
20141115,6
20141116,11
20141117,20
20141118,22
20141119,37
20141120,27
20141121,25
20141122,1
20141123,17
20141124,29
20141125,35
20141126,21
20141127,12
20141128,23
20141129,5
20141130,15
20141201,21
20141202,35
20141203,39
20141204,38
20141205,28
20141206,3
20141207,17
20141208,46
20141209,44
20141210,35
20141211,37
20141212,24
20141213,1
20141214,13
20141215,21
20141216,29
20141217,24
20141218,27
20141219,28
20141220,4
20141221,14
20141222,27
20141223,19
20141224,12
20141225,6
20141226,14
20141227,3
20141228,6
20141229,24
20141230,13
20141231,25
20150101,5
20150102,24
20150103,3
20150104,10
20150105,33
20150106,18
20150107,19
20150108,35
20150109,24
20150110,2
20150111,4
20150112,27
20150113,18
20150114,30
20150115,35
20150116,26
20150117,1
20150118,4
20150119,14
20150120,31
20150121,20
20150122,48
20150123,30
20150124,2
20150125,9
20150126,15
20150127,34
20150128,32
20150129,36
20150130,28
20150131,5
20150201,16
20150202,28
20150203,37
20150204,44
20150205,62
20150206,24
20150207,4
20150208,12
20150209,28
20150210,30
20150211,38
20150212,63
20150213,32
20150214,1
20150215,7
20150216,12
20150217,36
20150218,29
20150219,37
20150220,26
20150221,2
20150222,13
20150223,26
20150224,35
20150225,28
20150226,40
20150227,39
20150228,4
20150301,13
20150302,37
20150303,38
20150304,38
20150305,28
20150306,27
20150307,11
20150308,14
20150309,40
20150310,35
20150311,36
20150312,40
20150313,19
20150314,10
20150315,18
20150316,35
20150317,35
20150318,28
20150319,40
20150320,32
20150321,9
20150322,17
20150323,30
20150324,31
20150325,38
20150326,43
20150327,40
20150328,14
20150329,6
20150330,31
20150331,32
20150401,37
20150402,28
20150403,24
20150404,1
20150405,10
20150406,28
20150407,25
20150408,28
20150409,32
20150410,26
20150411,13
20150412,17
20150413,24
20150414,27
20150415,34
20150416,35
20150417,31
20150418,1
20150419,14
20150420,27
20150421,29
20150422,33
20150423,51
20150424,31
20150425,5
20150426,9
20150427,33
20150428,46
20150429,63
20150430,69
