20050114,1
20050118,1
20050223,3
20050224,2
20050303,1
20050318,1
20050415,1
20050418,1
20050421,1
20050429,1
20050503,2
20050506,1
20050512,1
20050515,1
20050516,1
20050517,4
20050518,3
20050607,1
20050610,1
20050614,1
20050616,1
20050622,2
20050712,1
20050713,1
20050804,1
20050805,1
20050814,1
20050815,2
20050816,4
20050817,2
20050818,1
20050819,1
20050821,1
20050826,1
20050830,2
20050831,1
20050901,2
20050902,1
20050903,1
20050906,1
20050912,1
20050913,1
20050914,1
20050916,2
20050917,1
20050924,1
20050928,1
20051001,1
20051003,1
20051004,1
20051006,1
20051009,2
20051010,1
20051012,1
20051020,1
20051021,1
20051110,1
20051113,1
20051114,2
20051115,4
20051116,2
20051119,1
20051121,1
20051123,1
20051130,1
20051201,1
20051205,1
20051206,1
20051207,1
20051210,2
20051213,1
20051214,1
20051217,1
20051228,1
20051230,1
20060105,2
20060106,1
20060107,1
20060111,1
20060114,1
20060118,1
20060120,1
20060124,1
20060131,1
20060204,1
20060208,1
20060220,1
20060222,1
20060227,4
20060228,4
20060302,1
20060303,1
20060304,1
20060315,1
20060318,1
20060321,2
20060327,1
20060328,1
20060330,1
20060409,1
20060411,1
20060412,1
20060413,1
20060414,1
20060415,2
20060417,1
20060424,1
20060426,1
20060427,1
20060429,1
20060430,1
20060502,1
20060511,1
20060512,1
20060516,1
20060517,2
20060520,2
20060522,2
20060523,3
20060526,1
20060527,1
20060606,1
20060607,2
20060611,1
20060613,1
20060617,1
20060622,2
20060629,1
20060712,1
20060724,1
20060727,1
20060731,1
20060805,1
20060807,1
20060815,2
20060817,1
20060819,1
20060820,1
20060821,5
20060822,8
20060823,2
20060824,2
20060825,1
20060826,2
20060827,1
20060830,1
20060831,1
20060919,1
20060922,1
20060925,1
20060926,2
20060927,3
20060930,1
20061007,2
20061010,1
20061012,1
20061016,1
20061017,1
20061104,1
20061107,1
20061113,2
20061114,2
20061116,1
20061117,1
20061119,1
20061120,4
20061121,4
20061125,2
20061127,1
20061128,1
20061129,1
20061202,1
20061205,1
20061209,1
20061214,1
20061218,1
20061219,1
20061220,1
20061223,1
20070103,3
20070104,4
20070105,1
20070120,1
20070125,2
20070131,1
20070201,1
20070212,4
20070213,2
20070217,1
20070220,3
20070221,1
20070223,5
20070224,2
20070228,1
20070301,1
20070303,1
20070313,1
20070318,1
20070319,1
20070415,1
20070418,1
20070420,3
20070424,1
20070425,2
20070428,1
20070510,1
20070515,3
20070516,1
20070519,2
20070521,4
20070522,2
20070601,1
20070608,1
20070611,1
20070616,1
20070619,1
20070620,1
20070627,2
20070702,1
20070712,1
20070713,1
20070718,1
20070727,1
20070731,1
20070806,2
20070807,1
20070814,1
20070819,1
20070820,6
20070821,2
20070824,1
20070915,1
20070925,3
20070926,5
20070929,1
20070930,1
20071001,1
20071004,1
20071006,1
20071010,1
20071022,1
20071030,1
20071109,2
20071114,1
20071116,1
20071119,5
20071120,2
20071126,1
20071219,1
20071221,1
20080102,1
20080109,1
20080111,1
20080117,1
20080119,1
20080123,1
20080130,1
20080201,1
20080212,1
20080225,6
20080226,3
20080227,1
20080229,1
20080312,1
20080318,3
20080415,1
20080424,1
20080429,1
20080501,1
20080502,2
20080503,1
20080518,1
20080519,6
20080520,5
20080521,2
20080527,1
20080529,2
20080530,1
20080602,1
20080605,1
20080607,1
20080625,3
20080626,1
20080701,1
20080707,2
20080708,1
20080709,1
20080711,1
20080712,1
20080714,1
20080726,1
20080731,1
20080815,2
20080818,4
20080819,1
20080820,1
20080821,1
20080823,1
20080827,1
20080829,1
20080903,1
20080914,1
20080922,1
20080923,2
20080925,1
20080930,1
20081002,1
20081007,1
20081013,1
20081014,1
20081018,1
20081025,1
20081029,1
20081030,1
20081103,1
20081107,1
20081117,5
20081118,4
20081119,1
20081203,1
20081212,1
20081223,1
20090104,1
20090105,1
20090115,1
20090121,1
20090218,1
20090220,2
20090221,2
20090222,1
20090224,1
20090225,1
20090226,3
20090227,1
20090301,1
20090330,1
20090403,1
20090408,1
20090421,1
20090423,1
20090428,1
20090506,1
20090508,1
20090517,1
20090518,4
20090519,8
20090520,5
20090525,1
20090529,1
20090601,1
20090603,1
20090605,2
20090606,1
20090612,1
20090616,1
20090622,1
20090623,1
20090626,1
20090713,1
20090817,3
20090818,3
20090819,1
20090821,1
20090824,1
20090826,1
20090827,1
20090901,1
20090914,1
20090918,1
20090923,1
20091011,1
20091014,1
20091015,1
20091018,1
20091021,1
20091103,1
20091109,1
20091116,3
20091117,1
20091118,1
20091128,1
20091201,3
20091203,1
20091208,1
20091212,1
20091217,1
20091221,1
20091223,1
20100107,1
20100119,1
20100208,1
20100212,1
20100222,3
20100223,1
20100224,1
20100225,1
20100301,1
20100305,2
20100310,1
20100318,1
20100320,1
20100327,2
20100331,1
20100405,1
20100410,1
20100413,1
20100415,1
20100420,1
20100424,1
20100426,2
20100504,1
20100515,1
20100516,1
20100517,1
20100518,5
20100519,2
20100521,2
20100523,1
20100525,2
20100611,1
20100620,1
20100622,2
20100623,1
20100628,1
20100701,1
20100707,1
20100708,1
20100709,1
20100711,1
20100713,1
20100723,1
20100725,1
20100727,1
20100728,2
20100729,2
20100806,1
20100809,2
20100810,1
20100811,1
20100813,2
20100816,4
20100817,5
20100818,1
20100819,1
20100823,1
20100826,1
20100907,1
20100908,1
20100914,2
20100918,1
20100924,1
20100926,1
20101001,2
20101004,1
20101018,2
20101022,1
20101101,1
20101103,1
20101112,1
20101114,1
20101115,1
20101116,4
20101117,1
20101118,2
20101201,1
20101202,3
20101207,3
20101208,1
20101213,1
20101222,1
20101226,1
20101228,1
20110128,3
20110131,1
20110207,1
20110215,2
20110216,1
20110218,1
20110220,1
20110222,2
20110223,3
20110224,2
20110314,3
20110315,1
20110329,1
20110331,1
20110404,3
20110413,1
20110414,1
20110418,1
20110419,1
20110427,4
20110428,1
20110513,1
20110516,10
20110517,1
20110518,2
20110519,1
20110520,1
20110523,1
20110524,1
20110525,1
20110614,2
20110616,1
20110617,1
20110624,1
20110625,1
20110627,1
20110628,1
20110707,1
20110712,1
20110718,3
20110720,1
20110808,1
20110810,3
20110812,3
20110814,2
20110815,3
20110816,2
20110817,2
20110819,1
20110822,4
20110823,1
20110825,2
20110827,1
20110829,2
20110830,2
20110831,1
20110901,1
20110902,1
20110904,1
20110906,2
20110909,2
20110912,2
20110914,2
20110923,1
20111004,2
20111007,1
20111008,1
20111009,1
20111013,1
20111018,1
20111021,2
20111022,1
20111026,1
20111028,1
20111101,1
20111105,1
20111108,1
20111109,1
20111114,9
20111115,6
20111116,2
20111121,1
20111123,2
20111128,2
20111130,1
20111213,2
20111214,1
20111215,4
20111219,2
20111220,1
20111228,1
20111229,6
20120105,2
20120109,2
20120110,1
20120118,1
20120120,1
20120127,1
20120213,2
20120214,1
20120215,2
20120220,1
20120221,2
20120222,2
20120225,1
20120227,3
20120229,1
20120301,2
20120302,1
20120307,1
20120313,1
20120315,1
20120320,1
20120321,1
20120322,2
20120406,1
20120410,1
20120419,1
20120423,1
20120504,1
20120510,1
20120515,2
20120518,2
20120520,1
20120521,7
20120522,2
20120524,1
20120606,2
20120611,2
20120621,1
20120622,1
20120625,2
20120626,1
20120702,1
20120705,1
20120710,1
20120711,1
20120713,1
20120716,1
20120719,1
20120720,1
20120725,1
20120726,1
20120730,3
20120731,6
20120801,1
20120805,1
20120806,1
20120807,1
20120808,1
20120809,2
20120813,1
20120814,1
20120815,1
20120816,1
20120817,2
20120818,1
20120820,5
20120821,1
20120822,1
20120824,2
20120828,1
20120904,1
20120905,3
20120913,1
20120916,1
20120917,3
20120918,2
20120920,1
20120926,1
20121004,1
20121005,1
20121010,1
20121017,1
20121018,3
20121019,1
20121022,1
20121023,2
20121029,2
20121030,6
20121031,4
20121102,2
20121106,3
20121107,1
20121109,1
20121112,1
20121113,1
20121114,1
20121116,1
20121119,8
20121120,1
20121121,1
20121127,1
20121128,2
20121130,1
20121202,1
20121204,1
20121212,1
20121214,3
20121221,1
20121224,1
20121227,2
20121228,2
20130101,1
20130108,1
20130117,1
20130120,1
20130121,1
20130201,1
20130204,1
20130208,3
20130222,2
20130224,1
20130225,8
20130226,3
20130227,1
20130301,1
20130305,1
20130307,2
20130308,1
20130319,1
20130321,1
20130325,2
20130327,1
20130328,1
20130404,1
20130411,1
20130412,3
20130423,1
20130503,1
20130504,1
20130515,2
20130517,1
20130519,2
20130520,1
20130521,4
20130522,9
20130524,1
20130527,1
20130531,1
20130603,1
20130604,2
20130606,1
20130607,1
20130611,3
20130613,1
20130617,3
20130620,1
20130627,4
20130628,1
20130704,2
20130709,2
20130710,1
20130711,2
20130716,1
20130717,1
20130718,1
20130722,1
20130806,1
20130812,1
20130813,1
20130814,1
20130815,1
20130816,1
20130818,1
20130821,8
20130822,1
20130823,2
20130825,1
20130828,1
20130830,1
20130905,2
20130911,1
20130926,1
20131001,1
20131007,2
20131017,1
20131018,1
20131025,2
20131028,1
20131029,1
20131030,1
20131113,1
20131117,1
20131119,2
20131120,8
20131121,1
20131126,1
20131129,1
20131205,2
20131218,1
20140110,1
20140118,1
20140129,1
20140203,1
20140212,3
20140217,1
20140219,1
20140220,1
20140221,1
20140224,2
20140225,2
20140226,5
20140227,1
20140228,1
20140303,1
20140304,1
20140306,1
20140307,1
20140313,1
20140314,1
20140317,1
20140328,2
20140403,2
20140404,3
20140410,1
20140412,1
20140416,1
20140417,2
20140418,1
20140422,1
20140427,1
20140509,1
20140512,1
20140514,2
20140520,1
20140521,5
20140530,2
20140602,1
20140608,1
20140611,1
20140617,1
20140618,3
20140619,1
20140622,1
20140623,1
20140630,1
20140701,2
20140703,1
20140710,1
20140716,1
20140718,1
20140720,1
20140721,2
20140728,1
20140806,1
20140808,1
20140810,1
20140813,1
20140818,1
20140819,3
20140820,7
20140821,2
20140825,1
20140901,1
20140917,1
20140929,2
20141028,5
20141030,1
20141031,1
20141103,1
20141106,1
20141118,2
20141119,6
20141120,1
20141124,1
20141125,1
20141128,1
20141201,2
20141212,1
20141215,1
20141216,1
20141222,3
20141224,1
20150120,1
20150121,2
20150125,1
20150126,1
20150203,2
20150206,1
20150209,1
20150210,1
20150212,1
20150223,1
20150224,2
20150225,6
20150226,1
20150305,1
20150410,1
20150413,1
20150429,2
20150430,2
