20050107,1
20050120,2
20050124,1
20050125,1
20050128,1
20050131,1
20050203,1
20050207,1
20050209,1
20050216,1
20050223,1
20050301,1
20050310,1
20050328,1
20050329,1
20050330,1
20050331,1
20050405,2
20050408,1
20050412,1
20050414,1
20050415,1
20050419,1
20050420,1
20050426,2
20050427,2
20050504,2
20050509,1
20050511,2
20050519,1
20050527,1
20050617,1
20050620,1
20050621,2
20050623,2
20050629,2
20050701,3
20050705,1
20050712,1
20050715,1
20050718,1
20050719,1
20050721,1
20050726,1
20050727,2
20050804,1
20050810,1
20050816,1
20050901,4
20050902,1
20050906,1
20050916,1
20050922,1
20050923,1
20050926,1
20050927,1
20050929,1
20051003,2
20051006,1
20051008,1
20051010,1
20051024,1
20051101,1
20051104,1
20051117,1
20051125,1
20051206,1
20051208,1
20051213,1
20051219,1
20051220,3
20051221,1
20051227,2
20051230,1
20051231,1
20060103,1
20060117,1
20060130,1
20060131,1
20060202,1
20060206,2
20060209,1
20060211,1
20060213,1
20060214,1
20060217,1
20060222,1
20060227,1
20060307,1
20060308,1
20060316,1
20060321,1
20060323,1
20060325,1
20060403,1
20060412,2
20060422,1
20060425,1
20060426,2
20060501,1
20060504,1
20060508,2
20060522,1
20060523,1
20060525,3
20060526,2
20060527,2
20060530,1
20060603,1
20060612,1
20060613,1
20060620,1
20060623,1
20060627,1
20060628,1
20060701,1
20060703,1
20060706,1
20060714,1
20060717,1
20060718,3
20060719,1
20060722,1
20060726,1
20060728,1
20060801,1
20060803,1
20060822,1
20060906,1
20060908,1
20060916,2
20060918,2
20060919,1
20060922,2
20060925,1
20061002,1
20061009,1
20061011,1
20061012,1
20061014,1
20061016,1
20061027,1
20061030,1
20061101,1
20061102,2
20061106,1
20061108,1
20061109,1
20061114,1
20061115,1
20061122,1
20061125,1
20061127,1
20061128,2
20061202,1
20061205,1
20061206,1
20061208,1
20061218,1
20061220,2
20061223,1
20061226,2
20070101,1
20070102,1
20070105,1
20070109,2
20070116,2
20070118,1
20070119,1
20070123,1
20070124,1
20070130,1
20070131,1
20070202,1
20070210,1
20070212,1
20070222,1
20070301,1
20070313,1
20070314,1
20070315,2
20070324,1
20070326,1
20070411,1
20070416,1
20070426,1
20070502,1
20070503,1
20070504,1
20070510,1
20070514,1
20070515,1
20070524,1
20070526,1
20070528,1
20070604,1
20070609,1
20070611,1
20070612,1
20070622,1
20070623,1
20070628,1
20070629,1
20070703,1
20070726,1
20070728,1
20070802,1
20070820,1
20070830,1
20070913,1
20070921,1
20070922,1
20070924,1
20070925,1
20070926,1
20071025,1
20071031,1
20071106,1
20071107,1
20071108,1
20071109,1
20071110,1
20071116,1
20071117,1
20071124,1
20071126,1
20071127,1
20071203,1
20071205,1
20071214,1
20071217,1
20071219,1
20071220,2
20071221,1
20071225,1
20071226,3
20071228,1
20080117,2
20080126,1
20080131,1
20080201,1
20080206,1
20080208,1
20080211,1
20080212,3
20080221,1
20080226,1
20080303,1
20080317,1
20080319,1
20080320,1
20080326,1
20080328,1
20080331,2
20080402,1
20080428,1
20080429,4
20080430,1
20080501,1
20080503,1
20080514,1
20080529,1
20080530,1
20080602,1
20080610,2
20080611,1
20080612,1
20080623,1
20080624,1
20080625,1
20080626,2
20080702,1
20080709,1
20080711,1
20080715,1
20080801,1
20080811,2
20080813,1
20080820,1
20080904,1
20080911,1
20080912,1
20080917,1
20081006,1
20081008,1
20081009,1
20081011,1
20081014,1
20081015,1
20081020,1
20081028,1
20081029,1
20081030,1
20081104,1
20081105,3
20081111,1
20081112,1
20081129,2
20081201,1
20081203,3
20081204,1
20081208,1
20081211,4
20081215,2
20081219,1
20081224,1
20081226,3
20081227,1
20081230,1
20090107,1
20090113,1
20090120,1
20090205,1
20090206,2
20090213,1
20090302,1
20090310,1
20090330,1
20090331,1
20090402,1
20090404,1
20090407,1
20090420,1
20090421,1
20090427,1
20090429,2
20090501,1
20090502,1
20090505,1
20090508,1
20090512,1
20090620,1
20090622,1
20090701,1
20090702,2
20090707,2
20090708,1
20090710,1
20090714,1
20090730,1
20090731,1
20090812,1
20090818,1
20090825,1
20090826,1
20090901,1
20090902,2
20090903,1
20090930,1
20091006,1
20091020,1
20091029,1
20091104,2
20091119,2
20091120,1
20091125,1
20091130,1
20091202,2
20091218,1
20091221,1
20091222,1
20091228,3
20091229,2
20100106,2
20100129,1
20100203,1
20100204,3
20100205,1
20100213,1
20100216,1
20100217,1
20100220,1
20100224,1
20100225,1
20100303,1
20100326,1
20100330,1
20100407,1
20100412,1
20100413,1
20100420,1
20100421,1
20100423,1
20100427,1
20100429,1
20100504,1
20100505,1
20100514,1
20100517,1
20100519,2
20100520,1
20100522,1
20100525,1
20100528,1
20100601,1
20100602,2
20100603,1
20100604,1
20100609,1
20100610,1
20100615,1
20100618,1
20100620,1
20100624,1
20100625,1
20100629,1
20100707,1
20100714,1
20100728,1
20100729,1
20100731,1
20100803,1
20100804,3
20100806,1
20100812,1
20100820,2
20100828,1
20100831,1
20100908,1
20100909,2
20100910,1
20100913,1
20100915,1
20100927,1
20100928,1
20100929,1
20101003,1
20101005,1
20101006,1
20101008,1
20101011,1
20101012,1
20101028,1
20101031,1
20101102,2
20101104,1
20101113,1
20101116,2
20101123,1
20101125,1
20101206,1
20101207,1
20101208,2
20101209,3
20101210,2
20101211,1
20101216,1
20101220,1
20101221,2
20101224,2
20101228,1
20101229,1
20110107,1
20110112,1
20110114,1
20110120,1
20110128,2
20110131,1
20110202,2
20110203,1
20110207,1
20110211,1
20110212,1
20110214,2
20110215,2
20110216,1
20110218,1
20110223,1
20110224,1
20110302,1
20110304,1
20110307,1
20110311,1
20110318,1
20110321,1
20110323,1
20110328,1
20110331,1
20110412,1
20110413,1
20110425,1
20110427,1
20110503,4
20110504,3
20110505,1
20110507,1
20110509,1
20110516,2
20110517,2
20110518,1
20110523,1
20110524,2
20110526,2
20110527,2
20110602,1
20110606,1
20110607,1
20110608,1
20110609,1
20110610,1
20110611,1
20110614,1
20110617,1
20110621,1
20110622,1
20110623,1
20110627,2
20110630,1
20110705,2
20110707,1
20110709,1
20110718,1
20110720,2
20110721,1
20110726,1
20110728,2
20110801,2
20110802,1
20110803,2
20110810,1
20110815,1
20110816,1
20110824,1
20110916,1
20110920,1
20110921,1
20110923,1
20110926,1
20110930,1
20111004,1
20111006,2
20111017,1
20111019,1
20111024,1
20111025,2
20111026,2
20111027,3
20111102,2
20111103,1
20111107,1
20111108,1
20111122,1
20111125,1
20111129,2
20111205,1
20111207,1
20111208,1
20111220,1
20111222,1
20111231,1
20120106,1
20120110,2
20120123,1
20120130,1
20120202,2
20120206,1
20120208,2
20120215,1
20120221,1
20120227,2
20120228,1
20120229,1
20120302,2
20120305,1
20120306,1
20120321,1
20120330,2
20120331,1
20120402,2
20120403,2
20120405,1
20120413,1
20120418,1
20120501,1
20120502,2
20120503,1
20120508,1
20120515,1
20120523,1
20120524,1
20120525,1
20120605,1
20120606,1
20120612,2
20120618,1
20120620,1
20120709,1
20120711,1
20120712,1
20120713,1
20120714,1
20120715,1
20120716,3
20120718,2
20120723,2
20120724,1
20120725,2
20120726,2
20120730,1
20120731,1
20120801,4
20120803,1
20120809,1
20120810,1
20120816,1
20120817,1
20120819,1
20120820,1
20120822,2
20120828,1
20120906,1
20120907,1
20120911,1
20120913,1
20120916,1
20120919,1
20120920,1
20120925,2
20120926,1
20120927,1
20121009,1
20121010,1
20121011,1
20121012,1
20121014,1
20121015,2
20121016,1
20121017,1
20121018,1
20121025,1
20121031,1
20121101,1
20121103,1
20121109,1
20121112,1
20121113,1
20121116,1
20121129,1
20121214,1
20121217,1
20121218,1
20121220,1
20121225,1
20121226,2
20130109,2
20130110,1
20130113,1
20130117,1
20130125,1
20130131,3
20130205,1
20130207,1
20130222,1
20130225,1
20130226,2
20130227,1
20130305,1
20130319,2
20130320,2
20130322,1
20130328,2
20130331,1
20130401,1
20130402,1
20130403,1
20130409,1
20130410,1
20130411,1
20130415,1
20130428,1
20130430,1
20130501,1
20130505,1
20130506,1
20130508,1
20130514,1
20130521,1
20130523,1
20130524,1
20130529,1
20130606,2
20130607,1
20130614,1
20130620,1
20130707,1
20130717,2
20130722,2
20130723,1
20130724,2
20130725,1
20130731,4
20130801,2
20130807,1
20130809,1
20130822,1
20130826,1
20130828,2
20130903,1
20130909,1
20130912,1
20130913,2
20131003,2
20131015,3
20131018,2
20131030,1
20131031,3
20131101,1
20131126,2
20131205,1
20131210,3
20131211,2
20131213,3
20131219,2
20131220,1
20131221,1
20131224,2
20131225,1
20131226,1
20131227,1
20140102,1
20140106,1
20140108,3
20140110,2
20140113,1
20140114,2
20140117,2
20140120,1
20140129,1
20140130,3
20140131,4
20140203,1
20140205,1
20140206,1
20140210,1
20140213,1
20140214,1
20140217,1
20140218,1
20140219,1
20140223,1
20140224,1
20140225,1
20140226,1
20140307,1
20140310,1
20140311,1
20140313,1
20140314,1
20140318,1
20140321,6
20140322,1
20140323,2
20140324,2
20140326,2
20140327,1
20140401,1
20140403,2
20140404,2
20140415,1
20140416,1
20140417,1
20140421,1
20140422,1
20140423,2
20140424,1
20140427,1
20140428,2
20140429,5
20140501,2
20140507,3
20140512,3
20140513,2
20140515,2
20140519,1
20140520,1
20140522,2
20140523,1
20140527,1
20140528,3
20140529,1
20140530,1
20140601,1
20140604,2
20140605,1
20140606,2
20140612,1
20140613,1
20140616,1
20140618,1
20140702,1
20140703,1
20140707,1
20140710,2
20140714,1
20140717,1
20140724,1
20140728,1
20140730,2
20140731,4
20140810,1
20140815,1
20140818,2
20140822,1
20140825,1
20140903,2
20140904,1
20140905,3
20140907,1
20140909,2
20140910,5
20140911,2
20140912,1
20140916,2
20140917,1
20140923,1
20140924,1
20141003,2
20141005,1
20141009,1
20141016,1
20141017,1
20141019,1
20141020,4
20141022,1
20141028,2
20141029,4
20141030,9
20141031,1
20141102,1
20141103,1
20141104,3
20141105,1
20141110,1
20141114,1
20141117,2
20141120,1
20141124,3
20141125,1
20141202,2
20141210,1
20141211,1
20141216,1
20141218,1
20141226,2
20141230,1
20150105,1
20150109,1
20150112,3
20150120,3
20150121,1
20150122,2
20150123,1
20150125,1
20150126,1
20150128,2
20150129,1
20150130,3
20150203,2
20150209,1
20150211,1
20150212,2
20150213,4
20150219,3
20150220,2
20150301,1
20150302,1
20150303,1
20150304,1
20150305,1
20150309,1
20150312,2
20150317,1
20150318,1
20150325,2
20150331,1
20150401,1
20150402,1
20150403,1
20150408,1
20150413,2
20150414,3
20150415,5
20150416,2
20150417,1
20150421,1
20150422,2
20150427,2
20150428,3
20150429,7
20150430,4
