20050106,1
20050111,1
20050112,1
20050116,1
20050118,1
20050124,1
20050125,3
20050126,3
20050127,1
20050128,1
20050131,2
20050203,1
20050204,1
20050207,1
20050208,1
20050209,3
20050211,1
20050214,1
20050215,1
20050217,1
20050221,2
20050222,1
20050223,1
20050225,1
20050228,2
20050302,1
20050311,1
20050314,3
20050321,1
20050324,1
20050408,1
20050411,1
20050413,2
20050419,3
20050422,1
20050425,2
20050426,1
20050427,2
20050428,1
20050502,1
20050503,1
20050504,1
20050509,3
20050510,1
20050518,1
20050519,2
20050523,1
20050525,1
20050526,1
20050531,1
20050606,1
20050607,1
20050613,2
20050614,1
20050622,1
20050627,1
20050705,1
20050708,1
20050710,1
20050712,1
20050718,1
20050721,4
20050722,1
20050728,2
20050729,1
20050802,2
20050804,1
20050808,3
20050810,1
20050811,1
20050815,1
20050817,1
20050823,1
20050824,1
20050826,1
20050830,1
20050901,3
20050903,1
20050906,2
20050908,1
20050909,1
20050913,1
20050915,1
20050916,1
20050917,1
20050919,1
20050920,2
20050921,1
20050922,1
20050928,1
20051006,2
20051014,1
20051017,1
20051018,2
20051021,1
20051026,3
20051027,1
20051031,1
20051101,1
20051109,2
20051111,2
20051112,2
20051116,1
20051121,2
20051123,3
20051125,1
20051128,1
20051130,1
20051206,1
20051207,1
20051209,1
20051210,1
20051212,1
20051216,1
20051219,2
20051223,1
20060106,1
20060110,1
20060111,2
20060112,1
20060118,1
20060119,1
20060123,1
20060125,1
20060126,1
20060127,1
20060128,1
20060131,1
20060209,1
20060210,1
20060213,4
20060215,1
20060217,1
20060218,1
20060219,1
20060221,1
20060223,1
20060301,1
20060303,1
20060313,1
20060314,1
20060315,1
20060316,2
20060320,1
20060322,1
20060324,1
20060325,2
20060329,1
20060331,1
20060403,1
20060405,1
20060408,2
20060411,3
20060412,1
20060413,2
20060418,3
20060419,1
20060422,3
20060424,1
20060427,1
20060501,2
20060502,1
20060504,1
20060509,3
20060510,1
20060512,1
20060513,1
20060515,1
20060518,1
20060519,1
20060522,1
20060524,1
20060526,1
20060531,1
20060607,2
20060608,1
20060609,3
20060613,2
20060620,1
20060621,1
20060622,1
20060623,1
20060627,1
20060628,1
20060703,1
20060707,1
20060708,1
20060711,2
20060715,1
20060717,1
20060718,2
20060724,1
20060725,1
20060728,3
20060729,2
20060731,3
20060802,2
20060804,3
20060805,1
20060807,1
20060808,3
20060809,1
20060812,1
20060814,1
20060821,1
20060824,1
20060825,1
20060826,1
20060830,1
20060831,1
20060901,1
20060902,1
20060912,2
20060913,1
20060916,1
20060918,1
20060920,1
20060921,3
20060922,2
20060925,1
20060927,2
20060928,2
20060929,1
20060930,1
20061002,1
20061004,1
20061005,1
20061009,1
20061011,1
20061012,2
20061013,1
20061016,2
20061017,2
20061019,2
20061020,3
20061023,1
20061024,2
20061030,2
20061101,1
20061102,1
20061108,2
20061109,1
20061110,2
20061111,1
20061113,1
20061120,1
20061130,1
20061201,1
20061202,1
20061203,1
20061206,1
20061208,1
20061212,1
20061214,1
20061221,1
20070104,2
20070105,2
20070106,1
20070111,2
20070117,2
20070118,1
20070122,1
20070125,2
20070128,1
20070129,1
20070130,3
20070131,2
20070201,1
20070202,1
20070208,1
20070214,1
20070224,1
20070226,2
20070301,2
20070303,1
20070305,1
20070306,1
20070308,1
20070309,1
20070310,1
20070314,1
20070319,1
20070321,1
20070331,1
20070403,1
20070405,2
20070406,2
20070407,1
20070410,1
20070411,1
20070413,2
20070414,1
20070416,1
20070419,1
20070420,1
20070421,1
20070422,1
20070425,2
20070427,2
20070428,2
20070430,1
20070503,1
20070504,1
20070507,2
20070509,2
20070511,1
20070516,2
20070521,2
20070525,1
20070602,1
20070604,1
20070609,1
20070611,1
20070614,2
20070615,1
20070619,2
20070622,1
20070626,1
20070627,2
20070629,1
20070702,1
20070703,1
20070706,1
20070709,1
20070710,2
20070713,1
20070715,1
20070716,1
20070717,2
20070718,1
20070724,1
20070725,1
20070726,1
20070727,2
20070731,1
20070801,1
20070802,3
20070803,2
20070806,2
20070807,2
20070809,2
20070817,1
20070823,1
20070824,1
20070825,1
20070828,1
20070829,1
20070831,1
20070901,1
20070905,1
20070911,1
20070912,2
20070913,1
20070914,1
20070915,1
20070917,1
20070918,1
20070919,1
20070928,1
20071001,1
20071004,1
20071005,1
20071011,1
20071013,1
20071016,2
20071017,1
20071019,1
20071020,1
20071025,1
20071026,2
20071027,1
20071106,1
20071108,1
20071113,1
20071114,2
20071115,1
20071117,1
20071119,1
20071121,2
20071123,1
20071126,3
20071201,2
20071204,1
20071206,1
20071207,1
20071210,1
20071213,1
20071224,1
20071227,2
20071228,2
20080103,1
20080104,1
20080105,2
20080107,2
20080108,2
20080109,1
20080112,1
20080117,1
20080123,3
20080126,1
20080128,2
20080129,2
20080130,1
20080131,4
20080202,2
20080204,1
20080208,2
20080211,2
20080212,3
20080214,2
20080215,1
20080222,1
20080225,1
20080226,1
20080227,1
20080228,2
20080229,1
20080301,1
20080304,1
20080306,1
20080308,1
20080310,2
20080311,1
20080312,2
20080313,1
20080315,1
20080317,2
20080325,2
20080328,2
20080329,1
20080402,1
20080405,1
20080408,1
20080410,1
20080411,1
20080412,1
20080414,1
20080415,1
20080416,1
20080417,1
20080418,3
20080419,1
20080422,3
20080424,1
20080425,2
20080429,1
20080501,1
20080502,1
20080507,1
20080508,3
20080509,1
20080512,1
20080519,3
20080520,2
20080522,1
20080523,2
20080528,1
20080531,2
20080606,2
20080607,1
20080609,2
20080610,2
20080614,1
20080618,1
20080619,1
20080701,2
20080702,1
20080707,1
20080709,1
20080716,1
20080717,1
20080718,1
20080719,1
20080721,1
20080722,1
20080724,1
20080728,1
20080804,1
20080805,1
20080806,1
20080808,1
20080809,1
20080811,1
20080813,1
20080814,1
20080815,1
20080818,1
20080819,1
20080820,2
20080822,1
20080823,2
20080826,1
20080827,1
20080903,1
20080905,1
20080906,1
20080908,1
20080909,1
20080910,1
20080913,1
20080916,1
20080924,1
20080925,1
20080926,1
20080927,1
20080929,1
20080930,1
20081001,3
20081002,1
20081009,1
20081011,1
20081018,1
20081020,1
20081021,1
20081023,2
20081027,1
20081030,1
20081107,2
20081110,2
20081118,1
20081119,1
20081125,2
20081126,2
20081205,1
20081206,1
20081209,1
20081210,1
20081216,1
20081219,1
20081222,1
20081226,1
20090105,2
20090107,1
20090112,1
20090114,3
20090126,1
20090127,1
20090206,1
20090207,1
20090209,2
20090210,2
20090213,1
20090216,1
20090217,2
20090220,1
20090223,1
20090227,2
20090303,1
20090305,1
20090309,1
20090310,3
20090316,1
20090317,1
20090319,1
20090321,1
20090325,2
20090326,1
20090406,1
20090408,1
20090421,1
20090423,1
20090427,2
20090430,1
20090501,2
20090502,1
20090504,1
20090509,1
20090513,1
20090514,1
20090520,1
20090521,2
20090526,1
20090527,1
20090529,1
20090601,1
20090603,1
20090604,1
20090605,1
20090608,1
20090609,2
20090612,1
20090617,1
20090630,2
20090702,1
20090709,1
20090713,3
20090714,1
20090715,1
20090717,1
20090722,1
20090723,1
20090724,1
20090726,1
20090804,1
20090806,1
20090810,1
20090811,1
20090813,1
20090819,2
20090904,1
20090909,1
20090910,1
20090914,1
20090922,1
20091007,1
20091022,2
20091023,1
20091029,1
20091103,2
20091107,1
20091109,1
20091113,1
20091116,1
20091202,1
20091203,1
20091208,1
20091209,1
20091210,3
20091211,1
20091215,1
20091216,2
20091218,1
20091231,1
20100105,1
20100107,1
20100111,2
20100114,2
20100115,3
20100119,1
20100121,1
20100122,2
20100123,1
20100128,4
20100201,1
20100203,1
20100204,2
20100205,1
20100208,1
20100209,1
20100210,2
20100217,1
20100224,1
20100226,1
20100227,1
20100301,1
20100308,1
20100309,2
20100318,1
20100319,1
20100323,1
20100324,1
20100329,2
20100330,1
20100409,1
20100414,1
20100415,1
20100421,1
20100423,1
20100426,1
20100427,1
20100429,1
20100504,1
20100505,1
20100510,1
20100511,1
20100512,2
20100513,2
20100517,1
20100520,2
20100523,1
20100524,2
20100603,1
20100604,1
20100608,2
20100611,1
20100614,2
20100615,1
20100624,1
20100628,1
20100629,1
20100702,1
20100707,1
20100709,1
20100711,2
20100712,1
20100713,1
20100724,2
20100728,1
20100729,4
20100730,2
20100808,1
20100809,1
20100810,4
20100812,1
20100813,2
20100814,2
20100816,1
20100818,1
20100820,1
20100824,2
20100825,2
20100828,2
20100831,2
20100901,5
20100902,1
20100903,1
20100906,1
20100907,1
20100908,1
20100909,1
20100910,1
20100914,2
20100923,3
20100924,1
20100927,1
20100928,1
20100930,3
20101001,4
20101002,3
20101005,1
20101006,2
20101008,1
20101009,2
20101011,2
20101013,1
20101017,1
20101018,1
20101019,1
20101020,2
20101021,1
20101022,1
20101026,1
20101027,1
20101029,1
20101030,1
20101031,1
20101103,1
20101104,3
20101109,2
20101111,3
20101115,1
20101118,1
20101122,1
20101123,1
20101124,3
20101125,2
20101127,1
20101130,1
20101201,1
20101205,1
20101206,1
20101207,2
20101209,2
20101210,1
20101214,1
20101215,2
20101216,1
20101221,2
20101227,2
20110103,1
20110104,1
20110110,1
20110112,2
20110113,1
20110114,1
20110118,1
20110119,1
20110120,1
20110124,2
20110125,1
20110127,1
20110130,1
20110202,1
20110203,1
20110204,1
20110207,1
20110208,1
20110210,1
20110212,1
20110215,1
20110216,1
20110218,1
20110223,1
20110305,1
20110307,3
20110308,2
20110309,2
20110310,1
20110323,1
20110328,3
20110330,1
20110331,2
20110401,2
20110402,1
20110404,3
20110407,2
20110411,1
20110414,5
20110418,1
20110419,2
20110420,2
20110421,2
20110428,1
20110429,1
20110502,2
20110509,2
20110516,3
20110518,3
20110520,1
20110524,1
20110525,1
20110526,1
20110530,1
20110602,2
20110603,1
20110608,2
20110610,1
20110614,1
20110618,1
20110622,1
20110623,1
20110624,1
20110625,1
20110627,1
20110629,1
20110701,1
20110711,1
20110712,2
20110716,2
20110718,1
20110721,1
20110722,5
20110723,1
20110725,1
20110726,1
20110727,2
20110728,1
20110730,1
20110731,1
20110801,1
20110808,1
20110815,2
20110816,1
20110817,1
20110818,1
20110819,1
20110820,1
20110825,1
20110827,1
20110901,1
20110907,1
20110909,1
20110912,1
20110914,1
20110915,1
20110916,1
20110919,1
20110922,1
20110928,1
20111003,1
20111006,1
20111011,1
20111012,1
20111017,1
20111021,1
20111023,1
20111102,1
20111107,2
20111110,2
20111115,2
20111121,1
20111123,1
20111201,3
20111206,1
20111208,1
20111209,2
20111213,2
20111214,1
20111220,1
20111221,2
20111229,1
20111230,1
20111231,2
20120103,1
20120111,1
20120112,1
20120121,2
20120123,1
20120124,3
20120125,2
20120127,2
20120128,1
20120131,2
20120202,2
20120208,2
20120214,1
20120222,2
20120224,1
20120225,1
20120227,3
20120229,2
20120307,1
20120308,5
20120316,2
20120319,3
20120320,1
20120322,2
20120323,1
20120328,1
20120330,1
20120401,2
20120404,5
20120409,2
20120410,1
20120416,1
20120417,4
20120420,4
20120423,1
20120425,1
20120426,1
20120430,2
20120503,1
20120506,1
20120508,3
20120509,1
20120511,1
20120515,1
20120518,1
20120531,1
20120604,1
20120605,2
20120607,1
20120608,3
20120610,1
20120612,1
20120613,3
20120617,1
20120620,2
20120712,1
20120714,1
20120715,1
20120717,1
20120720,1
20120722,1
20120723,3
20120727,2
20120801,2
20120802,1
20120805,1
20120808,4
20120809,1
20120810,2
20120816,1
20120821,1
20120822,4
20120824,1
20120828,1
20120829,3
20120830,1
20120903,2
20120904,2
20120905,4
20120907,1
20120911,1
20120912,1
20120913,2
20120914,5
20120917,2
20120921,1
20120927,3
20120928,1
20121002,1
20121003,1
20121006,1
20121008,2
20121010,3
20121012,2
20121019,6
20121020,1
20121021,1
20121023,1
20121024,1
20121026,1
20121028,1
20121029,1
20121030,2
20121031,1
20121101,1
20121105,1
20121108,2
20121109,1
20121113,1
20121115,1
20121116,1
20121120,1
20121125,1
20121128,1
20121129,1
20121202,1
20121203,1
20121204,1
20121206,2
20121207,1
20121209,1
20121210,2
20121211,1
20121212,3
20121213,1
20121218,1
20121219,1
20121223,1
20121231,2
20130101,1
20130102,1
20130107,1
20130108,3
20130109,1
20130110,1
20130113,1
20130116,3
20130122,1
20130123,1
20130124,2
20130125,1
20130128,1
20130129,1
20130130,2
20130203,1
20130206,1
20130207,1
20130208,1
20130211,1
20130212,1
20130213,1
20130214,1
20130215,2
20130217,1
20130221,1
20130226,1
20130303,2
20130306,1
20130307,1
20130308,4
20130312,1
20130314,1
20130315,1
20130318,1
20130320,1
20130325,2
20130327,2
20130402,1
20130404,2
20130410,1
20130414,2
20130415,1
20130419,3
20130421,1
20130422,1
20130424,3
20130425,3
20130426,1
20130429,1
20130430,1
20130501,3
20130503,2
20130508,4
20130509,1
20130510,1
20130514,1
20130516,1
20130523,4
20130524,2
20130528,2
20130529,1
20130603,1
20130610,2
20130621,1
20130624,1
20130628,1
20130708,3
20130709,2
20130711,1
20130712,1
20130715,2
20130716,2
20130721,2
20130722,2
20130723,3
20130724,2
20130727,1
20130728,2
20130730,1
20130731,3
20130801,1
20130803,1
20130805,1
20130808,2
20130813,2
20130814,1
20130819,2
20130820,1
20130822,1
20130826,1
20130827,1
20130829,1
20130902,1
20130903,2
20130904,1
20130908,1
20130909,2
20130910,4
20130912,2
20130918,2
20130923,3
20130926,3
20131001,2
20131004,1
20131007,1
20131009,1
20131011,1
20131014,1
20131015,3
20131018,1
20131020,1
20131021,4
20131022,1
20131024,2
20131028,1
20131030,2
20131105,1
20131107,2
20131108,1
20131112,1
20131113,2
20131114,1
20131115,3
20131118,1
20131119,3
20131120,1
20131124,1
20131125,1
20131127,1
20131129,1
20131204,1
20131209,4
20131210,1
20131211,1
20131212,2
20131213,1
20131215,1
20131217,1
20131225,1
20131226,3
20131227,1
20131229,1
20140101,1
20140103,1
20140105,2
20140107,1
20140109,2
20140112,1
20140113,4
20140114,1
20140115,1
20140120,1
20140121,1
20140122,1
20140123,1
20140202,1
20140203,1
20140204,1
20140206,1
20140207,1
20140210,5
20140212,1
20140217,1
20140218,1
20140223,1
20140225,2
20140226,1
20140310,3
20140313,1
20140314,1
20140316,1
20140317,3
20140318,1
20140319,1
20140320,1
20140321,3
20140324,1
20140325,1
20140326,1
20140402,1
20140403,1
20140404,1
20140408,1
20140409,1
20140410,2
20140416,1
20140417,1
20140418,5
20140420,1
20140421,2
20140422,2
20140424,2
20140425,2
20140429,2
20140505,1
20140506,1
20140507,2
20140508,6
20140509,1
20140511,2
20140520,2
20140521,2
20140522,2
20140526,1
20140528,1
20140529,1
20140531,1
20140605,1
20140608,1
20140609,3
20140611,1
20140613,1
20140620,1
20140623,1
20140624,1
20140625,1
20140630,1
20140704,1
20140721,5
20140722,7
20140723,2
20140724,3
20140725,5
20140727,1
20140728,2
20140729,4
20140730,2
20140731,1
20140801,1
20140804,2
20140805,5
20140806,3
20140807,1
20140808,4
20140811,1
20140812,1
20140818,1
20140819,1
20140820,1
20140821,6
20140822,1
20140824,1
20140825,3
20140826,3
20140827,4
20140828,1
20140829,2
20140901,2
20140902,5
20140903,1
20140905,3
20140909,5
20140910,4
20140915,1
20140916,1
20140917,1
20140918,1
20140922,4
20140923,1
20140924,1
20140926,1
20140929,2
20140930,1
20141006,1
20141007,1
20141008,1
20141009,1
20141015,1
20141016,2
20141020,4
20141021,5
20141022,3
20141023,2
20141027,1
20141029,2
20141030,3
20141031,1
20141102,1
20141103,1
20141106,1
20141110,2
20141111,1
20141112,2
20141113,1
20141114,2
20141118,2
20141123,1
20141125,1
20141203,3
20141204,4
20141208,5
20141209,1
20141210,2
20141211,3
20141212,1
20141214,1
20141215,2
20141219,1
20141223,2
20141224,1
20141228,1
20141229,1
20141230,1
20150102,1
20150104,1
20150105,2
20150106,4
20150107,1
20150115,1
20150121,3
20150122,3
20150123,5
20150125,2
20150126,3
20150128,1
20150129,10
20150130,7
20150201,1
20150202,4
20150203,1
20150205,1
20150209,3
20150210,1
20150212,2
20150213,2
20150217,2
20150218,1
20150219,2
20150224,4
20150226,1
20150301,1
20150302,1
20150303,1
20150304,7
20150305,3
20150309,4
20150310,2
20150311,1
20150313,1
20150316,3
20150317,3
20150318,2
20150320,2
20150324,1
20150325,1
20150326,1
20150327,1
20150330,3
20150331,6
20150401,5
20150402,4
20150403,1
20150405,1
20150406,1
20150407,3
20150408,4
20150409,1
20150410,1
20150415,3
20150416,3
20150417,1
20150420,3
20150421,4
20150422,5
20150423,3
20150424,2
20150427,1
20150428,1
20150429,2
20150430,3
