20050103,3
20050105,5
20050106,11
20050107,9
20050109,1
20050110,3
20050111,4
20050112,8
20050113,10
20050114,5
20050117,8
20050118,3
20050119,5
20050120,5
20050123,1
20050124,7
20050125,6
20050126,12
20050127,11
20050128,9
20050130,1
20050131,12
20050201,4
20050202,5
20050203,4
20050204,2
20050207,1
20050208,6
20050209,7
20050210,2
20050211,12
20050213,1
20050214,5
20050215,3
20050216,5
20050217,2
20050218,4
20050221,3
20050222,2
20050223,5
20050224,5
20050225,6
20050226,1
20050228,6
20050301,2
20050302,5
20050303,9
20050304,1
20050306,2
20050307,6
20050308,6
20050309,6
20050310,8
20050311,9
20050314,7
20050315,1
20050316,8
20050317,5
20050318,9
20050320,1
20050321,11
20050322,9
20050323,2
20050324,5
20050325,2
20050327,2
20050328,7
20050329,8
20050330,4
20050331,8
20050401,5
20050404,2
20050405,6
20050406,4
20050407,3
20050408,1
20050411,10
20050412,5
20050413,3
20050414,9
20050415,3
20050418,4
20050419,6
20050420,1
20050421,3
20050422,5
20050424,1
20050425,12
20050426,5
20050427,2
20050428,13
20050429,10
20050430,1
20050501,1
20050502,2
20050503,3
20050504,6
20050505,8
20050506,3
20050509,2
20050510,5
20050511,9
20050512,5
20050513,10
20050515,3
20050516,11
20050517,6
20050518,6
20050519,4
20050520,5
20050523,12
20050524,5
20050525,3
20050526,6
20050527,2
20050529,1
20050531,10
20050601,1
20050602,6
20050603,2
20050604,1
20050606,9
20050607,7
20050608,6
20050609,5
20050610,2
20050613,4
20050614,4
20050615,4
20050616,4
20050617,2
20050619,1
20050620,2
20050621,3
20050622,3
20050623,5
20050624,6
20050626,2
20050627,1
20050628,6
20050629,5
20050630,7
20050701,2
20050704,2
20050705,5
20050706,6
20050707,7
20050708,2
20050710,1
20050711,5
20050712,3
20050713,3
20050714,4
20050715,5
20050717,1
20050718,10
20050719,7
20050720,7
20050721,12
20050722,10
20050723,1
20050724,1
20050725,8
20050726,2
20050727,3
20050728,9
20050729,3
20050731,1
20050801,3
20050802,5
20050803,11
20050804,6
20050805,7
20050807,1
20050808,6
20050809,3
20050810,5
20050811,4
20050812,5
20050815,3
20050816,5
20050817,7
20050818,6
20050819,4
20050822,3
20050823,3
20050824,4
20050825,10
20050826,7
20050828,1
20050829,5
20050830,4
20050831,5
20050901,4
20050902,3
20050904,1
20050905,2
20050906,5
20050907,5
20050908,8
20050909,4
20050912,8
20050913,7
20050914,8
20050915,10
20050916,6
20050917,3
20050918,1
20050919,6
20050920,8
20050921,5
20050922,6
20050923,6
20050926,8
20050927,7
20050928,8
20050929,7
20050930,3
20051001,2
20051003,5
20051004,7
20051005,6
20051006,4
20051007,3
20051008,1
20051009,2
20051010,1
20051011,7
20051012,7
20051013,8
20051014,8
20051015,4
20051016,1
20051017,9
20051018,3
20051019,5
20051020,5
20051021,4
20051022,2
20051023,2
20051024,8
20051025,5
20051026,5
20051027,3
20051028,8
20051029,4
20051030,1
20051031,7
20051101,11
20051102,8
20051103,8
20051104,5
20051105,3
20051107,7
20051108,5
20051109,12
20051110,9
20051111,6
20051112,4
20051114,4
20051115,6
20051116,8
20051117,6
20051118,8
20051119,5
20051120,2
20051121,8
20051122,6
20051123,4
20051125,7
20051126,3
20051127,1
20051128,2
20051129,6
20051130,7
20051201,5
20051202,5
20051203,5
20051204,1
20051205,2
20051206,11
20051207,10
20051208,5
20051209,3
20051210,4
20051211,1
20051212,10
20051213,6
20051214,7
20051215,8
20051216,7
20051217,6
20051218,2
20051219,6
20051220,7
20051221,6
20051222,6
20051223,8
20051224,4
20051225,1
20051226,1
20051227,1
20051228,2
20051229,7
20051230,3
20051231,1
20060103,5
20060104,11
20060105,13
20060106,8
20060107,2
20060108,1
20060109,5
20060110,2
20060111,4
20060112,5
20060113,2
20060115,1
20060116,1
20060117,2
20060118,2
20060119,3
20060120,5
20060121,2
20060122,1
20060123,4
20060124,8
20060125,7
20060126,11
20060127,14
20060128,6
20060129,1
20060130,9
20060131,1
20060201,5
20060202,6
20060203,3
20060204,2
20060206,2
20060207,5
20060208,7
20060209,3
20060210,6
20060211,2
20060213,16
20060214,9
20060215,10
20060216,8
20060217,5
20060218,2
20060220,2
20060221,2
20060222,7
20060223,5
20060224,7
20060227,7
20060228,3
20060301,8
20060302,6
20060303,7
20060304,5
20060306,1
20060307,3
20060308,6
20060309,10
20060310,7
20060311,5
20060312,1
20060313,3
20060314,6
20060315,10
20060316,5
20060317,2
20060318,2
20060319,1
20060320,8
20060321,11
20060322,13
20060323,13
20060324,10
20060325,3
20060326,2
20060327,4
20060328,5
20060329,8
20060330,7
20060331,7
20060401,2
20060402,1
20060403,6
20060404,2
20060405,11
20060406,17
20060407,3
20060408,3
20060409,1
20060410,2
20060411,7
20060412,4
20060413,6
20060414,3
20060415,1
20060417,8
20060418,8
20060419,10
20060420,10
20060421,9
20060422,4
20060423,1
20060424,8
20060425,5
20060426,8
20060427,10
20060428,12
20060429,6
20060430,1
20060501,6
20060502,6
20060503,12
20060504,9
20060505,11
20060506,5
20060507,2
20060508,4
20060509,5
20060510,5
20060511,6
20060512,11
20060513,2
20060514,1
20060515,8
20060516,4
20060517,9
20060518,5
20060519,5
20060520,1
20060521,1
20060522,7
20060523,6
20060524,8
20060525,5
20060526,8
20060527,2
20060528,1
20060529,1
20060530,3
20060531,8
20060601,6
20060602,7
20060603,2
20060605,3
20060606,7
20060607,6
20060608,5
20060609,3
20060612,5
20060613,7
20060614,4
20060615,10
20060616,10
20060617,6
20060618,2
20060619,16
20060620,4
20060621,12
20060622,7
20060623,5
20060624,4
20060626,14
20060627,7
20060628,5
20060629,5
20060630,4
20060701,3
20060703,1
20060704,2
20060705,3
20060706,7
20060707,8
20060708,1
20060709,1
20060710,4
20060711,3
20060712,10
20060713,9
20060714,5
20060715,1
20060716,1
20060717,6
20060718,5
20060719,8
20060720,12
20060721,11
20060722,5
20060723,3
20060724,4
20060725,4
20060726,7
20060727,8
20060728,9
20060731,4
20060801,5
20060802,8
20060803,6
20060804,6
20060805,1
20060806,3
20060807,4
20060808,8
20060809,7
20060810,2
20060811,3
20060812,1
20060814,6
20060815,4
20060816,4
20060817,2
20060818,7
20060819,6
20060820,1
20060821,2
20060822,6
20060823,7
20060824,5
20060825,3
20060826,2
20060828,6
20060829,4
20060830,5
20060831,10
20060901,5
20060902,1
20060904,1
20060905,4
20060906,2
20060907,10
20060908,6
20060909,1
20060910,1
20060911,4
20060912,8
20060913,2
20060914,10
20060915,6
20060916,4
20060918,4
20060919,1
20060920,4
20060921,8
20060922,6
20060923,2
20060924,1
20060925,4
20060926,1
20060927,5
20060928,3
20060929,5
20060930,1
20061001,1
20061002,1
20061003,3
20061004,10
20061005,10
20061006,6
20061007,1
20061009,4
20061010,2
20061011,2
20061012,12
20061013,7
20061014,4
20061016,4
20061017,5
20061018,7
20061019,10
20061020,5
20061021,4
20061022,1
20061023,10
20061024,3
20061025,7
20061026,9
20061027,13
20061028,3
20061029,1
20061030,1
20061031,5
20061101,5
20061102,8
20061103,9
20061104,3
20061106,8
20061107,8
20061108,6
20061109,7
20061110,4
20061111,1
20061112,1
20061113,4
20061114,2
20061115,9
20061116,13
20061117,3
20061118,3
20061120,5
20061121,5
20061122,2
20061123,1
20061124,2
20061125,4
20061126,1
20061127,7
20061128,11
20061129,3
20061130,7
20061201,6
20061202,1
20061204,2
20061205,4
20061206,1
20061207,5
20061210,1
20061211,1
20061212,3
20061213,2
20061214,1
20061215,3
20061216,1
20061218,1
20061219,1
20061220,3
20061221,4
20061223,1
20061226,1
20061227,2
20061228,3
20061229,3
20061231,2
20070101,2
20070102,3
20070103,6
20070104,6
20070105,2
20070106,1
20070108,10
20070109,3
20070110,7
20070111,9
20070112,5
20070113,3
20070114,1
20070116,5
20070117,9
20070118,6
20070119,4
20070120,3
20070121,1
20070122,5
20070123,7
20070124,5
20070125,8
20070126,10
20070127,5
20070128,2
20070129,7
20070130,2
20070131,7
20070201,7
20070202,11
20070203,2
20070205,4
20070206,4
20070207,5
20070208,7
20070209,2
20070210,6
20070212,3
20070213,2
20070214,7
20070215,4
20070216,7
20070217,3
20070218,2
20070220,3
20070221,7
20070222,8
20070223,7
20070224,3
20070225,2
20070226,4
20070227,3
20070228,3
20070301,8
20070302,5
20070303,6
20070304,1
20070305,5
20070306,6
20070307,8
20070308,11
20070309,2
20070310,1
20070312,3
20070313,1
20070314,8
20070315,10
20070316,7
20070317,1
20070318,1
20070319,6
20070320,4
20070321,2
20070322,8
20070323,4
20070326,6
20070327,9
20070328,5
20070329,3
20070330,1
20070331,2
20070401,1
20070402,4
20070403,4
20070404,4
20070405,8
20070406,2
20070407,1
20070409,2
20070410,3
20070411,5
20070412,9
20070413,3
20070414,2
20070415,1
20070416,9
20070417,1
20070418,7
20070419,11
20070420,8
20070421,2
20070422,1
20070423,6
20070424,5
20070425,4
20070426,10
20070427,10
20070428,5
20070429,2
20070430,7
20070501,7
20070502,3
20070503,5
20070504,11
20070505,8
20070506,1
20070507,6
20070508,6
20070509,8
20070510,5
20070511,3
20070512,1
20070514,7
20070515,4
20070516,9
20070517,13
20070518,16
20070519,6
20070520,2
20070521,7
20070522,6
20070523,5
20070524,6
20070525,3
20070526,1
20070527,1
20070528,1
20070529,9
20070530,13
20070531,11
20070601,5
20070604,3
20070605,8
20070606,7
20070607,8
20070608,6
20070609,3
20070611,8
20070612,7
20070613,4
20070614,3
20070615,2
20070616,2
20070618,8
20070619,12
20070620,5
20070621,4
20070622,4
20070623,1
20070625,4
20070626,2
20070627,6
20070628,5
20070629,2
20070701,1
20070702,2
20070703,6
20070704,4
20070705,4
20070706,7
20070707,2
20070708,1
20070709,9
20070710,9
20070711,8
20070712,7
20070713,6
20070714,2
20070715,1
20070716,6
20070717,9
20070718,9
20070719,10
20070720,12
20070721,2
20070722,1
20070723,2
20070724,6
20070725,9
20070726,7
20070727,8
20070728,2
20070730,6
20070731,4
20070801,6
20070802,6
20070803,4
20070804,1
20070805,1
20070806,4
20070807,7
20070808,2
20070809,7
20070810,4
20070811,1
20070812,2
20070813,3
20070814,6
20070815,6
20070816,6
20070817,2
20070820,3
20070821,6
20070822,3
20070823,8
20070824,4
20070825,1
20070826,1
20070827,5
20070828,3
20070829,3
20070830,7
20070831,6
20070903,1
20070904,8
20070905,8
20070906,5
20070907,4
20070908,1
20070910,7
20070911,5
20070912,6
20070913,6
20070914,5
20070915,3
20070916,2
20070917,17
20070918,17
20070919,9
20070920,6
20070921,7
20070923,2
20070924,15
20070925,11
20070926,13
20070927,8
20070928,3
20070930,1
20071001,7
20071002,7
20071003,8
20071004,8
20071005,9
20071006,1
20071007,1
20071008,8
20071009,10
20071010,4
20071011,3
20071012,3
20071013,2
20071015,5
20071016,5
20071017,8
20071018,8
20071019,8
20071020,1
20071022,13
20071023,9
20071024,9
20071025,11
20071026,21
20071027,6
20071028,1
20071029,10
20071030,6
20071031,6
20071101,7
20071102,4
20071105,6
20071106,5
20071107,12
20071108,7
20071109,4
20071110,1
20071112,9
20071113,7
20071114,7
20071115,4
20071116,4
20071117,1
20071119,1
20071120,5
20071121,5
20071123,3
20071124,1
20071126,6
20071127,4
20071128,3
20071129,2
20071130,2
20071201,1
20071203,1
20071204,4
20071205,6
20071206,2
20071207,5
20071208,1
20071210,4
20071211,13
20071212,4
20071213,6
20071214,8
20071215,2
20071216,1
20071217,1
20071218,3
20071219,6
20071220,7
20071221,4
20071222,1
20071223,1
20071224,1
20071226,2
20071227,3
20071228,4
20071229,2
20071230,1
20071231,6
20080102,4
20080103,2
20080104,3
20080107,9
20080108,9
20080109,8
20080110,5
20080111,5
20080112,1
20080113,1
20080114,8
20080115,8
20080116,10
20080117,7
20080118,12
20080119,1
20080122,4
20080123,8
20080124,15
20080125,12
20080126,4
20080127,1
20080128,9
20080129,6
20080130,7
20080131,5
20080201,32
20080202,12
20080203,1
20080204,26
20080205,24
20080206,15
20080207,14
20080208,12
20080209,4
20080210,2
20080211,16
20080212,22
20080213,12
20080214,8
20080215,5
20080216,3
20080217,1
20080218,1
20080219,7
20080220,12
20080221,11
20080222,11
20080223,1
20080224,1
20080225,11
20080226,6
20080227,12
20080228,16
20080229,9
20080301,2
20080302,1
20080303,6
20080304,5
20080305,6
20080306,11
20080307,10
20080308,3
20080309,1
20080310,7
20080311,8
20080312,7
20080313,9
20080314,10
20080315,2
20080316,1
20080317,9
20080318,10
20080319,9
20080320,6
20080321,2
20080323,1
20080324,4
20080325,6
20080326,7
20080327,2
20080328,3
20080331,8
20080401,5
20080402,5
20080403,6
20080404,5
20080405,2
20080406,1
20080407,13
20080408,9
20080409,7
20080410,16
20080411,9
20080412,2
20080414,5
20080415,5
20080416,5
20080417,12
20080418,7
20080420,4
20080421,9
20080422,3
20080423,9
20080424,10
20080425,10
20080426,4
20080428,3
20080429,4
20080430,12
20080501,6
20080502,11
20080503,7
20080504,6
20080505,27
20080506,16
20080507,11
20080508,11
20080509,5
20080510,2
20080512,8
20080513,8
20080514,11
20080515,10
20080516,11
20080517,1
20080518,2
20080519,12
20080520,14
20080521,9
20080522,10
20080523,14
20080527,5
20080528,18
20080529,7
20080530,6
20080531,1
20080602,3
20080603,4
20080604,15
20080605,16
20080606,9
20080607,3
20080609,12
20080610,8
20080611,8
20080612,13
20080613,10
20080614,2
20080615,1
20080616,5
20080617,5
20080618,6
20080619,9
20080620,4
20080621,3
20080622,1
20080623,4
20080624,4
20080625,4
20080626,11
20080627,6
20080628,1
20080630,5
20080701,3
20080702,8
20080703,11
20080704,1
20080705,1
20080706,1
20080707,8
20080708,8
20080709,10
20080710,7
20080711,2
20080712,1
20080713,3
20080714,12
20080715,6
20080716,6
20080717,9
20080718,15
20080719,4
20080720,1
20080721,11
20080722,9
20080723,10
20080724,9
20080725,9
20080726,1
20080727,1
20080728,4
20080729,3
20080730,8
20080731,9
20080801,3
20080802,2
20080804,5
20080805,3
20080806,10
20080807,6
20080808,2
20080809,1
20080811,7
20080812,2
20080813,7
20080814,7
20080815,2
20080816,1
20080818,2
20080819,2
20080820,5
20080821,5
20080822,4
20080823,1
20080825,2
20080826,5
20080827,1
20080828,7
20080829,3
20080830,4
20080831,2
20080901,2
20080902,8
20080903,7
20080904,6
20080905,3
20080907,1
20080908,5
20080909,4
20080910,7
20080911,3
20080912,6
20080913,1
20080915,1
20080916,5
20080917,5
20080918,7
20080919,2
20080920,3
20080922,4
20080923,10
20080924,5
20080925,8
20080926,6
20080928,1
20080929,4
20080930,4
20081001,5
20081002,7
20081003,7
20081004,2
20081005,1
20081006,1
20081007,3
20081008,3
20081009,7
20081010,4
20081013,6
20081014,5
20081015,3
20081016,6
20081017,6
20081018,1
20081019,2
20081020,3
20081021,4
20081022,3
20081023,7
20081024,8
20081026,2
20081027,10
20081028,8
20081029,5
20081030,4
20081031,8
20081101,1
20081103,2
20081104,2
20081105,8
20081106,7
20081107,7
20081108,3
20081110,4
20081111,5
20081112,2
20081113,6
20081114,4
20081115,1
20081118,5
20081119,6
20081120,6
20081121,4
20081122,1
20081124,2
20081125,2
20081126,2
20081128,3
20081129,2
20081201,2
20081202,1
20081203,3
20081204,4
20081205,5
20081206,1
20081207,1
20081208,4
20081209,3
20081210,1
20081211,3
20081212,2
20081213,1
20081215,2
20081216,3
20081217,5
20081218,1
20081219,1
20081220,2
20081222,3
20081223,4
20081226,2
20081227,1
20081228,1
20081229,1
20081230,2
20081231,2
20090102,9
20090104,1
20090105,4
20090106,2
20090107,8
20090108,5
20090109,6
20090111,1
20090112,4
20090114,9
20090115,5
20090116,8
20090117,1
20090118,1
20090120,3
20090121,3
20090122,10
20090123,12
20090125,1
20090126,5
20090127,5
20090128,4
20090129,3
20090130,1
20090131,1
20090202,5
20090203,4
20090204,2
20090205,4
20090208,1
20090209,1
20090211,2
20090212,2
20090213,6
20090215,1
20090216,1
20090217,10
20090218,3
20090219,3
20090220,1
20090223,3
20090224,5
20090225,4
20090226,2
20090227,2
20090228,3
20090302,2
20090303,4
20090304,3
20090305,4
20090307,1
20090309,2
20090311,3
20090313,1
20090314,4
20090315,1
20090316,3
20090317,2
20090318,5
20090319,9
20090320,1
20090321,1
20090323,1
20090324,3
20090325,4
20090326,4
20090327,1
20090328,1
20090329,1
20090330,3
20090331,2
20090401,9
20090402,5
20090403,4
20090406,9
20090407,5
20090408,9
20090409,5
20090410,1
20090411,1
20090412,1
20090413,5
20090414,5
20090415,5
20090416,2
20090417,5
20090419,1
20090420,7
20090421,9
20090422,7
20090423,3
20090424,8
20090425,4
20090426,1
20090427,5
20090428,3
20090429,5
20090430,8
20090501,3
20090503,1
20090504,3
20090505,3
20090506,5
20090507,4
20090508,7
20090511,6
20090512,8
20090513,4
20090514,4
20090515,5
20090516,2
20090518,2
20090519,2
20090520,4
20090521,6
20090522,1
20090523,1
20090526,7
20090527,5
20090528,6
20090529,4
20090530,2
20090531,1
20090601,7
20090602,13
20090603,7
20090604,6
20090605,2
20090606,1
20090608,1
20090609,3
20090610,5
20090611,3
20090612,5
20090615,12
20090616,4
20090617,4
20090618,10
20090619,5
20090621,2
20090622,3
20090623,4
20090624,4
20090625,2
20090626,4
20090629,2
20090630,4
20090701,2
20090702,3
20090703,1
20090706,1
20090707,4
20090708,1
20090709,5
20090710,1
20090711,1
20090712,2
20090713,4
20090714,2
20090715,6
20090717,8
20090718,1
20090719,2
20090720,1
20090721,3
20090722,10
20090723,5
20090724,12
20090725,3
20090726,1
20090727,6
20090728,4
20090729,10
20090730,16
20090731,5
20090801,1
20090802,2
20090803,6
20090804,2
20090805,1
20090806,7
20090807,1
20090808,2
20090809,2
20090810,4
20090811,2
20090812,4
20090813,7
20090814,6
20090816,1
20090817,3
20090818,2
20090819,2
20090820,3
20090821,3
20090822,1
20090823,2
20090824,2
20090825,8
20090827,4
20090828,5
20090829,1
20090831,3
20090901,3
20090902,3
20090903,5
20090904,3
20090905,1
20090906,1
20090908,5
20090909,6
20090910,2
20090911,4
20090914,9
20090915,5
20090916,3
20090917,5
20090918,4
20090919,1
20090920,1
20090922,1
20090923,6
20090924,7
20090925,3
20090928,6
20090930,6
20091001,4
20091002,1
20091005,2
20091006,4
20091007,2
20091008,8
20091009,3
20091010,1
20091011,1
20091012,10
20091013,3
20091014,5
20091015,5
20091018,1
20091019,6
20091020,8
20091021,7
20091022,9
20091023,10
20091024,5
20091026,6
20091027,2
20091028,6
20091029,3
20091030,8
20091101,2
20091102,1
20091103,5
20091104,5
20091105,9
20091106,3
20091109,5
20091110,1
20091111,4
20091112,4
20091113,2
20091115,1
20091116,4
20091117,4
20091118,2
20091119,4
20091120,3
20091123,6
20091124,4
20091125,6
20091127,2
20091129,1
20091130,2
20091201,4
20091202,3
20091203,4
20091204,2
20091205,1
20091206,2
20091207,6
20091208,2
20091209,1
20091210,7
20091211,3
20091212,1
20091213,1
20091214,4
20091215,7
20091216,4
20091217,6
20091218,3
20091219,2
20091221,3
20091222,7
20091223,6
20091227,1
20091228,5
20091229,6
20091230,5
20091231,7
20100103,1
20100104,2
20100105,7
20100106,6
20100107,6
20100108,4
20100111,3
20100112,3
20100113,8
20100114,11
20100115,4
20100116,1
20100118,1
20100119,6
20100120,10
20100121,11
20100122,5
20100123,1
20100124,1
20100125,6
20100126,8
20100127,6
20100128,12
20100129,4
20100130,2
20100131,4
20100201,7
20100202,3
20100203,4
20100204,5
20100205,3
20100208,5
20100209,4
20100210,9
20100211,4
20100212,5
20100213,2
20100214,1
20100215,3
20100216,2
20100217,6
20100218,8
20100219,3
20100220,1
20100221,4
20100222,2
20100223,13
20100224,12
20100225,6
20100226,6
20100227,1
20100228,2
20100301,8
20100302,4
20100303,7
20100304,7
20100305,2
20100306,1
20100307,2
20100308,5
20100309,10
20100310,2
20100311,6
20100312,4
20100315,7
20100316,5
20100317,3
20100318,7
20100319,4
20100322,4
20100323,5
20100324,4
20100325,3
20100329,3
20100330,1
20100331,4
20100401,3
20100403,2
20100405,1
20100406,6
20100407,3
20100408,3
20100409,2
20100410,1
20100411,1
20100412,5
20100413,3
20100414,2
20100415,4
20100416,2
20100417,4
20100418,1
20100419,1
20100420,4
20100421,6
20100422,9
20100423,5
20100424,1
20100425,1
20100426,3
20100427,2
20100428,7
20100429,8
20100430,2
20100501,2
20100502,3
20100504,3
20100505,9
20100506,6
20100507,2
20100508,1
20100509,2
20100510,1
20100511,1
20100512,6
20100513,4
20100514,4
20100515,1
20100516,1
20100517,2
20100518,3
20100520,2
20100521,4
20100522,2
20100524,2
20100525,1
20100526,9
20100527,6
20100528,5
20100529,2
20100530,1
20100601,10
20100602,4
20100603,5
20100604,6
20100605,1
20100606,2
20100607,7
20100608,8
20100609,7
20100610,6
20100611,4
20100612,3
20100613,4
20100614,12
20100615,5
20100616,3
20100617,2
20100618,6
20100621,7
20100622,8
20100623,8
20100624,6
20100625,4
20100626,3
20100628,3
20100629,6
20100630,8
20100701,11
20100702,10
20100706,5
20100707,12
20100708,2
20100709,8
20100710,1
20100712,7
20100713,12
20100714,5
20100715,8
20100716,3
20100717,1
20100718,3
20100719,2
20100720,3
20100721,1
20100722,11
20100723,5
20100724,1
20100725,2
20100726,8
20100727,10
20100728,6
20100729,7
20100730,9
20100731,2
20100801,2
20100802,7
20100803,4
20100804,7
20100805,3
20100806,6
20100807,3
20100808,1
20100809,5
20100810,4
20100811,6
20100812,6
20100813,4
20100814,3
20100815,1
20100816,1
20100817,4
20100818,3
20100819,5
20100820,2
20100823,3
20100824,2
20100825,3
20100826,2
20100827,8
20100828,2
20100829,2
20100830,2
20100831,14
20100901,5
20100902,5
20100903,3
20100905,2
20100906,1
20100907,10
20100908,3
20100909,2
20100910,8
20100911,4
20100912,6
20100913,13
20100914,13
20100915,11
20100916,6
20100917,11
20100918,4
20100919,3
20100920,3
20100921,7
20100922,10
20100923,4
20100924,8
20100925,1
20100926,2
20100927,9
20100928,4
20100929,11
20100930,5
20101001,11
20101002,3
20101003,5
20101004,15
20101005,11
20101006,6
20101007,7
20101008,13
20101010,1
20101011,10
20101012,5
20101013,10
20101014,13
20101015,4
20101016,3
20101018,8
20101019,12
20101020,5
20101021,11
20101022,11
20101023,3
20101024,1
20101025,5
20101026,7
20101027,8
20101028,12
20101029,16
20101030,2
20101031,1
20101101,7
20101102,7
20101103,16
20101104,6
20101105,5
20101106,3
20101107,1
20101108,11
20101109,8
20101110,2
20101111,9
20101112,4
20101113,4
20101115,6
20101116,3
20101117,8
20101118,7
20101119,5
20101120,2
20101122,9
20101123,5
20101124,9
20101125,2
20101126,3
20101128,1
20101129,5
20101130,8
20101201,5
20101202,6
20101203,4
20101204,6
20101205,2
20101206,6
20101207,12
20101208,10
20101209,5
20101210,2
20101212,1
20101213,8
20101214,7
20101215,5
20101216,3
20101217,4
20101218,2
20101221,5
20101222,4
20101223,2
20101224,2
20101226,1
20101227,3
20101228,1
20101229,6
20101230,3
20110102,3
20110103,9
20110104,6
20110105,17
20110106,13
20110107,14
20110108,5
20110110,7
20110111,5
20110112,7
20110113,6
20110114,10
20110118,7
20110119,15
20110120,8
20110121,7
20110122,1
20110123,1
20110124,7
20110125,5
20110126,8
20110127,14
20110128,10
20110129,3
20110130,1
20110131,3
20110201,4
20110202,12
20110203,6
20110204,3
20110205,3
20110207,7
20110208,1
20110209,4
20110210,10
20110211,13
20110212,8
20110213,1
20110214,18
20110215,18
20110216,9
20110217,5
20110218,13
20110219,4
20110220,1
20110221,3
20110222,10
20110223,5
20110224,7
20110225,8
20110226,3
20110228,13
20110301,3
20110302,3
20110303,4
20110304,3
20110305,3
20110306,2
20110307,8
20110308,4
20110309,7
20110310,9
20110311,6
20110314,4
20110315,13
20110316,5
20110317,7
20110318,7
20110319,1
20110320,2
20110321,9
20110322,7
20110323,7
20110324,8
20110325,3
20110328,8
20110329,6
20110330,18
20110331,16
20110401,8
20110402,3
20110404,5
20110405,12
20110406,7
20110407,6
20110408,3
20110409,3
20110411,3
20110412,3
20110413,8
20110414,8
20110415,6
20110416,4
20110418,7
20110419,9
20110420,10
20110421,10
20110422,5
20110423,3
20110425,6
20110426,9
20110427,12
20110428,14
20110429,10
20110430,3
20110501,1
20110502,4
20110503,6
20110504,10
20110505,8
20110506,5
20110507,1
20110508,1
20110509,3
20110510,48
20110511,22
20110512,6
20110513,8
20110514,1
20110515,2
20110516,11
20110517,12
20110518,11
20110519,7
20110520,5
20110521,4
20110523,11
20110524,3
20110525,8
20110526,19
20110527,7
20110528,3
20110530,1
20110531,7
20110601,22
20110602,12
20110603,10
20110604,3
20110606,12
20110607,12
20110608,8
20110609,6
20110610,11
20110611,4
20110613,11
20110614,8
20110615,6
20110616,2
20110617,6
20110618,1
20110620,4
20110621,9
20110622,12
20110623,8
20110624,16
20110625,1
20110627,7
20110628,13
20110629,9
20110630,3
20110701,5
20110702,2
20110704,1
20110705,8
20110706,6
20110707,8
20110708,8
20110709,2
20110710,1
20110711,5
20110712,2
20110713,6
20110714,5
20110715,10
20110718,6
20110719,8
20110720,15
20110721,21
20110722,16
20110723,3
20110725,8
20110726,9
20110727,9
20110728,10
20110729,9
20110730,2
20110801,10
20110802,3
20110803,8
20110804,5
20110805,6
20110806,3
20110808,5
20110809,7
20110810,10
20110811,7
20110812,6
20110813,4
20110815,15
20110816,21
20110817,9
20110818,7
20110819,8
20110820,5
20110822,11
20110823,3
20110824,17
20110825,9
20110826,8
20110827,3
20110828,1
20110829,3
20110830,5
20110831,1
20110901,9
20110902,4
20110903,2
20110905,1
20110906,3
20110907,13
20110908,15
20110909,12
20110910,4
20110912,4
20110913,6
20110914,23
20110915,10
20110916,9
20110917,3
20110918,1
20110919,6
20110920,7
20110921,14
20110922,5
20110923,2
20110924,4
20110925,3
20110926,7
20110927,3
20110928,3
20110929,12
20110930,11
20111001,3
20111003,5
20111004,7
20111005,8
20111006,17
20111007,9
20111008,2
20111010,3
20111011,7
20111012,5
20111014,1
20111015,1
20111017,5
20111018,6
20111019,6
20111020,21
20111021,15
20111022,6
20111023,4
20111024,10
20111025,5
20111026,6
20111027,9
20111028,7
20111029,4
20111031,3
20111101,3
20111102,8
20111103,5
20111104,4
20111105,1
20111107,4
20111108,4
20111109,6
20111110,8
20111111,11
20111112,1
20111114,9
20111115,8
20111116,5
20111118,8
20111119,3
20111121,5
20111122,5
20111123,9
20111124,3
20111125,1
20111128,6
20111129,7
20111130,5
20111201,6
20111202,6
20111203,3
20111205,3
20111206,4
20111207,9
20111208,5
20111209,8
20111210,1
20111212,7
20111213,11
20111214,7
20111215,8
20111216,4
20111217,4
20111218,1
20111219,3
20111220,2
20111221,12
20111222,7
20111223,1
20111224,2
20111227,3
20111228,4
20111229,5
20111230,1
20120103,6
20120104,4
20120105,8
20120106,3
20120107,2
20120109,11
20120110,12
20120111,4
20120112,14
20120113,4
20120114,1
20120115,1
20120116,1
20120117,13
20120118,8
20120119,16
20120120,9
20120121,1
20120123,5
20120124,6
20120125,6
20120126,9
20120127,3
20120128,1
20120129,1
20120130,10
20120131,5
20120201,14
20120202,8
20120203,6
20120206,4
20120207,9
20120208,7
20120209,4
20120210,3
20120211,1
20120213,4
20120214,6
20120215,5
20120216,12
20120217,7
20120218,1
20120220,1
20120221,4
20120222,4
20120223,12
20120224,3
20120225,3
20120226,1
20120227,12
20120228,6
20120229,12
20120301,4
20120302,5
20120304,1
20120305,3
20120306,2
20120307,1
20120308,6
20120309,2
20120310,1
20120311,1
20120312,4
20120313,7
20120314,5
20120315,7
20120316,5
20120317,1
20120318,1
20120319,9
20120320,3
20120321,9
20120322,10
20120323,8
20120325,3
20120326,11
20120327,6
20120328,4
20120329,10
20120330,9
20120331,1
20120402,9
20120403,6
20120404,11
20120405,9
20120406,4
20120407,3
20120408,1
20120409,20
20120410,14
20120411,15
20120412,10
20120413,8
20120416,9
20120417,8
20120418,13
20120419,17
20120420,19
20120422,2
20120423,16
20120424,17
20120425,6
20120426,7
20120427,4
20120428,1
20120430,26
20120501,16
20120502,10
20120503,14
20120504,7
20120506,1
20120507,9
20120508,8
20120509,4
20120510,13
20120511,5
20120513,3
20120514,8
20120515,8
20120516,11
20120517,11
20120518,11
20120519,1
20120520,1
20120521,17
20120522,8
20120523,4
20120524,8
20120525,7
20120528,1
20120529,7
20120530,9
20120531,9
20120601,11
20120603,3
20120604,12
20120605,17
20120606,8
20120607,11
20120608,7
20120610,2
20120611,5
20120612,6
20120613,11
20120614,13
20120615,25
20120617,1
20120618,15
20120619,30
20120620,14
20120621,17
20120622,6
20120625,4
20120626,10
20120627,9
20120628,6
20120629,12
20120630,2
20120701,1
20120702,6
20120703,14
20120704,2
20120705,8
20120706,4
20120708,2
20120709,10
20120710,8
20120711,8
20120712,11
20120713,8
20120716,12
20120717,8
20120718,9
20120719,14
20120720,11
20120722,1
20120723,7
20120724,7
20120725,12
20120726,7
20120727,9
20120729,3
20120730,3
20120731,9
20120801,12
20120802,3
20120803,3
20120805,2
20120806,12
20120807,6
20120808,8
20120809,9
20120810,4
20120811,1
20120812,2
20120813,9
20120814,8
20120815,8
20120816,6
20120817,1
20120818,2
20120819,2
20120820,11
20120821,15
20120822,8
20120823,5
20120824,4
20120826,4
20120827,16
20120828,9
20120829,10
20120830,9
20120831,9
20120901,1
20120903,5
20120904,5
20120905,10
20120906,16
20120907,8
20120908,1
20120909,4
20120910,7
20120911,11
20120912,5
20120913,11
20120914,14
20120915,1
20120917,7
20120918,10
20120919,7
20120920,12
20120921,8
20120923,2
20120924,6
20120925,7
20120926,5
20120927,11
20120928,11
20120929,1
20120930,2
20121001,12
20121002,12
20121003,9
20121004,3
20121005,11
20121006,2
20121007,3
20121008,11
20121009,11
20121010,7
20121011,6
20121012,11
20121014,4
20121015,13
20121016,17
20121017,11
20121018,22
20121019,20
20121020,1
20121021,2
20121022,15
20121023,8
20121024,19
20121025,25
20121026,22
20121028,2
20121029,9
20121030,7
20121031,6
20121101,13
20121102,10
20121104,1
20121105,7
20121106,13
20121107,5
20121108,3
20121109,5
20121110,1
20121111,5
20121112,6
20121113,21
20121114,11
20121115,7
20121116,6
20121117,1
20121118,3
20121119,5
20121120,7
20121121,4
20121122,5
20121123,7
20121125,1
20121126,4
20121127,9
20121128,7
20121129,7
20121130,11
20121202,1
20121203,8
20121204,5
20121205,5
20121206,7
20121207,2
20121210,5
20121211,7
20121212,4
20121213,7
20121214,6
20121216,2
20121217,6
20121218,5
20121219,5
20121220,13
20121221,4
20121223,1
20121224,4
20121225,1
20121226,6
20121227,4
20121228,8
20121230,1
20121231,2
20130101,2
20130102,10
20130103,18
20130104,16
20130105,2
20130106,4
20130107,14
20130108,9
20130109,10
20130110,16
20130111,7
20130112,1
20130113,4
20130114,9
20130115,7
20130116,1
20130117,7
20130118,11
20130120,2
20130121,5
20130122,17
20130123,19
20130124,24
20130125,18
20130127,3
20130128,10
20130129,17
20130130,12
20130131,6
20130201,9
20130202,2
20130203,5
20130204,15
20130205,26
20130206,16
20130207,12
20130208,5
20130210,1
20130211,9
20130212,10
20130213,4
20130214,6
20130215,7
20130218,4
20130219,11
20130220,8
20130221,10
20130222,6
20130223,1
20130224,6
20130225,13
20130226,9
20130227,4
20130228,13
20130301,5
20130302,1
20130303,7
20130304,7
20130305,12
20130306,9
20130307,12
20130308,6
20130310,4
20130311,6
20130312,13
20130313,10
20130314,7
20130315,11
20130317,2
20130318,8
20130319,17
20130320,15
20130321,4
20130322,7
20130323,1
20130324,4
20130325,7
20130326,8
20130327,12
20130328,10
20130329,3
20130331,3
20130401,8
20130402,10
20130403,7
20130404,12
20130405,2
20130407,2
20130408,4
20130409,13
20130410,10
20130411,26
20130412,6
20130413,1
20130414,3
20130415,11
20130416,12
20130417,16
20130418,20
20130419,14
20130420,1
20130421,2
20130422,9
20130423,11
20130424,13
20130425,11
20130426,11
20130428,2
20130429,13
20130430,15
20130501,6
20130502,11
20130503,4
20130504,2
20130506,16
20130507,22
20130508,19
20130509,24
20130510,5
20130512,7
20130513,10
20130514,14
20130515,10
20130516,13
20130517,7
20130518,1
20130519,2
20130520,7
20130521,15
20130522,17
20130523,13
20130524,8
20130525,1
20130527,1
20130528,11
20130529,6
20130530,10
20130531,3
20130601,1
20130602,4
20130603,15
20130604,12
20130605,6
20130606,11
20130607,12
20130608,3
20130609,6
20130610,22
20130611,25
20130612,13
20130613,14
20130614,15
20130615,3
20130616,6
20130617,10
20130618,10
20130619,19
20130620,29
20130621,10
20130623,5
20130624,12
20130625,22
20130626,19
20130627,8
20130628,11
20130629,3
20130630,2
20130701,23
20130702,20
20130703,11
20130704,4
20130705,7
20130706,2
20130707,4
20130708,10
20130709,6
20130710,7
20130711,32
20130712,10
20130714,3
20130715,16
20130716,13
20130717,10
20130718,28
20130719,25
20130720,1
20130721,3
20130722,13
20130723,16
20130724,12
20130725,10
20130726,5
20130727,1
20130728,2
20130729,49
20130730,9
20130731,15
20130801,2
20130802,6
20130803,3
20130804,5
20130805,6
20130806,2
20130807,10
20130808,8
20130809,6
20130810,1
20130811,4
20130812,14
20130813,14
20130814,20
20130815,12
20130816,6
20130818,1
20130819,5
20130820,12
20130821,9
20130822,17
20130823,36
20130824,2
20130825,7
20130826,19
20130827,20
20130828,14
20130829,9
20130830,18
20130831,1
20130901,5
20130902,7
20130903,85
20130904,33
20130905,15
20130906,14
20130908,1
20130909,15
20130910,16
20130911,11
20130912,15
20130913,5
20130915,7
20130916,7
20130917,31
20130918,15
20130919,19
20130920,10
20130922,3
20130923,10
20130924,10
20130925,12
20130926,20
20130927,14
20130928,3
20130929,3
20130930,18
20131001,7
20131002,15
20131003,12
20131004,7
20131005,2
20131006,3
20131007,6
20131008,8
20131009,8
20131010,9
20131011,3
20131012,2
20131013,1
20131014,13
20131015,12
20131016,7
20131017,11
20131018,10
20131019,1
20131020,4
20131021,15
20131022,37
20131023,9
20131024,18
20131025,13
20131027,2
20131028,11
20131029,18
20131030,9
20131031,8
20131101,13
20131102,1
20131103,2
20131104,5
20131105,12
20131106,17
20131107,5
20131108,3
20131109,2
20131110,4
20131111,7
20131112,12
20131113,17
20131114,22
20131115,15
20131116,1
20131117,8
20131118,10
20131119,16
20131120,14
20131121,13
20131122,3
20131123,3
20131124,7
20131125,10
20131126,10
20131127,8
20131129,9
20131130,1
20131201,1
20131202,9
20131203,10
20131204,11
20131205,18
20131206,11
20131207,1
20131208,3
20131209,15
20131210,7
20131211,12
20131212,15
20131213,13
20131214,1
20131215,4
20131216,9
20131217,17
20131218,9
20131219,12
20131220,7
20131221,1
20131222,2
20131223,4
20131224,3
20131225,1
20131226,6
20131227,2
20131229,4
20131230,5
20131231,7
20140101,1
20140102,6
20140103,3
20140105,3
20140106,15
20140107,6
20140108,19
20140109,5
20140110,6
20140111,1
20140112,3
20140113,7
20140114,4
20140115,5
20140116,8
20140117,13
20140119,1
20140120,2
20140121,7
20140122,8
20140123,24
20140124,12
20140127,10
20140128,12
20140129,6
20140130,14
20140131,14
20140201,2
20140202,7
20140203,14
20140204,29
20140205,25
20140206,8
20140207,6
20140208,1
20140210,9
20140211,7
20140212,10
20140213,11
20140214,8
20140218,4
20140219,9
20140220,8
20140221,8
20140223,1
20140224,16
20140225,14
20140226,5
20140227,4
20140228,4
20140302,1
20140303,10
20140304,12
20140305,3
20140306,6
20140307,4
20140309,4
20140310,11
20140311,2
20140312,6
20140313,10
20140314,12
20140316,4
20140317,9
20140318,11
20140319,11
20140320,12
20140321,7
20140323,5
20140324,20
20140325,6
20140326,8
20140327,16
20140328,11
20140330,3
20140331,13
20140401,9
20140402,17
20140403,10
20140404,13
20140406,2
20140407,12
20140408,22
20140409,11
20140410,9
20140411,14
20140413,3
20140414,10
20140415,8
20140416,9
20140417,6
20140418,2
20140420,1
20140421,7
20140422,8
20140423,6
20140424,15
20140425,14
20140427,2
20140428,13
20140429,21
20140430,14
20140501,9
20140502,10
20140503,1
20140504,1
20140505,8
20140506,10
20140507,9
20140508,10
20140509,5
20140511,2
20140512,10
20140513,8
20140514,7
20140515,13
20140516,8
20140518,5
20140519,11
20140520,11
20140521,10
20140522,7
20140523,7
20140526,2
20140527,7
20140528,12
20140529,7
20140530,24
20140601,3
20140602,8
20140603,3
20140604,19
20140605,14
20140606,10
20140608,3
20140609,10
20140610,8
20140611,14
20140612,8
20140613,8
20140614,1
20140615,2
20140616,7
20140617,5
20140618,3
20140619,8
20140620,9
20140622,1
20140623,6
20140624,4
20140625,9
20140626,9
20140627,6
20140629,2
20140630,6
20140701,3
20140702,5
20140703,5
20140704,2
20140707,6
20140708,13
20140709,11
20140710,11
20140711,15
20140713,3
20140714,4
20140715,12
20140716,11
20140717,23
20140718,10
20140720,1
20140721,12
20140722,15
20140723,15
20140724,12
20140725,6
20140727,1
20140728,7
20140729,10
20140730,7
20140731,6
20140801,5
20140803,1
20140804,5
20140805,8
20140806,6
20140807,5
20140808,6
20140810,1
20140811,4
20140812,6
20140813,18
20140814,5
20140815,9
20140817,1
20140818,12
20140819,18
20140820,8
20140821,6
20140822,5
20140823,1
20140824,1
20140825,10
20140826,14
20140827,5
20140828,2
20140829,4
20140901,4
20140902,10
20140903,4
20140904,4
20140905,4
20140907,2
20140908,12
20140909,13
20140910,15
20140911,13
20140912,4
20140913,1
20140914,1
20140915,13
20140916,14
20140917,11
20140918,7
20140919,14
20140920,1
20140921,1
20140922,5
20140923,8
20140924,6
20140925,11
20140926,6
20140928,3
20140929,13
20140930,13
20141001,12
20141002,3
20141003,14
20141005,2
20141006,9
20141007,7
20141008,10
20141009,9
20141010,15
20141012,3
20141013,5
20141014,11
20141015,8
20141016,8
20141017,3
20141019,1
20141020,8
20141021,8
20141022,5
20141023,11
20141024,14
20141026,1
20141027,14
20141028,14
20141029,12
20141030,11
20141031,7
20141102,9
20141103,6
20141104,10
20141105,8
20141106,9
20141107,3
20141109,2
20141110,10
20141111,7
20141112,10
20141113,10
20141114,8
20141117,11
20141118,11
20141119,12
20141120,8
20141121,2
20141123,1
20141124,5
20141125,8
20141126,6
20141127,3
20141128,3
20141201,5
20141202,9
20141203,9
20141204,18
20141205,11
20141207,2
20141208,4
20141209,10
20141210,6
20141211,8
20141212,13
20141214,3
20141215,4
20141216,8
20141217,5
20141218,3
20141219,6
20141221,2
20141222,6
20141223,9
20141224,8
20141225,1
20141226,9
20141227,1
20141228,7
20141229,9
20141230,12
20141231,2
20150101,1
20150102,2
20150104,2
20150105,15
20150106,3
20150107,3
20150108,4
20150109,5
20150110,1
20150111,1
20150112,10
20150113,8
20150114,8
20150115,2
20150116,5
20150118,2
20150119,3
20150120,10
20150121,25
20150122,18
20150123,10
20150125,5
20150126,15
20150127,27
20150128,20
20150129,16
20150130,10
20150201,4
20150202,9
20150203,3
20150204,9
20150205,8
20150206,1
20150208,1
20150209,5
20150210,15
20150211,11
20150212,5
20150213,4
20150215,1
20150216,2
20150217,6
20150218,4
20150219,9
20150220,7
20150222,1
20150223,5
20150224,5
20150225,2
20150226,2
20150227,6
20150301,5
20150302,11
20150303,12
20150304,8
20150305,3
20150306,15
20150308,2
20150309,5
20150310,7
20150311,5
20150312,7
20150313,6
20150315,2
20150316,9
20150317,12
20150318,13
20150319,7
20150320,6
20150322,2
20150323,7
20150324,7
20150325,3
20150326,8
20150327,9
20150329,1
20150330,5
20150331,9
20150401,5
20150402,9
20150403,3
20150405,1
20150406,3
20150407,1
20150408,9
20150409,6
20150410,4
20150412,2
20150413,7
20150414,12
20150415,13
20150416,9
20150417,6
20150419,4
20150420,5
20150421,9
20150422,7
20150423,17
20150424,14
20150426,1
20150427,6
20150428,7
20150429,5
20150430,9
