20120322,2
20120401,1
20120409,2
20120518,1
20120523,1
20120529,1
20120608,2
20120821,3
20120822,1
20120907,1
20120911,1
20120914,3
20121001,2
20121002,2
20121003,2
20121007,1
20121107,1
20121108,1
20121114,1
20121122,2
20121123,1
20121128,1
20121130,1
20121204,1
20121212,2
20121228,1
20130122,1
20130203,1
20130208,1
20130211,1
20130214,5
20130215,1
20130220,1
20130305,2
20130306,1
20130322,2
20130326,1
20130327,2
20130328,1
20130403,1
20130412,1
20130416,1
20130419,1
20130505,1
20130506,1
20130507,1
20130515,2
20130528,2
20130529,4
20130604,1
20130611,1
20130614,1
20130710,1
20130715,1
20130717,3
20130718,6
20130720,1
20130721,1
20130723,1
20130724,1
20130725,1
20130801,1
20130804,1
20130807,6
20130808,4
20130813,1
20130814,2
20130815,3
20130816,3
20130827,1
20130829,1
20130903,3
20130906,1
20130916,1
20130924,1
20130926,1
20131004,2
20131008,1
20131009,2
20131010,1
20131011,2
20131014,1
20131016,2
20131018,1
20131029,1
20131030,4
20131101,1
20131104,1
20131105,2
20131106,2
20131107,3
20131108,1
20131112,3
20131113,2
20131114,3
20131115,1
20131118,1
20131205,1
20131206,1
20131210,1
20131219,1
20131226,1
20131229,1
20131230,2
20140101,1
20140102,1
20140121,2
20140124,3
20140210,1
20140212,2
20140213,5
20140214,4
20140217,1
20140218,1
20140219,1
20140220,1
20140221,2
20140225,1
20140227,1
20140305,3
20140306,1
20140308,1
20140314,1
20140319,1
20140323,1
20140331,1
20140401,1
20140403,1
20140408,1
20140409,1
20140410,1
20140416,1
20140417,1
20140423,1
20140501,4
20140502,1
20140505,1
20140507,7
20140508,2
20140509,1
20140512,2
20140513,3
20140515,2
20140521,2
20140522,1
20140529,1
20140602,1
20140612,1
20140616,1
20140618,1
20140623,3
20140624,2
20140625,2
20140701,2
20140702,1
20140708,2
20140714,1
20140722,2
20140723,1
20140730,1
20140731,1
20140804,2
20140806,2
20140813,1
20140814,1
20140826,2
20140902,1
20140907,1
20140909,1
20140916,2
20140917,1
20140918,2
20140925,1
20140928,1
20141001,1
20141002,1
20141006,1
20141008,1
20141009,2
20141010,2
20141013,1
20141015,1
20141016,2
20141029,1
20141102,1
20141103,3
20141105,3
20141110,1
20141111,4
20141112,1
20141117,1
20141119,1
20141127,1
20141128,1
20141218,2
20141219,1
20141222,1
20141230,1
20150105,1
20150106,1
20150108,1
20150115,2
20150116,1
20150129,1
20150203,2
20150210,1
20150211,2
20150212,2
20150213,1
20150216,1
20150217,4
20150218,1
20150219,1
20150223,1
20150224,1
20150226,2
20150302,1
20150304,2
20150306,1
20150312,1
20150316,1
20150324,2
20150325,11
20150327,1
20150401,3
20150402,3
20150407,1
20150408,1
20150413,1
20150416,2
20150427,1
20150428,3
20150429,3
20150430,2
