20050102,7
20050103,30
20050104,36
20050105,33
20050106,30
20050107,35
20050109,8
20050110,36
20050111,35
20050112,27
20050113,40
20050114,29
20050116,5
20050117,35
20050118,43
20050119,30
20050120,38
20050121,32
20050123,6
20050124,37
20050125,32
20050126,36
20050127,31
20050128,29
20050130,6
20050131,36
20050201,32
20050202,47
20050203,38
20050204,30
20050206,8
20050207,35
20050208,45
20050209,44
20050210,33
20050211,39
20050213,9
20050214,35
20050215,27
20050216,35
20050217,42
20050218,31
20050220,7
20050221,6
20050222,37
20050223,40
20050224,35
20050225,35
20050226,1
20050227,9
20050228,30
20050301,36
20050302,43
20050303,44
20050304,39
20050306,7
20050307,32
20050308,34
20050309,46
20050310,36
20050311,33
20050312,1
20050313,8
20050314,38
20050315,34
20050316,41
20050317,36
20050318,43
20050320,9
20050321,38
20050322,30
20050323,36
20050324,38
20050325,29
20050327,4
20050328,30
20050329,29
20050330,44
20050331,39
20050401,31
20050403,9
20050404,26
20050405,29
20050406,36
20050407,35
20050408,28
20050410,8
20050411,33
20050412,27
20050413,36
20050414,33
20050415,34
20050417,9
20050418,29
20050419,27
20050420,46
20050421,26
20050422,33
20050424,6
20050425,39
20050426,24
20050427,34
20050428,36
20050429,40
20050501,8
20050502,34
20050503,31
20050504,38
20050505,33
20050506,32
20050507,1
20050508,7
20050509,33
20050510,29
20050511,43
20050512,40
20050513,38
20050514,1
20050515,10
20050516,43
20050517,37
20050518,40
20050519,28
20050520,33
20050522,8
20050523,31
20050524,36
20050525,43
20050526,29
20050527,36
20050529,6
20050530,7
20050531,32
20050601,43
20050602,34
20050603,31
20050605,10
20050606,23
20050607,29
20050608,40
20050609,34
20050610,38
20050612,8
20050613,38
20050614,36
20050615,41
20050616,32
20050617,33
20050619,6
20050620,37
20050621,35
20050622,35
20050623,44
20050624,43
20050626,7
20050627,34
20050628,26
20050629,49
20050630,36
20050701,34
20050702,1
20050703,6
20050704,7
20050705,36
20050706,41
20050707,31
20050708,26
20050710,8
20050711,23
20050712,29
20050713,23
20050714,36
20050715,35
20050717,7
20050718,25
20050719,33
20050720,32
20050721,36
20050722,29
20050723,1
20050724,5
20050725,29
20050726,33
20050727,24
20050728,38
20050729,29
20050731,6
20050801,25
20050802,24
20050803,35
20050804,41
20050805,30
20050807,9
20050808,19
20050809,35
20050810,25
20050811,30
20050812,38
20050813,1
20050814,7
20050815,42
20050816,35
20050817,33
20050818,23
20050819,40
20050820,2
20050821,8
20050822,21
20050823,27
20050824,25
20050825,37
20050826,32
20050828,5
20050829,32
20050830,31
20050831,32
20050901,42
20050902,35
20050903,2
20050904,10
20050905,6
20050906,36
20050907,29
20050908,47
20050909,42
20050910,1
20050911,8
20050912,29
20050913,40
20050914,46
20050915,36
20050916,29
20050917,16
20050918,5
20050919,30
20050920,28
20050921,41
20050922,32
20050923,40
20050924,22
20050925,5
20050926,40
20050927,35
20050928,34
20050929,41
20050930,45
20051001,22
20051002,8
20051003,24
20051004,34
20051005,34
20051006,35
20051007,32
20051008,15
20051009,8
20051010,22
20051011,30
20051012,26
20051013,30
20051014,29
20051015,16
20051016,6
20051017,35
20051018,29
20051019,30
20051020,36
20051021,48
20051022,11
20051023,7
20051024,30
20051025,32
20051026,37
20051027,34
20051028,23
20051029,11
20051030,6
20051031,23
20051101,28
20051102,38
20051103,30
20051104,34
20051105,17
20051106,7
20051107,26
20051108,33
20051109,40
20051110,32
20051111,51
20051112,23
20051113,7
20051114,26
20051115,32
20051116,39
20051117,29
20051118,38
20051119,26
20051120,6
20051121,33
20051122,31
20051123,29
20051124,4
20051125,41
20051126,21
20051127,7
20051128,30
20051129,33
20051130,34
20051201,31
20051202,39
20051203,17
20051204,8
20051205,27
20051206,37
20051207,43
20051208,33
20051209,41
20051210,16
20051211,7
20051212,31
20051213,28
20051214,39
20051215,29
20051216,37
20051217,20
20051218,6
20051219,27
20051220,26
20051221,28
20051222,28
20051223,36
20051224,22
20051225,7
20051226,1
20051227,25
20051228,24
20051229,30
20051230,25
20051231,18
20060101,6
20060103,44
20060104,33
20060105,34
20060106,36
20060107,18
20060108,6
20060109,29
20060110,23
20060111,38
20060112,33
20060113,36
20060114,13
20060115,7
20060116,37
20060117,39
20060118,32
20060119,34
20060120,36
20060121,26
20060122,8
20060123,27
20060124,26
20060125,29
20060126,38
20060127,40
20060128,26
20060129,8
20060130,25
20060131,38
20060201,35
20060202,32
20060203,32
20060204,18
20060205,7
20060206,33
20060207,29
20060208,41
20060209,33
20060210,34
20060211,18
20060212,7
20060213,38
20060214,36
20060215,35
20060216,35
20060217,39
20060218,23
20060219,8
20060220,7
20060221,37
20060222,39
20060223,40
20060224,37
20060225,16
20060226,7
20060227,32
20060228,38
20060301,37
20060302,29
20060303,29
20060304,16
20060305,6
20060306,30
20060307,31
20060308,39
20060309,37
20060310,34
20060311,23
20060312,6
20060313,41
20060314,34
20060315,39
20060316,32
20060317,31
20060318,21
20060319,9
20060320,24
20060321,33
20060322,29
20060323,28
20060324,33
20060325,11
20060326,9
20060327,36
20060328,22
20060329,36
20060330,34
20060331,32
20060401,13
20060402,10
20060403,34
20060404,47
20060405,33
20060406,31
20060407,38
20060408,22
20060409,9
20060410,31
20060411,27
20060412,31
20060413,33
20060414,21
20060415,18
20060416,8
20060417,27
20060418,44
20060419,40
20060420,23
20060421,40
20060422,25
20060423,7
20060424,28
20060425,30
20060426,32
20060427,34
20060428,37
20060429,24
20060430,8
20060501,27
20060502,28
20060503,34
20060504,27
20060505,38
20060506,29
20060507,7
20060508,34
20060509,22
20060510,37
20060511,34
20060512,41
20060513,15
20060514,7
20060515,21
20060516,36
20060517,29
20060518,40
20060519,38
20060520,19
20060521,7
20060522,31
20060523,33
20060524,44
20060525,41
20060526,38
20060527,20
20060528,6
20060529,6
20060530,33
20060531,26
20060601,31
20060602,38
20060603,15
20060604,5
20060605,28
20060606,37
20060607,37
20060608,29
20060609,32
20060610,20
20060611,10
20060612,24
20060613,32
20060614,29
20060615,42
20060616,38
20060617,21
20060618,7
20060619,31
20060620,26
20060621,30
20060622,40
20060623,40
20060624,22
20060625,9
20060626,32
20060627,32
20060628,22
20060629,35
20060630,29
20060701,26
20060702,10
20060703,32
20060704,8
20060705,36
20060706,30
20060707,39
20060708,23
20060709,6
20060710,26
20060711,35
20060712,40
20060713,38
20060714,29
20060715,16
20060716,10
20060717,30
20060718,25
20060719,36
20060720,44
20060721,37
20060722,20
20060723,7
20060724,28
20060725,25
20060726,32
20060727,26
20060728,30
20060729,20
20060730,8
20060731,23
20060801,35
20060802,33
20060803,30
20060804,25
20060805,22
20060806,5
20060807,22
20060808,27
20060809,34
20060810,26
20060811,25
20060812,17
20060813,10
20060814,23
20060815,30
20060816,32
20060817,30
20060818,25
20060819,19
20060820,7
20060821,29
20060822,25
20060823,31
20060824,30
20060825,34
20060826,19
20060827,6
20060828,19
20060829,26
20060830,34
20060831,28
20060901,26
20060902,11
20060903,10
20060904,5
20060905,26
20060906,25
20060907,17
20060908,21
20060909,12
20060910,4
20060911,13
20060912,23
20060913,31
20060914,14
20060915,28
20060916,18
20060917,8
20060918,18
20060919,16
20060920,30
20060921,19
20060922,23
20060923,14
20060924,5
20060925,20
20060926,21
20060927,26
20060928,18
20060929,18
20060930,19
20061001,6
20061002,39
20061003,35
20061004,27
20061005,37
20061006,32
20061007,20
20061008,4
20061009,29
20061010,25
20061011,37
20061012,31
20061013,38
20061014,25
20061015,5
20061016,32
20061017,30
20061018,44
20061019,33
20061020,38
20061021,21
20061022,4
20061023,30
20061024,30
20061025,37
20061026,36
20061027,48
20061028,29
20061029,8
20061030,28
20061031,27
20061101,33
20061102,37
20061103,44
20061104,18
20061105,7
20061106,23
20061107,35
20061108,31
20061109,28
20061110,39
20061111,15
20061112,8
20061113,24
20061114,29
20061115,40
20061116,27
20061117,30
20061118,18
20061119,7
20061120,34
20061121,38
20061122,29
20061123,6
20061124,25
20061125,18
20061126,6
20061127,24
20061128,26
20061129,31
20061130,28
20061201,26
20061202,16
20061203,5
20061204,25
20061205,22
20061206,30
20061207,36
20061208,38
20061209,14
20061210,10
20061211,30
20061212,24
20061213,37
20061214,34
20061215,40
20061216,27
20061217,6
20061218,37
20061219,28
20061220,42
20061221,29
20061222,31
20061223,18
20061224,7
20061225,1
20061226,21
20061227,23
20061228,26
20061229,24
20061230,19
20061231,5
20070101,2
20070102,40
20070103,26
20070104,44
20070105,38
20070106,22
20070107,7
20070108,21
20070109,44
20070110,51
20070111,37
20070112,38
20070113,20
20070114,7
20070115,4
20070116,35
20070117,38
20070118,35
20070119,36
20070120,18
20070121,7
20070122,43
20070123,30
20070124,38
20070125,35
20070126,36
20070127,26
20070128,5
20070129,36
20070130,29
20070131,36
20070201,29
20070202,39
20070203,24
20070204,8
20070205,36
20070206,37
20070207,34
20070208,31
20070209,36
20070210,20
20070211,6
20070212,32
20070213,35
20070214,29
20070215,40
20070216,24
20070217,22
20070218,6
20070219,6
20070220,33
20070221,39
20070222,28
20070223,33
20070224,21
20070225,6
20070226,31
20070227,24
20070228,34
20070301,41
20070302,35
20070303,22
20070304,5
20070305,35
20070306,23
20070307,40
20070308,37
20070309,43
20070310,16
20070311,8
20070312,38
20070313,31
20070314,30
20070315,33
20070316,31
20070317,20
20070318,4
20070319,34
20070320,30
20070321,47
20070322,43
20070323,37
20070324,15
20070325,5
20070326,23
20070327,30
20070328,42
20070329,32
20070330,42
20070331,21
20070401,8
20070402,36
20070403,31
20070404,39
20070405,35
20070406,28
20070407,16
20070408,6
20070409,30
20070410,26
20070411,37
20070412,27
20070413,36
20070414,26
20070415,10
20070416,32
20070417,40
20070418,34
20070419,32
20070420,34
20070421,14
20070422,8
20070423,26
20070424,30
20070425,41
20070426,26
20070427,37
20070428,24
20070429,7
20070430,42
20070501,28
20070502,27
20070503,42
20070504,35
20070505,14
20070506,9
20070507,41
20070508,41
20070509,47
20070510,31
20070511,36
20070512,22
20070513,4
20070514,34
20070515,41
20070516,42
20070517,36
20070518,46
20070519,22
20070520,5
20070521,43
20070522,40
20070523,46
20070524,28
20070525,42
20070526,17
20070527,6
20070528,1
20070529,38
20070530,51
20070531,40
20070601,40
20070602,19
20070603,10
20070604,39
20070605,37
20070606,40
20070607,38
20070608,38
20070609,19
20070610,8
20070611,38
20070612,43
20070613,38
20070614,37
20070615,46
20070616,16
20070617,8
20070618,42
20070619,38
20070620,54
20070621,38
20070622,48
20070623,22
20070624,10
20070625,35
20070626,28
20070627,37
20070628,46
20070629,43
20070630,15
20070701,9
20070702,51
20070703,43
20070704,8
20070705,38
20070706,31
20070707,12
20070708,8
20070709,40
20070710,39
20070711,36
20070712,42
20070713,48
20070714,22
20070715,6
20070716,31
20070717,47
20070718,43
20070719,38
20070720,36
20070721,24
20070722,7
20070723,26
20070724,41
20070725,35
20070726,41
20070727,29
20070728,19
20070729,8
20070730,43
20070731,41
20070801,46
20070802,35
20070803,42
20070804,27
20070805,7
20070806,39
20070807,31
20070808,32
20070809,52
20070810,47
20070811,30
20070812,7
20070813,44
20070814,53
20070815,52
20070816,49
20070817,47
20070818,24
20070819,6
20070820,42
20070821,45
20070822,44
20070823,42
20070824,44
20070825,21
20070826,14
20070827,44
20070828,35
20070829,40
20070830,52
20070831,47
20070901,19
20070902,8
20070903,10
20070904,36
20070905,51
20070906,48
20070907,50
20070908,13
20070909,6
20070910,35
20070911,41
20070912,65
20070913,54
20070914,60
20070915,26
20070916,6
20070917,36
20070918,40
20070919,55
20070920,60
20070921,46
20070922,14
20070923,11
20070924,41
20070925,41
20070926,44
20070927,42
20070928,43
20070929,20
20070930,9
20071001,43
20071002,42
20071003,41
20071004,40
20071005,38
20071006,15
20071007,6
20071008,32
20071009,48
20071010,51
20071011,31
20071012,49
20071013,20
20071014,6
20071015,50
20071016,41
20071017,38
20071018,50
20071019,43
20071020,16
20071021,7
20071022,34
20071023,42
20071024,48
20071025,44
20071026,44
20071027,15
20071028,8
20071029,39
20071030,47
20071031,46
20071101,35
20071102,42
20071103,17
20071104,7
20071105,39
20071106,42
20071107,39
20071108,43
20071109,35
20071110,13
20071111,6
20071112,40
20071113,38
20071114,52
20071115,42
20071116,42
20071117,24
20071118,9
20071119,41
20071120,38
20071121,33
20071122,9
20071123,33
20071124,20
20071125,7
20071126,48
20071127,39
20071128,47
20071129,44
20071130,55
20071201,23
20071202,6
20071203,53
20071204,41
20071205,48
20071206,38
20071207,39
20071208,16
20071209,8
20071210,51
20071211,34
20071212,51
20071213,66
20071214,55
20071215,21
20071216,9
20071217,51
20071218,43
20071219,55
20071220,53
20071221,49
20071222,20
20071223,10
20071224,24
20071225,3
20071226,41
20071227,30
20071228,44
20071229,23
20071230,7
20071231,36
20080101,2
20080102,49
20080103,58
20080104,42
20080105,22
20080106,7
20080107,45
20080108,42
20080109,45
20080110,53
20080111,45
20080112,26
20080113,11
20080114,43
20080115,44
20080116,55
20080117,48
20080118,48
20080119,22
20080120,11
20080121,12
20080122,88
20080123,69
20080124,68
20080125,51
20080126,22
20080127,10
20080128,43
20080129,54
20080130,54
20080131,63
20080201,42
20080202,23
20080203,8
20080204,41
20080205,57
20080206,48
20080207,50
20080208,47
20080209,12
20080210,7
20080211,42
20080212,49
20080213,63
20080214,51
20080215,55
20080216,23
20080217,6
20080218,11
20080219,45
20080220,44
20080221,50
20080222,45
20080223,22
20080224,8
20080225,51
20080226,46
20080227,52
20080228,67
20080229,57
20080301,21
20080302,6
20080303,41
20080304,35
20080305,50
20080306,62
20080307,63
20080308,30
20080309,9
20080310,43
20080311,61
20080312,59
20080313,61
20080314,59
20080315,26
20080316,9
20080317,65
20080318,59
20080319,53
20080320,44
20080321,38
20080322,33
20080323,8
20080324,51
20080325,44
20080326,52
20080327,52
20080328,60
20080329,21
20080330,6
20080331,45
20080401,52
20080402,62
20080403,54
20080404,57
20080405,15
20080406,10
20080407,38
20080408,49
20080409,50
20080410,51
20080411,49
20080412,30
20080413,7
20080414,51
20080415,54
20080416,56
20080417,52
20080418,59
20080419,22
20080420,6
20080421,55
20080422,40
20080423,42
20080424,61
20080425,56
20080426,23
20080427,7
20080428,37
20080429,45
20080430,46
20080501,2
20080508,1
20080509,1
20080515,1
20080521,1
20080522,1
20080527,1
20080528,2
20080529,3
20080530,2
20080601,7
20080602,46
20080603,45
20080604,48
20080605,55
20080606,38
20080607,21
20080608,11
20080609,44
20080610,47
20080611,51
20080612,53
20080613,60
20080614,28
20080615,7
20080616,51
20080617,48
20080618,47
20080619,56
20080620,50
20080621,17
20080622,6
20080623,41
20080624,47
20080625,53
20080626,63
20080627,44
20080628,32
20080629,8
20080630,54
20080701,49
20080702,44
20080703,50
20080704,8
20080705,17
20080706,5
20080707,43
20080708,47
20080709,66
20080710,62
20080711,48
20080712,21
20080713,9
20080714,57
20080715,59
20080716,58
20080717,54
20080718,47
20080719,19
20080720,5
20080721,38
20080722,51
20080723,53
20080724,57
20080725,42
20080726,19
20080727,4
20080728,43
20080729,46
20080730,59
20080731,48
20080801,63
20080802,24
20080803,4
20080804,31
20080805,50
20080806,55
20080807,54
20080808,55
20080809,28
20080810,8
20080811,43
20080812,48
20080813,57
20080814,41
20080815,42
20080816,18
20080817,10
20080818,31
20080819,38
20080820,43
20080821,54
20080822,56
20080823,27
20080824,7
20080825,40
20080826,45
20080827,52
20080828,42
20080829,43
20080830,19
20080831,10
20080901,9
20080902,23
20080903,36
20080904,45
20080905,21
20080906,18
20080907,9
20080908,30
20080909,36
20080910,34
20080911,40
20080912,33
20080913,25
20080914,9
20080915,40
20080916,53
20080917,69
20080918,65
20080919,85
20080920,33
20080921,10
20080922,49
20080923,57
20080924,53
20080925,62
20080926,57
20080927,30
20080928,11
20080929,61
20080930,74
20081001,69
20081002,91
20081003,60
20081004,23
20081005,9
20081006,60
20081007,69
20081008,56
20081009,57
20081010,70
20081011,33
20081012,11
20081013,65
20081014,63
20081015,76
20081016,68
20081017,50
20081018,31
20081019,14
20081020,49
20081021,56
20081022,72
20081023,70
20081024,64
20081025,30
20081026,10
20081027,46
20081028,68
20081029,63
20081030,71
20081031,58
20081101,38
20081102,8
20081103,47
20081104,34
20081105,48
20081106,45
20081107,62
20081108,22
20081109,9
20081110,42
20081111,55
20081112,67
20081113,50
20081114,45
20081115,37
20081116,9
20081117,64
20081118,44
20081119,58
20081120,64
20081121,56
20081122,28
20081123,11
20081124,46
20081125,56
20081126,42
20081127,8
20081128,35
20081129,18
20081130,10
20081201,42
20081202,61
20081203,59
20081204,49
20081205,53
20081206,29
20081207,9
20081208,64
20081209,48
20081210,67
20081211,68
20081212,55
20081213,27
20081214,10
20081215,62
20081216,55
20081217,73
20081218,64
20081219,52
20081220,30
20081221,8
20081222,40
20081223,49
20081224,44
20081225,3
20081226,34
20081227,24
20081228,6
20081229,32
20081230,40
20081231,50
20090101,1
20090102,53
20090103,28
20090104,9
20090105,49
20090106,50
20090107,36
20090108,64
20090109,57
20090110,27
20090111,6
20090112,53
20090113,53
20090114,63
20090115,70
20090116,55
20090117,31
20090118,4
20090119,6
20090120,50
20090121,51
20090122,59
20090123,59
20090124,33
20090125,8
20090126,42
20090127,58
20090128,70
20090129,66
20090130,76
20090131,22
20090201,10
20090202,44
20090203,51
20090204,65
20090205,63
20090206,59
20090207,29
20090208,7
20090209,49
20090210,57
20090211,58
20090212,77
20090213,51
20090214,36
20090215,11
20090216,9
20090217,62
20090218,60
20090219,72
20090220,54
20090221,25
20090222,5
20090223,43
20090224,55
20090225,54
20090226,63
20090227,75
20090228,28
20090301,8
20090302,57
20090303,59
20090304,54
20090305,45
20090306,48
20090307,23
20090308,9
20090309,65
20090310,45
20090311,66
20090312,55
20090313,49
20090314,30
20090315,11
20090316,39
20090317,51
20090318,48
20090319,73
20090320,77
20090321,32
20090322,8
20090323,53
20090324,51
20090325,55
20090326,54
20090327,56
20090328,22
20090329,8
20090330,61
20090331,52
20090401,55
20090402,58
20090403,68
20090404,27
20090405,8
20090406,56
20090407,75
20090408,71
20090409,69
20090410,48
20090411,29
20090412,9
20090413,54
20090414,71
20090415,69
20090416,61
20090417,61
20090418,27
20090419,5
20090420,55
20090421,58
20090422,66
20090423,64
20090424,58
20090425,28
20090426,5
20090427,43
20090428,54
20090429,75
20090430,58
20090501,41
20090502,20
20090503,6
20090504,66
20090505,51
20090506,62
20090507,60
20090508,64
20090509,22
20090510,7
20090511,61
20090512,68
20090513,55
20090514,62
20090515,65
20090516,26
20090517,6
20090518,43
20090519,64
20090520,61
20090521,52
20090522,51
20090523,24
20090524,8
20090525,3
20090526,66
20090527,56
20090528,56
20090529,63
20090530,30
20090531,10
20090601,27
20090602,63
20090603,61
20090604,62
20090605,44
20090606,24
20090607,5
20090608,36
20090609,53
20090610,64
20090611,55
20090612,64
20090613,31
20090614,7
20090615,58
20090616,54
20090617,67
20090618,36
20090619,68
20090620,26
20090621,5
20090622,51
20090623,43
20090624,55
20090625,56
20090626,52
20090627,14
20090628,8
20090629,47
20090630,44
20090701,63
20090702,47
20090703,35
20090704,9
20090705,3
20090706,45
20090707,41
20090708,54
20090709,49
20090710,65
20090711,18
20090712,6
20090713,56
20090714,42
20090715,46
20090716,77
20090717,36
20090718,15
20090719,7
20090720,47
20090721,48
20090722,54
20090723,40
20090724,58
20090725,15
20090726,10
20090727,30
20090728,60
20090729,51
20090730,55
20090731,53
20090801,23
20090802,6
20090803,42
20090804,43
20090805,63
20090806,59
20090807,50
20090808,15
20090809,9
20090810,39
20090811,34
20090812,42
20090813,58
20090814,44
20090815,20
20090816,8
20090817,37
20090818,45
20090819,40
20090820,45
20090821,36
20090822,24
20090823,9
20090824,51
20090825,37
20090826,36
20090827,35
20090828,55
20090829,14
20090830,9
20090831,42
20090901,39
20090902,54
20090903,51
20090904,45
20090905,12
20090906,3
20090907,19
20090908,47
20090909,51
20090910,37
20090911,64
20090912,23
20090913,11
20090914,36
20090915,38
20090916,61
20090917,56
20090918,50
20090919,22
20090920,6
20090921,46
20090922,49
20090923,52
20090924,50
20090925,60
20090926,23
20090927,15
20090928,38
20090929,45
20090930,61
20091001,46
20091002,38
20091003,16
20091004,9
20091005,47
20091006,51
20091007,47
20091008,46
20091009,53
20091010,11
20091011,11
20091012,49
20091013,32
20091014,47
20091015,62
20091016,53
20091017,26
20091018,12
20091019,54
20091020,52
20091021,48
20091022,45
20091023,59
20091024,16
20091025,11
20091026,55
20091027,52
20091028,52
20091029,41
20091030,70
20091031,19
20091101,14
20091102,53
20091103,56
20091104,61
20091105,61
20091106,53
20091107,13
20091108,10
20091109,54
20091110,52
20091111,63
20091112,54
20091113,50
20091114,19
20091115,16
20091116,46
20091117,58
20091118,56
20091119,76
20091120,56
20091121,10
20091122,13
20091123,60
20091124,58
20091125,56
20091126,27
20091127,53
20091128,17
20091129,17
20091130,51
20091201,74
20091202,67
20091203,89
20091204,61
20091205,20
20091206,15
20091207,50
20091208,57
20091209,61
20091210,52
20091211,49
20091212,13
20091213,13
20091214,47
20091215,60
20091216,79
20091217,42
20091218,44
20091219,26
20091220,14
20091221,46
20091222,44
20091223,42
20091224,36
20091225,5
20091226,11
20091227,8
20091228,38
20091229,25
20091230,46
20091231,37
20100101,2
20100102,17
20100103,12
20100104,35
20100105,40
20100106,58
20100107,64
20100108,41
20100109,19
20100110,13
20100111,37
20100112,52
20100113,64
20100114,78
20100115,70
20100116,22
20100117,18
20100118,40
20100119,69
20100120,65
20100121,77
20100122,71
20100123,26
20100124,17
20100125,64
20100126,61
20100127,75
20100128,74
20100129,65
20100130,23
20100131,23
20100201,61
20100202,47
20100203,71
20100204,69
20100205,67
20100206,27
20100207,22
20100208,60
20100209,44
20100210,67
20100211,66
20100212,75
20100213,27
20100214,14
20100215,23
20100216,53
20100217,57
20100218,55
20100219,67
20100220,27
20100221,15
20100222,60
20100223,65
20100224,73
20100225,64
20100226,69
20100227,28
20100228,18
20100301,67
20100302,57
20100303,59
20100304,73
20100305,57
20100306,17
20100307,18
20100308,67
20100309,75
20100310,65
20100311,74
20100312,56
20100313,26
20100314,12
20100315,54
20100316,63
20100317,61
20100318,63
20100319,62
20100320,29
20100321,19
20100322,61
20100323,57
20100324,40
20100325,47
20100326,49
20100327,26
20100328,19
20100329,42
20100330,39
20100331,33
20100401,57
20100402,26
20100403,21
20100404,14
20100405,30
20100406,36
20100407,47
20100408,32
20100409,48
20100410,16
20100411,10
20100412,44
20100413,43
20100414,44
20100415,38
20100416,46
20100417,35
20100418,14
20100419,39
20100420,53
20100421,43
20100422,46
20100423,38
20100424,31
20100425,17
20100426,35
20100427,49
20100428,55
20100429,40
20100430,58
20100501,31
20100502,14
20100503,51
20100504,50
20100505,61
20100506,51
20100507,76
20100508,34
20100509,13
20100510,61
20100511,49
20100512,44
20100513,53
20100514,54
20100515,37
20100516,14
20100517,47
20100518,48
20100519,53
20100520,44
20100521,54
20100522,39
20100523,11
20100524,35
20100525,61
20100526,56
20100527,62
20100528,61
20100529,28
20100530,5
20100531,9
20100601,37
20100602,40
20100603,60
20100604,51
20100605,30
20100606,6
20100607,64
20100608,52
20100609,83
20100610,71
20100611,66
20100612,30
20100613,13
20100614,76
20100615,81
20100616,73
20100617,83
20100618,75
20100619,26
20100620,16
20100621,78
20100622,72
20100623,65
20100624,61
20100625,73
20100626,37
20100627,12
20100628,52
20100629,70
20100630,88
20100701,17
20100702,20
20100703,12
20100704,4
20100705,9
20100706,15
20100707,23
20100708,22
20100709,21
20100710,14
20100711,6
20100712,10
20100713,14
20100714,16
20100715,18
20100716,14
20100717,11
20100718,3
20100719,17
20100720,19
20100721,15
20100722,18
20100723,25
20100724,17
20100725,2
20100726,19
20100727,13
20100728,5
20100729,3
20100730,7
20100801,17
20100802,61
20100803,81
20100804,77
20100805,77
20100806,59
20100807,31
20100808,20
20100809,64
20100810,66
20100811,65
20100812,60
20100813,58
20100814,31
20100815,17
20100816,61
20100817,56
20100818,69
20100819,62
20100820,53
20100821,36
20100822,14
20100823,58
20100824,54
20100825,66
20100826,75
20100827,75
20100828,31
20100829,20
20100830,58
20100831,53
20100901,60
20100902,61
20100903,55
20100904,32
20100905,14
20100906,21
20100907,69
20100908,71
20100909,67
20100910,64
20100911,38
20100912,18
20100913,67
20100914,75
20100915,84
20100916,85
20100917,54
20100918,27
20100919,15
20100920,78
20100921,72
20100922,54
20100923,75
20100924,81
20100925,26
20100926,20
20100927,70
20100928,63
20100929,76
20100930,85
20101001,78
20101002,44
20101003,21
20101004,68
20101005,76
20101006,83
20101007,77
20101008,88
20101009,23
20101010,20
20101011,73
20101012,75
20101013,90
20101014,75
20101015,87
20101016,38
20101017,22
20101018,74
20101019,77
20101020,70
20101021,71
20101022,72
20101023,35
20101024,19
20101025,81
20101026,77
20101027,72
20101028,80
20101029,79
20101030,44
20101031,22
20101101,70
20101102,93
20101103,97
20101104,91
20101105,77
20101106,45
20101107,21
20101108,61
20101109,78
20101110,86
20101111,72
20101112,75
20101113,34
20101114,15
20101115,76
20101116,90
20101117,96
20101118,101
20101119,89
20101120,40
20101121,17
20101122,84
20101123,76
20101124,61
20101125,39
20101126,62
20101127,40
20101128,16
20101129,65
20101130,70
20101201,82
20101202,76
20101203,62
20101204,32
20101205,18
20101206,79
20101207,89
20101208,81
20101209,82
20101210,76
20101211,40
20101212,27
20101213,66
20101214,83
20101215,72
20101216,76
20101217,67
20101218,36
20101219,13
20101220,63
20101221,60
20101222,49
20101223,46
20101224,35
20101225,3
20101226,19
20101227,32
20101228,45
20101229,64
20101230,56
20101231,31
20110101,6
20110102,17
20110103,67
20110104,63
20110105,78
20110106,70
20110107,65
20110108,35
20110109,19
20110110,63
20110111,78
20110112,80
20110113,61
20110114,75
20110115,38
20110116,9
20110117,24
20110118,71
20110119,78
20110120,82
20110121,66
20110122,43
20110123,15
20110124,65
20110125,76
20110126,102
20110127,75
20110128,75
20110129,46
20110130,18
20110131,72
20110201,89
20110202,53
20110203,86
20110204,64
20110205,37
20110206,18
20110207,77
20110208,81
20110209,74
20110210,95
20110211,82
20110212,32
20110213,10
20110214,93
20110215,101
20110216,86
20110217,78
20110218,81
20110219,37
20110220,13
20110221,27
20110222,73
20110223,68
20110224,64
20110225,75
20110226,40
20110227,18
20110228,79
20110301,91
20110302,90
20110303,72
20110304,82
20110305,36
20110306,19
20110307,82
20110308,68
20110309,84
20110310,97
20110311,79
20110312,41
20110313,16
20110314,101
20110315,68
20110316,87
20110317,72
20110318,71
20110319,33
20110320,13
20110321,68
20110322,74
20110323,91
20110324,66
20110325,75
20110326,30
20110327,14
20110328,86
20110329,74
20110330,90
20110331,68
20110401,97
20110402,33
20110403,9
20110404,74
20110405,97
20110406,80
20110407,86
20110408,90
20110409,39
20110410,8
20110411,76
20110412,81
20110413,81
20110414,94
20110415,85
20110416,38
20110417,11
20110418,68
20110419,79
20110420,79
20110421,79
20110422,58
20110423,31
20110424,9
20110425,79
20110426,77
20110427,80
20110428,84
20110429,84
20110430,48
20110501,14
20110502,59
20110503,61
20110504,79
20110505,78
20110506,72
20110507,34
20110508,11
20110509,66
20110510,84
20110511,91
20110512,97
20110513,75
20110514,38
20110515,17
20110516,111
20110517,70
20110518,86
20110519,86
20110520,91
20110521,33
20110522,8
20110523,71
20110524,74
20110525,96
20110526,95
20110527,89
20110528,42
20110529,13
20110530,15
20110531,74
20110601,91
20110602,93
20110603,100
20110604,36
20110605,21
20110606,73
20110607,76
20110608,85
20110609,81
20110610,81
20110611,38
20110612,16
20110613,81
20110614,78
20110615,84
20110616,92
20110617,98
20110618,36
20110619,20
20110620,83
20110621,85
20110622,82
20110623,92
20110624,90
20110625,47
20110626,13
20110627,99
20110628,97
20110629,106
20110630,97
20110701,91
20110702,32
20110703,10
20110704,20
20110705,77
20110706,103
20110707,94
20110708,79
20110709,30
20110710,10
20110711,60
20110712,73
20110713,82
20110714,107
20110715,82
20110716,42
20110717,13
20110718,54
20110719,73
20110720,80
20110721,103
20110722,80
20110723,31
20110724,18
20110725,78
20110726,91
20110727,78
20110728,95
20110729,106
20110730,41
20110731,11
20110801,70
20110802,77
20110803,82
20110804,99
20110805,112
20110806,43
20110807,14
20110808,106
20110809,99
20110810,88
20110811,97
20110812,99
20110813,43
20110814,16
20110815,90
20110816,89
20110817,90
20110818,97
20110819,89
20110820,37
20110821,12
20110822,83
20110823,69
20110824,96
20110825,87
20110826,63
20110827,38
20110828,13
20110829,73
20110830,85
20110831,93
20110901,80
20110902,86
20110903,36
20110904,8
20110905,22
20110906,95
20110907,103
20110908,110
20110909,124
20110910,36
20110911,11
20110912,102
20110913,101
20110914,100
20110915,125
20110916,107
20110917,41
20110918,20
20110919,122
20110920,107
20110921,107
20110922,114
20110923,105
20110924,41
20110925,14
20110926,89
20110927,89
20110928,90
20110929,94
20110930,100
20111001,34
20111002,13
20111003,94
20111004,101
20111005,97
20111006,86
20111007,86
20111008,33
20111009,8
20111010,85
20111011,84
20111012,87
20111013,96
20111014,94
20111015,44
20111016,4
20111017,85
20111018,116
20111019,96
20111020,120
20111021,101
20111022,34
20111023,13
20111024,102
20111025,70
20111026,94
20111027,118
20111028,109
20111029,31
20111030,13
20111031,93
20111101,111
20111102,101
20111103,104
20111104,117
20111105,39
20111106,17
20111107,101
20111108,123
20111109,104
20111110,103
20111111,78
20111112,23
20111113,10
20111114,85
20111115,90
20111116,101
20111117,98
20111118,104
20111119,36
20111120,10
20111121,100
20111122,110
20111123,69
20111124,21
20111125,64
20111126,21
20111127,8
20111128,75
20111129,93
20111130,101
20111201,89
20111202,71
20111203,28
20111204,11
20111205,86
20111206,77
20111207,92
20111208,113
20111209,106
20111210,38
20111211,11
20111212,97
20111213,97
20111214,103
20111215,104
20111216,89
20111217,35
20111218,9
20111219,96
20111220,80
20111221,92
20111222,61
20111223,60
20111224,32
20111225,6
20111226,8
20111227,47
20111228,59
20111229,74
20111230,57
20111231,31
20120101,8
20120102,9
20120103,104
20120104,78
20120105,100
20120106,83
20120107,21
20120108,19
20120109,97
20120110,99
20120111,104
20120112,110
20120113,108
20120114,41
20120115,9
20120116,22
20120117,108
20120118,99
20120119,100
20120120,105
20120121,37
20120122,18
20120123,92
20120124,97
20120125,109
20120126,92
20120127,102
20120128,36
20120129,18
20120130,105
20120131,111
20120201,102
20120202,102
20120203,101
20120204,37
20120205,19
20120206,103
20120207,111
20120208,110
20120209,111
20120210,108
20120211,41
20120212,11
20120213,92
20120214,77
20120215,110
20120216,95
20120217,98
20120218,38
20120219,8
20120220,27
20120221,82
20120222,93
20120223,95
20120224,99
20120225,28
20120226,13
20120227,91
20120228,118
20120229,143
20120301,102
20120302,94
20120303,24
20120304,14
20120305,94
20120306,117
20120307,84
20120308,93
20120309,95
20120310,12
20120311,27
20120312,103
20120313,96
20120314,92
20120315,82
20120316,87
20120317,17
20120318,26
20120319,88
20120320,90
20120321,103
20120322,86
20120323,91
20120324,16
20120325,22
20120326,93
20120327,106
20120328,98
20120329,110
20120330,98
20120331,16
20120401,24
20120402,97
20120403,95
20120404,110
20120405,96
20120406,47
20120407,11
20120408,19
20120409,81
20120410,77
20120411,110
20120412,115
20120413,92
20120414,14
20120415,27
20120416,85
20120417,83
20120418,107
20120419,101
20120420,101
20120421,12
20120422,28
20120423,99
20120424,78
20120425,80
20120426,100
20120427,101
20120428,13
20120429,25
20120430,86
20120501,103
20120502,99
20120503,106
20120504,104
20120505,6
20120506,22
20120507,90
20120508,101
20120509,109
20120510,123
20120511,113
20120512,4
20120513,39
20120514,93
20120515,112
20120516,107
20120517,125
20120518,130
20120519,9
20120520,26
20120521,97
20120522,99
20120523,111
20120524,101
20120525,96
20120526,8
20120527,11
20120528,36
20120529,98
20120530,107
20120531,114
20120601,115
20120602,3
20120603,26
20120604,98
20120605,91
20120606,125
20120607,88
20120608,90
20120609,8
20120610,27
20120611,113
20120612,85
20120613,116
20120614,121
20120615,107
20120616,11
20120617,28
20120618,97
20120619,100
20120620,79
20120621,90
20120622,50
20120623,1
20120624,22
20120625,60
20120626,79
20120627,94
20120628,85
20120629,95
20120630,6
20120701,23
20120702,95
20120703,69
20120704,46
20120705,94
20120706,44
20120707,10
20120708,27
20120709,97
20120710,106
20120711,109
20120712,88
20120713,100
20120714,9
20120715,24
20120716,104
20120717,97
20120718,98
20120719,98
20120720,92
20120721,13
20120722,36
20120723,99
20120724,100
20120725,100
20120726,110
20120727,100
20120728,6
20120729,20
20120730,90
20120731,98
20120801,101
20120802,87
20120803,93
20120804,5
20120805,34
20120806,79
20120807,96
20120808,91
20120809,86
20120810,93
20120811,10
20120812,24
20120813,83
20120814,107
20120815,107
20120816,89
20120817,96
20120818,8
20120819,25
20120820,78
20120821,75
20120822,77
20120823,95
20120824,76
20120825,12
20120826,22
20120827,80
20120828,80
20120829,90
20120830,89
20120831,99
20120901,8
20120902,10
20120903,37
20120904,74
20120905,111
20120906,96
20120907,101
20120908,7
20120909,18
20120910,95
20120911,79
20120912,94
20120913,100
20120914,108
20120915,9
20120916,29
20120917,85
20120918,88
20120919,85
20120920,95
20120921,86
20120922,8
20120923,16
20120924,75
20120925,91
20120926,71
20120927,99
20120928,107
20120929,9
20120930,26
20121001,74
20121002,79
20121003,83
20121004,84
20121005,88
20121006,8
20121007,34
20121008,85
20121009,87
20121010,77
20121011,87
20121012,102
20121013,10
20121014,32
20121015,95
20121016,81
20121017,83
20121018,77
20121019,93
20121020,5
20121021,30
20121022,78
20121023,98
20121024,89
20121025,98
20121026,108
20121027,2
20121028,31
20121029,75
20121030,60
20121031,61
20121101,91
20121102,74
20121103,6
20121104,30
20121105,66
20121106,87
20121107,92
20121108,77
20121109,78
20121110,1
20121111,37
20121112,86
20121113,82
20121114,82
20121115,84
20121116,90
20121117,2
20121118,30
20121119,79
20121120,88
20121121,80
20121122,47
20121123,63
20121124,3
20121125,18
20121126,82
20121127,95
20121128,84
20121129,78
20121130,87
20121201,3
20121202,37
20121203,85
20121204,95
20121205,94
20121206,90
20121207,91
20121208,10
20121209,26
20121210,89
20121211,100
20121212,82
20121213,103
20121214,104
20121215,9
20121216,32
20121217,74
20121218,77
20121219,84
20121220,97
20121221,77
20121222,7
20121223,33
20121224,23
20121225,21
20121226,40
20121227,46
20121228,54
20121229,5
20121230,21
20121231,28
20130101,33
20130102,62
20130103,63
20130104,68
20130105,7
20130106,35
20130107,69
20130108,91
20130109,84
20130110,88
20130111,114
20130112,3
20130113,35
20130114,87
20130115,83
20130116,110
20130117,105
20130118,113
20130119,1
20130120,21
20130121,58
20130122,88
20130123,92
20130124,97
20130125,90
20130126,4
20130127,28
20130128,86
20130129,79
20130130,71
20130131,87
20130201,98
20130202,11
20130203,36
20130204,84
20130205,95
20130206,87
20130207,101
20130208,93
20130209,2
20130210,24
20130211,76
20130212,86
20130213,90
20130214,115
20130215,104
20130216,6
20130217,15
20130218,44
20130219,84
20130220,96
20130221,101
20130222,118
20130223,5
20130224,43
20130225,89
20130226,94
20130227,98
20130228,114
20130301,111
20130302,5
20130303,39
20130304,91
20130305,109
20130306,81
20130307,85
20130308,105
20130309,4
20130310,29
20130311,91
20130312,82
20130313,90
20130314,87
20130315,81
20130316,8
20130317,26
20130318,90
20130319,103
20130320,125
20130321,110
20130322,95
20130323,11
20130324,31
20130325,88
20130326,89
20130327,94
20130328,83
20130329,69
20130330,8
20130331,32
20130401,49
20130402,101
20130403,95
20130404,108
20130405,100
20130406,9
20130407,50
20130408,95
20130409,105
20130410,108
20130411,100
20130412,113
20130413,6
20130414,24
20130415,88
20130416,106
20130417,95
20130418,103
20130419,81
20130420,6
20130421,34
20130422,75
20130423,91
20130424,108
20130425,102
20130426,98
20130427,3
20130428,39
20130429,89
20130430,94
20130501,97
20130502,100
20130503,95
20130504,4
20130505,41
20130506,82
20130507,86
20130508,119
20130509,99
20130510,120
20130511,6
20130512,42
20130513,94
20130514,100
20130515,102
20130516,104
20130517,125
20130518,9
20130519,38
20130520,92
20130521,73
20130522,98
20130523,97
20130524,112
20130525,5
20130526,10
20130527,37
20130528,97
20130529,119
20130530,103
20130531,104
20130601,9
20130602,33
20130603,71
20130604,105
20130605,97
20130606,89
20130607,87
20130608,6
20130609,36
20130610,80
20130611,96
20130612,105
20130613,100
20130614,93
20130615,8
20130616,26
20130617,67
20130618,17
20130619,107
20130620,130
20130621,127
20130622,16
20130623,26
20130624,90
20130625,105
20130626,110
20130627,121
20130628,98
20130629,6
20130630,32
20130701,78
20130702,81
20130703,68
20130704,56
20130705,72
20130706,4
20130707,53
20130708,92
20130709,102
20130710,95
20130711,111
20130712,108
20130713,7
20130714,22
20130715,90
20130716,106
20130717,102
20130718,128
20130719,115
20130720,5
20130721,36
20130722,91
20130723,85
20130724,92
20130725,114
20130726,108
20130727,9
20130728,27
20130729,107
20130730,99
20130731,127
20130801,119
20130802,96
20130803,15
20130804,25
20130805,94
20130806,76
20130807,114
20130808,86
20130809,87
20130810,11
20130811,22
20130812,81
20130813,80
20130814,91
20130815,95
20130816,97
20130817,8
20130818,28
20130819,95
20130820,109
20130821,107
20130822,116
20130823,96
20130824,12
20130825,27
20130826,79
20130827,76
20130828,95
20130829,94
20130830,96
20130831,12
20130901,4
20130902,47
20130903,77
20130904,85
20130905,101
20130906,91
20130907,13
20130908,45
20130909,95
20130910,70
20130911,81
20130912,81
20130913,84
20130914,9
20130915,33
20130916,142
20130917,90
20130918,97
20130919,103
20130920,103
20130921,8
20130922,46
20130923,94
20130924,84
20130925,106
20130926,109
20130927,87
20130928,7
20130929,30
20130930,102
20131001,90
20131002,89
20131003,104
20131004,111
20131005,6
20131006,40
20131007,99
20131008,112
20131009,118
20131010,106
20131011,93
20131012,19
20131013,29
20131014,82
20131015,96
20131016,115
20131017,109
20131018,86
20131019,7
20131020,32
20131021,97
20131022,78
20131023,106
20131024,111
20131025,105
20131026,7
20131027,37
20131028,67
20131029,102
20131030,93
20131031,84
20131101,94
20131102,5
20131103,39
20131104,89
20131105,99
20131106,103
20131107,107
20131108,80
20131109,4
20131110,45
20131111,92
20131112,95
20131113,106
20131114,104
20131115,85
20131116,6
20131117,36
20131118,102
20131119,116
20131120,102
20131121,100
20131122,110
20131123,12
20131124,30
20131125,75
20131126,88
20131127,95
20131128,52
20131129,70
20131130,11
20131201,26
20131202,79
20131203,98
20131204,113
20131205,98
20131206,93
20131207,9
20131208,42
20131209,91
20131210,115
20131211,122
20131212,95
20131213,95
20131214,2
20131215,43
20131216,88
20131217,95
20131218,97
20131219,98
20131220,100
20131221,11
20131222,24
20131223,76
20131224,33
20131225,21
20131226,62
20131227,59
20131228,7
20131229,24
20131230,63
20131231,61
20140101,34
20140102,75
20140103,82
20140104,8
20140105,35
20140106,94
20140107,91
20140108,69
20140109,99
20140110,84
20140111,3
20140112,35
20140113,79
20140114,91
20140115,100
20140116,124
20140117,93
20140118,12
20140119,12
20140120,42
20140121,96
20140122,103
20140123,102
20140124,96
20140125,9
20140126,25
20140127,90
20140128,84
20140129,119
20140130,101
20140131,109
20140201,7
20140202,34
20140203,97
20140204,114
20140205,104
20140206,87
20140207,91
20140208,10
20140209,36
20140210,95
20140211,108
20140212,107
20140213,96
20140214,88
20140215,9
20140216,21
20140217,41
20140218,91
20140219,78
20140220,117
20140221,85
20140222,6
20140223,38
20140224,87
20140225,106
20140226,95
20140227,101
20140228,99
20140301,10
20140302,34
20140303,83
20140304,121
20140305,118
20140306,91
20140307,96
20140308,11
20140309,36
20140310,83
20140311,80
20140312,96
20140313,93
20140314,82
20140315,8
20140316,26
20140317,87
20140318,77
20140319,99
20140320,94
20140321,92
20140322,8
20140323,28
20140324,74
20140325,79
20140326,100
20140327,108
20140328,101
20140329,6
20140330,25
20140331,99
20140401,84
20140402,110
20140403,105
20140404,94
20140405,9
20140406,37
20140407,76
20140408,80
20140409,94
20140410,109
20140411,97
20140412,10
20140413,31
20140414,92
20140415,98
20140416,108
20140417,95
20140418,73
20140419,4
20140420,27
20140421,74
20140422,70
20140423,100
20140424,107
20140425,103
20140426,9
20140427,21
20140428,97
20140429,99
20140430,104
20140501,79
20140502,74
20140503,7
20140504,38
20140505,77
20140506,94
20140507,117
20140508,120
20140509,97
20140510,9
20140511,30
20140512,74
20140513,75
20140514,92
20140515,96
20140516,66
20140517,1
20140518,31
20140519,62
20140520,113
20140521,86
20140522,92
20140523,90
20140524,9
20140525,7
20140526,35
20140527,96
20140528,80
20140529,105
20140530,78
20140531,2
20140601,23
20140602,79
20140603,87
20140604,90
20140605,122
20140606,101
20140607,6
20140608,46
20140609,88
20140610,91
20140611,111
20140612,95
20140613,93
20140614,7
20140615,29
20140616,86
20140617,81
20140618,93
20140619,102
20140620,97
20140621,3
20140622,29
20140623,91
20140624,78
20140625,80
20140626,88
20140627,86
20140628,3
20140629,25
20140630,87
20140701,74
20140702,95
20140703,68
20140704,26
20140705,4
20140706,36
20140707,81
20140708,88
20140709,100
20140710,96
20140711,97
20140712,2
20140713,37
20140714,74
20140715,102
20140716,108
20140717,85
20140718,65
20140719,4
20140720,19
20140721,56
20140722,68
20140723,80
20140724,80
20140725,74
20140726,7
20140727,30
20140728,79
20140729,84
20140730,67
20140731,81
20140801,83
20140802,7
20140803,28
20140804,65
20140805,68
20140806,78
20140807,75
20140808,80
20140809,5
20140810,29
20140811,70
20140812,72
20140813,315
20140814,91
20140815,81
20140816,6
20140817,22
20140818,66
20140819,68
20140820,100
20140821,104
20140822,88
20140823,8
20140824,27
20140825,72
20140826,83
20140827,79
20140828,83
20140829,74
20140830,11
20140831,6
20140901,37
20140902,77
20140903,71
20140904,99
20140905,75
20140906,12
20140907,34
20140908,89
20140909,71
20140910,109
20140911,107
20140912,83
20140913,10
20140914,23
20140915,83
20140916,111
20140917,106
20140918,98
20140919,110
20140920,6
20140921,33
20140922,101
20140923,84
20140924,94
20140925,69
20140926,88
20140927,5
20140928,38
20140929,92
20140930,108
20141001,96
20141002,104
20141003,82
20141004,9
20141005,35
20141006,76
20141007,79
20141008,79
20141009,94
20141010,85
20141011,7
20141012,25
20141013,67
20141014,84
20141015,85
20141016,95
20141017,95
20141018,6
20141019,31
20141020,91
20141021,91
20141022,85
20141023,102
20141024,86
20141025,4
20141026,26
20141027,68
20141028,105
20141029,98
20141030,93
20141031,92
20141101,7
20141102,43
20141103,95
20141104,108
20141105,108
20141106,97
20141107,94
20141108,12
20141109,35
20141110,86
20141111,86
20141112,80
20141113,108
20141114,92
20141115,6
20141116,26
20141117,103
20141118,84
20141119,92
20141120,104
20141121,102
20141122,6
20141123,34
20141124,54
20141125,82
20141126,53
20141127,35
20141128,64
20141129,7
20141130,41
20141201,89
20141202,89
20141203,87
20141204,100
20141205,92
20141206,5
20141207,49
20141208,85
20141209,91
20141210,92
20141211,100
20141212,85
20141213,8
20141214,36
20141215,85
20141216,78
20141217,96
20141218,90
20141219,77
20141220,4
20141221,25
20141222,67
20141223,62
20141224,32
20141225,21
20141226,59
20141227,5
20141228,30
20141229,61
20141230,61
20141231,38
20150101,33
20150102,71
20150103,11
20150104,22
20150105,87
20150106,72
20150107,65
20150108,75
20150109,81
20150110,5
20150111,33
20150112,77
20150113,82
20150114,102
20150115,105
20150116,85
20150117,6
20150118,13
20150119,54
20150120,103
20150121,82
20150122,102
20150123,84
20150124,9
20150125,27
20150126,95
20150127,87
20150128,99
20150129,117
20150130,79
20150131,8
20150201,45
20150202,105
20150203,104
20150204,106
20150205,93
20150206,89
20150207,9
20150208,33
20150209,82
20150210,89
20150211,88
20150212,96
20150213,96
20150214,3
20150215,11
20150216,31
20150217,64
20150218,115
20150219,84
20150220,81
20150221,3
20150222,24
20150223,85
20150224,90
20150225,109
20150226,96
20150227,92
20150228,11
20150301,36
20150302,85
20150303,87
20150304,94
20150305,88
20150306,71
20150307,9
20150308,35
20150309,72
20150310,102
20150311,100
20150312,116
20150313,91
20150314,6
20150315,33
20150316,86
20150317,91
20150318,108
20150319,101
20150320,88
20150321,4
20150322,31
20150323,77
20150324,92
20150325,94
20150326,104
20150327,97
20150328,7
20150329,24
20150330,78
20150331,84
20150401,78
20150402,83
20150403,52
20150404,3
20150405,21
20150406,76
20150407,80
20150408,73
20150409,80
20150410,87
20150411,2
20150412,45
20150413,67
20150414,91
20150415,107
20150416,98
20150417,87
20150418,9
20150419,35
20150420,67
20150421,97
20150422,100
20150423,92
20150424,75
20150425,3
20150426,35
20150427,66
20150428,81
20150429,82
20150430,87
