20050102,1
20050105,2
20050106,2
20050124,2
20050125,3
20050131,1
20050207,1
20050217,2
20050222,1
20050310,2
20050321,1
20050329,2
20050405,2
20050406,1
20050407,1
20050408,1
20050411,1
20050417,1
20050421,1
20050503,1
20050516,1
20050608,2
20050613,1
20050620,1
20050627,1
20050629,3
20050630,2
20050705,1
20050712,1
20050727,1
20050809,1
20050826,1
20050909,1
20050913,1
20050919,1
20050928,1
20051006,2
20051012,1
20051021,1
20051108,1
20051114,2
20051118,1
20051128,1
20051205,1
20051206,1
20051207,1
20051209,1
20051210,1
20051212,1
20051222,1
20060111,2
20060116,2
20060208,1
20060315,1
20060405,2
20060411,1
20060413,1
20060417,1
20060503,1
20060522,1
20060601,1
20060603,3
20060606,1
20060621,1
20060624,1
20060629,1
20060630,1
20060705,1
20060720,1
20060802,1
20060815,2
20060816,1
20060927,1
20061002,1
20061003,1
20061012,3
20061031,1
20061101,1
20061104,1
20061120,1
20061211,3
20061212,1
20061213,1
20061220,1
20061223,1
20061230,1
20070102,1
20070104,4
20070105,1
20070117,1
20070118,1
20070122,1
20070217,1
20070224,1
20070226,3
20070309,1
20070313,1
20070321,1
20070404,4
20070405,1
20070422,1
20070427,1
20070514,1
20070601,1
20070604,1
20070623,1
20070628,1
20070630,1
20070710,1
20070717,1
20070725,1
20070728,1
20070801,1
20070803,1
20070806,1
20070905,1
20070915,1
20070917,1
20070918,2
20070919,1
20070920,1
20070927,1
20070928,1
20071003,1
20071005,1
20071009,1
20071010,2
20071011,1
20071025,1
20071102,1
20071108,2
20071113,1
20071114,1
20071126,1
20071201,1
20071228,1
20080103,4
20080104,2
20080109,2
20080110,1
20080112,1
20080115,3
20080116,1
20080117,1
20080125,1
20080130,2
20080131,2
20080207,1
20080212,4
20080213,1
20080220,1
20080221,1
20080226,1
20080325,4
20080326,3
20080328,1
20080331,3
20080401,2
20080402,1
20080403,3
20080404,1
20080409,1
20080411,1
20080414,1
20080417,1
20080418,1
20080429,1
20080430,2
20080519,1
20080523,1
20080528,1
20080602,1
20080606,1
20080609,1
20080618,2
20080621,1
20080625,4
20080626,2
20080703,1
20080707,1
20080708,2
20080709,1
20080714,1
20080718,1
20080725,1
20080731,1
20080807,1
20080808,1
20080813,1
20080820,3
20080917,1
20080923,1
20081002,3
20081003,1
20081005,1
20081008,1
20081009,3
20081022,1
20081028,1
20081105,1
20081115,1
20081204,1
20081213,1
20081215,1
20090104,1
20090105,1
20090107,3
20090108,5
20090203,1
20090211,1
20090216,1
20090308,1
20090328,1
20090401,1
20090402,1
20090403,1
20090427,1
20090504,1
20090507,1
20090511,1
20090527,1
20090528,1
20090612,1
20090622,1
20090624,1
20090625,2
20090627,1
20090701,1
20090710,1
20090715,1
20090722,1
20090725,1
20090726,1
20090808,1
20090814,1
20090820,1
20090824,1
20090910,1
20090911,3
20090923,1
20091006,1
20091007,1
20091008,1
20091009,1
20091020,1
20091028,1
20091030,1
20091102,1
20091119,1
20091228,1
20091229,1
20091231,1
20100107,1
20100111,1
20100115,1
20100119,1
20100126,1
20100211,2
20100213,1
20100218,1
20100301,1
20100302,1
20100303,1
20100308,1
20100310,1
20100311,1
20100315,3
20100319,1
20100329,1
20100401,1
20100406,1
20100407,1
20100408,1
20100414,2
20100415,1
20100428,1
20100527,1
20100528,2
20100603,1
20100604,2
20100614,1
20100622,1
20100626,1
20100629,1
20100630,1
20100701,2
20100707,3
20100708,1
20100713,2
20100715,1
20100716,1
20100726,1
20100810,1
20100811,1
20100816,1
20100817,1
20100818,1
20100830,1
20100831,2
20100901,1
20100903,1
20100915,1
20100921,1
20100929,1
20100930,1
20101004,1
20101006,2
20101007,1
20101009,1
20101016,1
20101020,1
20101026,1
20101027,1
20101116,2
20101122,2
20101201,1
20101206,1
20101209,1
20101213,1
20101227,1
20101229,1
20110102,1
20110105,1
20110106,1
20110107,2
20110112,1
20110116,1
20110119,1
20110125,3
20110127,1
20110202,1
20110205,1
20110210,1
20110214,1
20110215,3
20110228,1
20110301,1
20110303,1
20110307,1
20110308,2
20110318,1
20110326,1
20110330,1
20110331,3
20110401,1
20110404,2
20110406,4
20110407,1
20110411,1
20110415,2
20110416,1
20110419,1
20110423,1
20110426,1
20110510,1
20110520,1
20110609,1
20110615,1
20110624,3
20110626,1
20110627,1
20110628,1
20110629,4
20110630,1
20110711,2
20110716,1
20110722,1
20110725,1
20110729,1
20110730,1
20110805,2
20110808,1
20110812,1
20110815,1
20110816,1
20110817,1
20110829,1
20110908,1
20111001,1
20111002,1
20111003,1
20111004,1
20111005,3
20111008,1
20111105,1
20111108,1
20111121,1
20111122,1
20111129,1
20111202,1
20111206,1
20111207,1
20111215,1
20111220,1
20120103,2
20120104,1
20120105,4
20120106,1
20120118,1
20120125,1
20120126,1
20120127,1
20120128,1
20120206,1
20120211,1
20120215,1
20120225,1
20120301,2
20120309,1
20120330,2
20120402,1
20120403,2
20120404,3
20120406,1
20120419,1
20120424,1
20120430,1
20120501,1
20120502,1
20120508,1
20120521,2
20120523,2
20120530,1
20120614,2
20120626,3
20120627,2
20120710,1
20120712,1
20120716,1
20120719,1
20120801,1
20120806,1
20120807,1
20120810,1
20120828,1
20120909,1
20120916,1
20120919,1
20120920,2
20120925,1
20120928,1
20121002,1
20121003,3
20121004,1
20121005,3
20121012,2
20121015,1
20121022,2
20121025,1
20121105,1
20121106,1
20121116,1
20121126,2
20121128,2
20121130,1
20121221,1
20121228,1
20130107,2
20130108,2
20130109,1
20130110,1
20130117,1
20130129,2
20130131,1
20130213,1
20130214,1
20130215,2
20130219,2
20130221,1
20130222,1
20130225,1
20130305,1
20130306,1
20130311,1
20130320,1
20130322,1
20130326,1
20130402,1
20130403,4
20130408,1
20130414,1
20130418,1
20130422,1
20130423,2
20130513,4
20130514,3
20130515,1
20130521,2
20130524,1
20130529,1
20130530,1
20130531,2
20130603,1
20130604,1
20130605,1
20130606,2
20130607,1
20130611,1
20130613,2
20130620,1
20130621,1
20130623,1
20130625,1
20130626,2
20130705,1
20130708,1
20130730,3
20130813,2
20130814,1
20130826,2
20130902,1
20130911,1
20130916,1
20130920,1
20130923,1
20130927,1
20130930,2
20131002,8
20131003,2
20131021,1
20131022,3
20131025,1
20131028,1
20131030,1
20131101,1
20131106,1
20131107,1
20131113,1
20131114,1
20131115,1
20131120,1
20131122,1
20131202,2
20131204,1
20131210,3
20131211,1
20131213,2
20131217,2
20131230,1
20140107,2
20140108,3
20140109,1
20140110,1
20140113,3
20140116,1
20140128,1
20140131,1
20140211,2
20140213,1
20140220,1
20140225,2
20140226,3
20140227,2
20140313,1
20140325,1
20140326,1
20140401,2
20140402,5
20140403,1
20140411,1
20140413,1
20140423,2
20140424,2
20140425,2
20140430,1
20140505,2
20140516,1
20140522,1
20140527,1
20140529,1
20140530,3
20140610,1
20140612,3
20140619,1
20140623,1
20140624,2
20140625,6
20140626,2
20140702,1
20140703,2
20140708,1
20140709,1
20140716,2
20140717,1
20140722,1
20140803,1
20140807,2
20140808,1
20140813,1
20140820,2
20140821,1
20140822,1
20140828,1
20140829,1
20140904,3
20140908,2
20140909,2
20140910,1
20140916,1
20140917,1
20140918,2
20140926,1
20141008,7
20141009,2
20141015,1
20141019,2
20141021,2
20141024,1
20141026,1
20141027,1
20141102,1
20141105,1
20141106,1
20141107,1
20141112,1
20141113,4
20141115,1
20141120,1
20141121,2
20141201,1
20141215,1
20141229,1
20150105,1
20150106,1
20150107,6
20150115,2
20150119,1
20150122,1
20150128,1
20150130,2
20150201,1
20150202,1
20150204,1
20150205,1
20150211,1
20150212,1
20150219,1
20150220,2
20150226,2
20150305,1
20150312,1
20150316,1
20150320,1
20150322,1
20150323,2
20150324,1
20150325,1
20150326,1
20150329,1
20150330,1
20150401,6
20150406,2
20150407,1
20150417,1
20150421,1
20150422,1
20150423,3
20150424,1
20150428,1
