20050103,10
20050104,5
20050105,6
20050106,5
20050107,10
20050109,1
20050110,4
20050111,9
20050112,10
20050113,4
20050114,5
20050117,7
20050118,1
20050119,5
20050120,7
20050121,9
20050124,6
20050125,6
20050126,8
20050127,7
20050128,10
20050131,8
20050201,6
20050202,4
20050203,6
20050204,6
20050207,7
20050208,8
20050209,3
20050210,3
20050211,4
20050214,7
20050215,4
20050216,4
20050217,10
20050218,9
20050220,1
20050221,1
20050222,6
20050223,13
20050224,4
20050225,4
20050228,5
20050301,7
20050302,5
20050303,6
20050304,5
20050307,6
20050308,3
20050309,10
20050310,6
20050311,8
20050314,4
20050315,5
20050316,14
20050317,8
20050318,14
20050320,1
20050321,4
20050322,7
20050323,6
20050324,8
20050325,11
20050328,3
20050329,8
20050330,10
20050331,16
20050401,20
20050403,2
20050404,12
20050405,13
20050406,10
20050407,11
20050408,6
20050409,1
20050410,2
20050411,8
20050412,8
20050413,12
20050414,7
20050415,9
20050417,1
20050418,9
20050419,9
20050420,5
20050421,7
20050422,5
20050425,5
20050426,4
20050427,12
20050428,8
20050429,7
20050430,1
20050502,8
20050503,8
20050504,6
20050505,4
20050506,9
20050509,11
20050510,12
20050511,6
20050512,5
20050513,11
20050516,13
20050517,9
20050518,11
20050519,8
20050520,10
20050523,5
20050524,7
20050525,8
20050526,8
20050527,5
20050529,1
20050530,4
20050531,8
20050601,8
20050602,7
20050603,9
20050606,10
20050607,10
20050608,6
20050609,7
20050610,8
20050613,12
20050614,15
20050615,12
20050616,11
20050617,6
20050619,2
20050620,9
20050621,5
20050622,5
20050623,11
20050624,10
20050626,3
20050627,9
20050628,10
20050629,8
20050630,12
20050701,16
20050704,1
20050705,9
20050706,10
20050707,9
20050708,7
20050711,10
20050712,13
20050713,10
20050714,6
20050715,8
20050717,1
20050718,10
20050719,13
20050720,10
20050721,4
20050722,11
20050725,5
20050726,3
20050727,4
20050728,5
20050729,7
20050801,7
20050802,5
20050803,5
20050804,4
20050805,10
20050808,5
20050809,7
20050810,4
20050811,4
20050812,7
20050814,2
20050815,6
20050816,7
20050817,9
20050818,4
20050819,8
20050821,1
20050822,2
20050823,4
20050824,5
20050825,4
20050826,4
20050828,1
20050829,3
20050830,9
20050831,7
20050901,12
20050902,6
20050903,1
20050906,5
20050907,9
20050908,9
20050909,7
20050912,7
20050913,7
20050914,15
20050915,9
20050916,6
20050917,3
20050918,1
20050919,2
20050920,6
20050921,7
20050922,7
20050923,9
20050924,3
20050925,1
20050926,9
20050927,3
20050928,8
20050929,3
20050930,6
20051001,1
20051002,1
20051003,7
20051004,8
20051005,3
20051006,6
20051007,5
20051008,2
20051010,2
20051011,8
20051012,5
20051013,3
20051014,3
20051015,1
20051016,1
20051017,5
20051018,4
20051019,4
20051020,7
20051021,7
20051022,1
20051023,2
20051024,6
20051025,8
20051026,10
20051027,4
20051028,3
20051029,2
20051031,5
20051101,4
20051102,5
20051103,6
20051104,6
20051105,2
20051107,2
20051108,6
20051109,9
20051110,6
20051111,5
20051112,4
20051113,1
20051114,7
20051115,5
20051116,11
20051117,6
20051118,3
20051121,11
20051122,2
20051123,6
20051124,1
20051125,7
20051126,2
20051128,2
20051129,7
20051130,4
20051201,5
20051202,5
20051203,2
20051205,5
20051206,8
20051207,4
20051208,8
20051209,6
20051210,2
20051212,6
20051213,8
20051214,8
20051215,9
20051216,5
20051217,3
20051218,1
20051219,8
20051220,9
20051221,12
20051222,5
20051223,5
20051224,4
20051227,4
20051228,5
20051229,6
20051230,4
20051231,3
20060102,1
20060103,10
20060104,7
20060105,8
20060106,9
20060107,5
20060109,7
20060110,6
20060111,8
20060112,5
20060113,4
20060114,3
20060116,5
20060117,6
20060118,3
20060119,2
20060120,6
20060121,5
20060122,1
20060123,4
20060124,3
20060125,4
20060126,6
20060127,14
20060128,3
20060129,1
20060130,5
20060131,6
20060201,4
20060202,5
20060203,5
20060204,1
20060205,1
20060206,3
20060207,5
20060208,5
20060209,6
20060210,7
20060211,3
20060213,9
20060214,14
20060215,5
20060216,5
20060217,4
20060218,4
20060220,1
20060221,3
20060222,5
20060223,8
20060224,9
20060225,2
20060227,8
20060228,2
20060301,7
20060302,12
20060303,6
20060304,1
20060305,2
20060306,5
20060307,2
20060308,6
20060309,7
20060310,8
20060311,2
20060313,9
20060314,7
20060315,8
20060316,5
20060317,5
20060318,3
20060320,2
20060321,3
20060322,17
20060323,10
20060324,10
20060325,3
20060326,1
20060327,6
20060328,8
20060329,9
20060330,7
20060331,5
20060401,3
20060403,12
20060404,8
20060405,10
20060406,6
20060407,9
20060408,5
20060410,5
20060411,3
20060412,6
20060413,3
20060414,5
20060415,1
20060416,1
20060417,5
20060418,5
20060419,5
20060420,6
20060421,7
20060422,5
20060424,2
20060425,3
20060426,6
20060427,8
20060428,6
20060429,2
20060501,5
20060502,2
20060503,5
20060504,7
20060505,7
20060508,7
20060509,2
20060510,6
20060511,6
20060512,10
20060513,1
20060515,5
20060516,4
20060517,6
20060518,6
20060519,6
20060520,5
20060522,11
20060523,8
20060524,5
20060525,8
20060526,6
20060527,3
20060528,1
20060529,2
20060530,5
20060531,5
20060601,4
20060602,7
20060603,4
20060605,4
20060606,3
20060607,4
20060608,4
20060609,11
20060610,2
20060612,5
20060613,9
20060614,9
20060615,7
20060616,10
20060617,2
20060618,1
20060619,6
20060620,6
20060621,10
20060622,12
20060623,7
20060624,5
20060625,1
20060626,10
20060627,8
20060628,8
20060629,7
20060630,6
20060701,3
20060703,9
20060704,2
20060705,7
20060706,6
20060707,4
20060708,2
20060710,3
20060711,7
20060712,7
20060713,6
20060714,8
20060715,2
20060717,1
20060718,4
20060719,8
20060720,1
20060721,5
20060722,1
20060724,7
20060725,5
20060726,6
20060727,12
20060728,8
20060729,3
20060730,1
20060731,3
20060801,6
20060802,6
20060803,8
20060804,8
20060805,3
20060807,2
20060808,4
20060809,6
20060810,7
20060811,6
20060814,8
20060815,4
20060816,7
20060817,7
20060818,3
20060821,4
20060822,8
20060823,8
20060824,6
20060825,3
20060826,1
20060828,3
20060829,4
20060830,5
20060831,6
20060901,6
20060902,1
20060903,1
20060904,1
20060905,5
20060906,9
20060907,2
20060908,5
20060909,2
20060911,5
20060912,8
20060913,7
20060914,7
20060915,9
20060916,2
20060917,2
20060918,7
20060919,10
20060920,18
20060921,10
20060922,6
20060924,1
20060925,7
20060926,4
20060927,6
20060928,4
20060929,7
20061002,8
20061003,6
20061004,9
20061005,9
20061006,8
20061007,2
20061009,4
20061010,5
20061011,5
20061012,4
20061013,8
20061014,4
20061016,5
20061017,4
20061018,8
20061019,9
20061020,3
20061021,2
20061022,1
20061023,1
20061024,5
20061025,7
20061026,7
20061027,3
20061028,3
20061030,3
20061031,9
20061101,9
20061102,10
20061103,5
20061104,2
20061106,8
20061107,5
20061108,6
20061109,5
20061110,5
20061111,3
20061113,3
20061114,6
20061115,11
20061116,9
20061117,7
20061118,3
20061120,6
20061121,4
20061122,11
20061123,1
20061124,7
20061126,1
20061127,8
20061128,7
20061129,7
20061130,7
20061201,5
20061202,2
20061204,7
20061205,11
20061206,7
20061207,8
20061208,6
20061209,3
20061210,1
20061211,6
20061212,9
20061213,6
20061214,6
20061215,8
20061216,4
20061217,2
20061218,5
20061219,8
20061220,8
20061221,3
20061222,8
20061223,2
20061226,2
20061227,5
20061228,4
20061229,3
20061230,2
20070102,11
20070103,3
20070104,10
20070105,6
20070108,5
20070109,4
20070110,7
20070111,6
20070112,4
20070113,2
20070115,2
20070116,7
20070117,9
20070118,3
20070119,8
20070120,4
20070122,5
20070123,8
20070124,8
20070125,8
20070126,8
20070128,1
20070129,8
20070130,5
20070131,4
20070201,3
20070202,5
20070203,1
20070204,1
20070205,7
20070206,8
20070207,5
20070208,4
20070209,8
20070210,3
20070212,4
20070213,3
20070214,7
20070215,6
20070216,4
20070217,4
20070218,2
20070219,1
20070220,7
20070221,6
20070222,4
20070223,9
20070224,3
20070226,10
20070227,5
20070228,3
20070301,10
20070302,7
20070303,6
20070304,1
20070305,9
20070306,7
20070307,3
20070308,4
20070309,11
20070310,2
20070311,1
20070312,7
20070313,10
20070314,11
20070315,11
20070316,9
20070317,4
20070319,3
20070320,5
20070321,12
20070322,15
20070323,8
20070324,4
20070326,8
20070327,3
20070328,5
20070329,7
20070330,3
20070331,4
20070402,7
20070403,3
20070404,6
20070405,4
20070406,4
20070407,1
20070409,6
20070410,9
20070411,9
20070412,4
20070413,9
20070414,3
20070415,1
20070416,5
20070417,9
20070418,7
20070419,3
20070420,4
20070421,1
20070423,9
20070424,6
20070425,12
20070426,7
20070427,8
20070428,2
20070430,4
20070501,7
20070502,8
20070503,11
20070504,6
20070505,4
20070506,1
20070507,8
20070508,7
20070509,8
20070510,6
20070511,10
20070513,2
20070514,7
20070515,8
20070516,8
20070517,6
20070518,9
20070519,1
20070521,9
20070522,5
20070523,6
20070524,6
20070525,10
20070526,5
20070527,2
20070529,13
20070530,6
20070531,8
20070601,8
20070602,4
20070604,12
20070605,8
20070606,6
20070607,2
20070608,7
20070609,4
20070611,8
20070612,7
20070613,14
20070614,5
20070615,8
20070616,2
20070618,7
20070619,7
20070620,16
20070621,13
20070622,9
20070623,3
20070624,3
20070625,6
20070626,7
20070627,7
20070628,9
20070629,7
20070630,2
20070701,1
20070702,9
20070703,7
20070704,2
20070705,5
20070706,8
20070707,3
20070708,1
20070709,5
20070710,6
20070711,6
20070712,9
20070713,4
20070714,2
20070716,5
20070717,4
20070718,10
20070719,5
20070720,9
20070721,2
20070723,4
20070724,4
20070725,9
20070726,19
20070727,11
20070728,4
20070730,8
20070731,6
20070801,11
20070802,7
20070803,7
20070804,2
20070805,1
20070806,3
20070807,4
20070808,7
20070809,8
20070810,6
20070811,1
20070813,5
20070814,6
20070815,7
20070816,4
20070817,13
20070818,2
20070819,1
20070820,10
20070821,4
20070822,13
20070823,4
20070824,6
20070825,1
20070826,1
20070827,8
20070828,8
20070829,9
20070830,10
20070831,6
20070901,1
20070904,6
20070905,4
20070906,7
20070907,13
20070908,2
20070910,1
20070911,8
20070912,13
20070913,5
20070914,14
20070915,4
20070916,2
20070917,9
20070918,14
20070919,16
20070920,15
20070921,16
20070922,3
20070923,1
20070924,7
20070925,10
20070926,6
20070927,6
20070928,5
20070929,3
20070930,1
20071001,9
20071002,11
20071003,14
20071004,9
20071005,7
20071006,8
20071007,1
20071008,11
20071009,8
20071010,6
20071011,7
20071012,10
20071013,7
20071015,4
20071016,10
20071017,14
20071018,4
20071019,6
20071020,4
20071021,1
20071022,8
20071023,6
20071024,7
20071025,14
20071026,10
20071027,3
20071029,5
20071030,6
20071031,13
20071101,11
20071102,7
20071105,11
20071106,5
20071107,16
20071108,18
20071109,13
20071110,6
20071111,1
20071112,8
20071113,4
20071114,7
20071115,8
20071116,6
20071117,2
20071119,7
20071120,7
20071121,7
20071122,1
20071123,2
20071126,3
20071127,8
20071128,7
20071129,12
20071130,11
20071201,4
20071202,2
20071203,7
20071204,10
20071205,14
20071206,7
20071207,13
20071208,4
20071209,1
20071210,7
20071211,13
20071212,14
20071213,12
20071214,9
20071215,1
20071216,1
20071217,8
20071218,13
20071219,17
20071220,25
20071221,23
20071222,6
20071223,1
20071224,8
20071225,1
20071226,5
20071227,3
20071228,8
20071229,4
20071230,1
20071231,6
20080102,13
20080103,11
20080104,9
20080105,1
20080107,3
20080108,6
20080109,8
20080110,10
20080111,8
20080112,4
20080113,1
20080114,12
20080115,15
20080116,13
20080117,10
20080118,6
20080119,1
20080120,1
20080121,2
20080122,6
20080123,12
20080124,20
20080125,13
20080126,6
20080128,8
20080129,11
20080130,10
20080131,9
20080201,7
20080202,1
20080203,2
20080204,18
20080205,5
20080206,11
20080207,6
20080208,12
20080209,2
20080211,8
20080212,5
20080213,9
20080214,16
20080215,11
20080216,5
20080219,5
20080220,8
20080221,10
20080222,5
20080223,2
20080224,2
20080225,14
20080226,9
20080227,13
20080228,9
20080229,7
20080301,4
20080302,1
20080303,8
20080304,10
20080305,10
20080306,6
20080307,9
20080308,3
20080310,11
20080311,11
20080312,6
20080313,15
20080314,15
20080315,6
20080316,2
20080317,14
20080318,13
20080319,18
20080320,20
20080321,7
20080322,5
20080323,1
20080324,6
20080325,6
20080326,14
20080327,9
20080328,5
20080329,2
20080330,1
20080331,6
20080401,16
20080402,14
20080403,14
20080404,8
20080405,1
20080406,1
20080407,3
20080408,6
20080409,10
20080410,19
20080411,12
20080412,2
20080414,8
20080415,11
20080416,16
20080417,13
20080418,16
20080419,1
20080421,5
20080422,7
20080423,5
20080424,13
20080425,5
20080426,1
20080428,7
20080429,2
20080430,6
20080501,6
20080502,7
20080503,1
20080505,8
20080506,6
20080507,5
20080508,7
20080509,9
20080510,4
20080512,8
20080513,7
20080514,13
20080515,4
20080516,3
20080517,3
20080518,1
20080519,12
20080520,11
20080521,10
20080522,9
20080523,6
20080524,2
20080526,2
20080527,7
20080528,10
20080529,6
20080530,8
20080531,4
20080602,7
20080603,17
20080604,9
20080605,9
20080606,8
20080607,5
20080608,1
20080609,5
20080610,4
20080611,7
20080612,10
20080613,15
20080614,3
20080615,1
20080616,6
20080617,16
20080618,20
20080619,15
20080620,8
20080621,2
20080622,2
20080623,6
20080624,10
20080625,7
20080626,5
20080627,7
20080628,2
20080630,5
20080701,5
20080702,5
20080703,9
20080704,3
20080705,1
20080707,4
20080708,2
20080709,8
20080710,7
20080711,8
20080712,3
20080713,1
20080714,7
20080715,7
20080716,7
20080717,11
20080718,3
20080719,3
20080721,9
20080722,9
20080723,3
20080724,1
20080725,5
20080726,1
20080728,11
20080729,6
20080730,8
20080731,4
20080801,7
20080803,1
20080804,9
20080805,4
20080806,5
20080807,4
20080808,5
20080809,1
20080811,7
20080812,13
20080813,11
20080814,8
20080815,6
20080816,2
20080817,1
20080818,6
20080819,6
20080820,3
20080821,7
20080822,4
20080823,2
20080824,2
20080825,6
20080826,9
20080827,8
20080828,2
20080829,1
20080830,1
20080901,3
20080902,4
20080903,4
20080904,3
20080905,5
20080906,4
20080907,1
20080908,9
20080909,6
20080910,7
20080911,8
20080912,11
20080913,4
20080914,3
20080915,18
20080916,19
20080917,33
20080918,33
20080919,31
20080920,11
20080921,4
20080922,23
20080923,23
20080924,12
20080925,16
20080926,14
20080927,6
20080928,1
20080929,9
20080930,12
20081001,19
20081002,15
20081003,7
20081004,1
20081005,1
20081006,2
20081007,6
20081008,11
20081009,11
20081010,15
20081011,9
20081012,1
20081013,17
20081014,14
20081015,23
20081016,6
20081017,7
20081018,3
20081020,10
20081021,4
20081022,2
20081023,4
20081024,6
20081025,2
20081027,8
20081028,16
20081029,8
20081030,9
20081031,5
20081101,1
20081103,3
20081104,8
20081105,7
20081106,7
20081107,6
20081108,1
20081110,8
20081111,9
20081112,6
20081113,9
20081114,8
20081115,6
20081117,5
20081118,7
20081119,4
20081120,11
20081121,6
20081122,2
20081124,8
20081125,2
20081126,8
20081127,1
20081128,9
20081130,2
20081201,5
20081202,6
20081203,12
20081204,1
20081205,8
20081206,2
20081207,2
20081208,7
20081209,4
20081210,8
20081211,4
20081212,3
20081213,2
20081214,3
20081215,2
20081216,9
20081217,13
20081218,12
20081219,5
20081220,4
20081222,6
20081223,5
20081224,7
20081226,2
20081227,2
20081229,1
20081231,7
20090102,12
20090105,3
20090106,8
20090107,9
20090108,8
20090109,3
20090110,6
20090112,8
20090113,10
20090114,18
20090115,13
20090116,7
20090117,3
20090118,1
20090119,1
20090120,7
20090121,5
20090122,3
20090123,3
20090124,5
20090126,4
20090127,8
20090128,4
20090129,7
20090130,4
20090131,5
20090202,10
20090203,9
20090204,8
20090205,8
20090206,3
20090209,3
20090210,4
20090211,8
20090212,6
20090213,9
20090214,3
20090216,3
20090217,6
20090218,6
20090219,6
20090220,6
20090221,3
20090222,4
20090223,5
20090224,4
20090225,5
20090226,8
20090227,5
20090228,5
20090302,3
20090303,1
20090304,9
20090305,3
20090306,2
20090307,4
20090309,9
20090310,7
20090311,8
20090312,3
20090313,2
20090314,3
20090316,4
20090317,4
20090318,3
20090319,5
20090320,4
20090321,3
20090322,1
20090323,6
20090324,5
20090325,2
20090326,10
20090327,4
20090328,1
20090329,1
20090330,4
20090331,2
20090401,13
20090402,8
20090403,4
20090404,3
20090406,12
20090407,4
20090408,4
20090409,7
20090410,5
20090411,1
20090413,8
20090414,9
20090415,7
20090416,4
20090417,9
20090418,2
20090419,1
20090420,8
20090421,6
20090422,13
20090423,11
20090424,5
20090425,2
20090426,1
20090427,2
20090428,6
20090429,8
20090430,8
20090501,4
20090502,2
20090503,1
20090504,7
20090505,4
20090506,8
20090507,4
20090508,12
20090509,6
20090511,8
20090512,10
20090513,4
20090514,8
20090515,4
20090518,3
20090519,12
20090520,7
20090521,9
20090522,10
20090523,2
20090525,1
20090526,14
20090527,8
20090528,8
20090529,5
20090530,2
20090531,2
20090601,6
20090602,7
20090603,14
20090604,13
20090605,4
20090606,2
20090607,1
20090608,2
20090609,10
20090610,8
20090611,7
20090612,10
20090613,1
20090615,4
20090616,5
20090617,8
20090618,13
20090619,6
20090620,2
20090622,9
20090623,3
20090624,6
20090625,4
20090626,9
20090628,1
20090629,4
20090630,4
20090701,9
20090702,5
20090703,3
20090704,2
20090706,7
20090707,2
20090708,2
20090709,2
20090710,3
20090711,2
20090713,3
20090714,5
20090715,7
20090716,4
20090717,9
20090718,2
20090720,5
20090721,7
20090722,15
20090723,8
20090724,7
20090725,2
20090727,3
20090728,5
20090729,3
20090730,7
20090731,4
20090801,2
20090802,1
20090803,2
20090804,8
20090805,5
20090806,9
20090807,5
20090808,3
20090810,3
20090811,5
20090812,3
20090813,6
20090814,6
20090815,1
20090817,5
20090818,2
20090819,3
20090820,2
20090821,9
20090822,4
20090824,7
20090825,6
20090826,5
20090827,5
20090828,6
20090829,2
20090831,6
20090901,8
20090902,11
20090903,2
20090904,1
20090906,1
20090907,3
20090908,6
20090909,5
20090910,8
20090911,10
20090912,3
20090914,10
20090915,2
20090916,2
20090917,4
20090918,8
20090919,1
20090921,5
20090922,6
20090923,5
20090924,6
20090925,6
20090926,1
20090928,8
20090929,5
20090930,12
20091001,6
20091002,6
20091003,1
20091004,1
20091005,7
20091006,7
20091007,4
20091008,5
20091009,7
20091010,3
20091012,7
20091013,3
20091014,9
20091015,6
20091016,6
20091017,2
20091018,1
20091019,2
20091020,7
20091021,16
20091022,12
20091023,7
20091024,2
20091026,5
20091027,3
20091028,7
20091029,5
20091030,10
20091031,1
20091101,1
20091102,7
20091103,8
20091104,8
20091105,5
20091106,6
20091109,6
20091110,6
20091111,4
20091112,11
20091113,3
20091114,1
20091115,1
20091116,5
20091117,4
20091118,9
20091119,7
20091120,6
20091121,1
20091122,1
20091123,7
20091124,6
20091125,7
20091126,6
20091127,8
20091130,3
20091201,7
20091202,7
20091203,13
20091204,10
20091205,2
20091207,8
20091208,12
20091209,9
20091210,4
20091211,6
20091212,4
20091213,2
20091214,11
20091215,8
20091216,7
20091217,7
20091218,9
20091219,5
20091221,7
20091222,9
20091223,5
20091224,6
20091226,1
20091228,5
20091229,4
20091230,2
20091231,1
20100103,2
20100104,11
20100105,7
20100106,8
20100107,2
20100108,5
20100109,4
20100111,6
20100112,11
20100113,9
20100114,13
20100115,11
20100116,4
20100118,3
20100119,4
20100120,16
20100121,19
20100122,10
20100123,10
20100124,5
20100125,9
20100126,4
20100127,8
20100128,5
20100129,5
20100130,2
20100131,3
20100201,5
20100202,8
20100203,12
20100204,8
20100205,8
20100206,2
20100208,11
20100209,10
20100210,11
20100211,6
20100212,3
20100213,2
20100214,1
20100215,3
20100216,2
20100217,4
20100218,3
20100219,10
20100220,3
20100221,2
20100222,7
20100223,9
20100224,12
20100225,8
20100226,8
20100227,1
20100301,9
20100302,10
20100303,2
20100304,4
20100305,11
20100306,1
20100307,2
20100308,10
20100309,6
20100310,6
20100311,8
20100312,4
20100313,1
20100314,2
20100315,5
20100316,3
20100317,5
20100318,8
20100319,4
20100320,2
20100321,1
20100322,5
20100323,4
20100324,4
20100325,6
20100326,4
20100327,2
20100329,4
20100330,3
20100331,5
20100401,11
20100402,3
20100403,1
20100404,1
20100405,6
20100406,3
20100407,4
20100408,3
20100409,3
20100410,6
20100412,2
20100413,7
20100414,9
20100415,10
20100416,7
20100417,1
20100418,1
20100419,6
20100420,5
20100421,8
20100422,10
20100423,2
20100424,1
20100425,1
20100426,12
20100427,6
20100428,7
20100429,6
20100430,4
20100501,2
20100502,2
20100503,8
20100504,5
20100505,6
20100506,6
20100507,2
20100510,1
20100511,4
20100512,7
20100513,11
20100514,3
20100515,5
20100516,2
20100517,8
20100518,5
20100519,4
20100520,4
20100521,5
20100522,2
20100524,3
20100525,9
20100526,4
20100527,7
20100528,3
20100529,2
20100530,2
20100531,2
20100601,1
20100602,6
20100603,2
20100604,5
20100605,3
20100606,1
20100607,5
20100608,5
20100609,8
20100610,7
20100611,8
20100612,2
20100614,8
20100615,7
20100616,9
20100617,2
20100618,3
20100619,3
20100621,14
20100622,7
20100623,8
20100624,5
20100625,6
20100626,3
20100627,2
20100628,6
20100629,8
20100630,5
20100701,8
20100702,4
20100703,1
20100705,2
20100706,7
20100707,10
20100708,6
20100709,8
20100710,1
20100712,6
20100713,7
20100714,9
20100715,11
20100716,5
20100717,2
20100718,3
20100719,2
20100720,5
20100721,11
20100722,8
20100723,3
20100724,6
20100726,3
20100727,5
20100728,7
20100729,7
20100730,7
20100731,1
20100801,1
20100802,10
20100803,5
20100804,3
20100805,10
20100806,8
20100807,4
20100809,8
20100810,10
20100811,12
20100812,8
20100813,7
20100816,7
20100817,4
20100818,5
20100819,9
20100820,5
20100821,4
20100823,4
20100824,4
20100825,3
20100826,4
20100827,5
20100828,1
20100830,5
20100831,5
20100901,9
20100902,8
20100903,3
20100904,3
20100907,13
20100908,9
20100909,8
20100910,3
20100911,2
20100912,2
20100913,13
20100914,12
20100915,10
20100916,12
20100917,5
20100918,3
20100919,1
20100920,5
20100921,6
20100922,6
20100923,4
20100924,6
20100925,3
20100926,1
20100927,8
20100928,10
20100929,6
20100930,6
20101001,8
20101002,1
20101004,6
20101005,7
20101006,7
20101007,6
20101008,9
20101009,1
20101010,3
20101011,7
20101012,6
20101013,12
20101014,9
20101015,11
20101016,3
20101017,3
20101018,5
20101019,4
20101020,17
20101021,12
20101022,4
20101023,2
20101024,1
20101025,9
20101026,7
20101027,6
20101028,11
20101029,7
20101031,1
20101101,11
20101102,5
20101103,10
20101104,10
20101105,8
20101106,2
20101108,16
20101109,10
20101110,11
20101111,9
20101112,12
20101113,1
20101114,2
20101115,11
20101116,10
20101117,8
20101118,15
20101119,6
20101120,1
20101121,1
20101122,4
20101123,5
20101124,4
20101125,3
20101126,4
20101127,2
20101129,11
20101130,9
20101201,24
20101202,21
20101203,9
20101204,1
20101205,1
20101206,10
20101207,7
20101208,18
20101209,13
20101210,8
20101211,3
20101213,6
20101214,6
20101215,6
20101216,12
20101217,2
20101218,3
20101219,1
20101220,8
20101221,6
20101222,6
20101223,2
20101224,3
20101226,1
20101227,4
20101228,5
20101229,5
20101230,7
20101231,3
20110102,2
20110103,15
20110104,14
20110105,11
20110106,8
20110107,9
20110108,5
20110110,6
20110111,10
20110112,9
20110113,17
20110114,11
20110115,4
20110116,1
20110117,7
20110118,14
20110119,18
20110120,18
20110121,21
20110122,7
20110123,2
20110124,7
20110125,9
20110126,13
20110127,12
20110128,10
20110129,5
20110131,12
20110201,16
20110202,8
20110203,13
20110204,9
20110205,3
20110206,1
20110207,7
20110208,6
20110209,16
20110210,9
20110211,5
20110214,8
20110215,10
20110216,9
20110217,8
20110218,8
20110219,2
20110220,2
20110221,5
20110222,8
20110223,11
20110224,10
20110225,8
20110226,3
20110228,12
20110301,15
20110302,7
20110303,7
20110304,8
20110305,4
20110306,1
20110307,8
20110308,13
20110309,12
20110310,15
20110311,9
20110312,2
20110314,10
20110315,9
20110316,6
20110317,11
20110318,6
20110319,2
20110320,1
20110321,10
20110322,9
20110323,10
20110324,11
20110325,6
20110326,4
20110327,1
20110328,5
20110329,8
20110330,8
20110331,11
20110401,16
20110402,3
20110403,2
20110404,10
20110405,10
20110406,7
20110407,8
20110408,4
20110409,2
20110410,3
20110411,9
20110412,15
20110413,10
20110414,14
20110415,18
20110416,2
20110418,16
20110419,3
20110420,4
20110421,20
20110422,7
20110423,2
20110424,2
20110425,16
20110426,8
20110427,6
20110428,6
20110429,8
20110430,1
20110501,1
20110502,4
20110503,7
20110504,7
20110505,6
20110506,5
20110509,6
20110510,4
20110511,5
20110512,8
20110513,13
20110514,3
20110515,1
20110516,15
20110517,14
20110518,14
20110519,11
20110520,5
20110521,3
20110523,10
20110524,11
20110525,12
20110526,12
20110527,6
20110528,3
20110530,4
20110531,4
20110601,11
20110602,12
20110603,12
20110605,2
20110606,9
20110607,6
20110608,18
20110609,21
20110610,10
20110611,2
20110612,2
20110613,10
20110614,10
20110615,14
20110616,10
20110617,6
20110618,2
20110620,10
20110621,10
20110622,14
20110623,8
20110624,12
20110625,4
20110626,1
20110627,12
20110628,13
20110629,12
20110630,11
20110701,9
20110702,2
20110703,1
20110704,2
20110705,9
20110706,8
20110707,10
20110708,12
20110709,1
20110711,11
20110712,7
20110713,7
20110714,12
20110715,14
20110716,5
20110718,17
20110719,8
20110720,14
20110721,16
20110722,12
20110723,3
20110724,1
20110725,8
20110726,5
20110727,10
20110728,8
20110729,8
20110730,2
20110731,1
20110801,6
20110802,8
20110803,8
20110804,8
20110805,12
20110806,2
20110807,2
20110808,9
20110809,7
20110810,13
20110811,10
20110812,10
20110813,4
20110815,6
20110816,13
20110817,2
20110818,16
20110819,16
20110820,2
20110822,5
20110823,8
20110824,8
20110825,5
20110826,5
20110827,4
20110829,6
20110830,4
20110831,6
20110901,9
20110902,8
20110903,3
20110905,3
20110906,11
20110907,14
20110908,16
20110909,6
20110912,8
20110913,11
20110914,8
20110915,17
20110916,10
20110917,2
20110919,7
20110920,8
20110921,8
20110922,14
20110923,7
20110924,2
20110926,7
20110927,3
20110928,7
20110929,6
20110930,3
20111001,5
20111003,17
20111004,20
20111005,11
20111006,8
20111007,10
20111008,1
20111009,1
20111010,6
20111011,8
20111012,11
20111013,18
20111014,11
20111015,2
20111016,1
20111017,24
20111018,13
20111019,19
20111020,15
20111021,3
20111022,3
20111024,4
20111025,7
20111026,7
20111027,8
20111028,6
20111029,2
20111031,7
20111101,8
20111102,3
20111103,8
20111104,15
20111105,3
20111107,5
20111108,6
20111109,13
20111110,17
20111111,7
20111112,1
20111114,8
20111115,7
20111116,9
20111117,12
20111118,6
20111119,2
20111121,7
20111122,7
20111123,6
20111124,3
20111125,5
20111128,9
20111129,17
20111130,9
20111201,9
20111202,10
20111203,1
20111205,9
20111206,15
20111207,7
20111208,8
20111209,2
20111210,1
20111211,1
20111212,4
20111213,9
20111214,18
20111215,17
20111216,7
20111217,3
20111218,1
20111219,11
20111220,8
20111221,10
20111222,5
20111223,1
20111224,1
20111226,1
20111227,3
20111228,5
20111229,3
20111230,10
20111231,1
20120103,14
20120104,8
20120105,8
20120106,12
20120107,5
20120108,1
20120109,17
20120110,7
20120111,7
20120112,12
20120113,13
20120114,1
20120115,1
20120116,4
20120117,21
20120118,10
20120119,19
20120120,13
20120121,1
20120122,1
20120123,10
20120124,6
20120125,14
20120126,6
20120127,16
20120128,2
20120130,8
20120131,10
20120201,19
20120202,15
20120203,12
20120204,3
20120205,2
20120206,13
20120207,10
20120208,15
20120209,7
20120210,4
20120211,2
20120213,4
20120214,7
20120215,8
20120216,16
20120217,8
20120218,2
20120220,3
20120221,11
20120222,10
20120223,13
20120224,5
20120225,2
20120227,4
20120228,12
20120229,8
20120301,12
20120302,5
20120305,11
20120306,13
20120307,13
20120308,11
20120309,4
20120310,1
20120311,1
20120312,5
20120313,9
20120314,6
20120315,18
20120316,9
20120318,2
20120319,11
20120320,16
20120321,9
20120322,9
20120323,6
20120325,2
20120326,4
20120327,17
20120328,9
20120329,11
20120330,9
20120401,4
20120402,10
20120403,12
20120404,6
20120405,9
20120406,5
20120407,1
20120408,2
20120409,3
20120410,3
20120411,4
20120412,8
20120413,8
20120415,3
20120416,10
20120417,7
20120418,8
20120419,29
20120420,6
20120422,2
20120423,9
20120424,12
20120425,6
20120426,14
20120427,6
20120429,1
20120430,4
20120501,11
20120502,7
20120503,13
20120504,5
20120506,1
20120507,13
20120508,11
20120509,15
20120510,22
20120511,18
20120514,9
20120515,8
20120516,12
20120517,13
20120518,15
20120520,3
20120521,16
20120522,21
20120523,25
20120524,24
20120525,13
20120526,1
20120527,1
20120528,3
20120529,11
20120530,11
20120531,14
20120601,9
20120603,1
20120604,3
20120605,14
20120606,10
20120607,5
20120608,4
20120611,6
20120612,13
20120613,7
20120614,9
20120615,6
20120616,1
20120618,19
20120619,6
20120620,4
20120621,12
20120622,12
20120624,1
20120625,12
20120626,12
20120627,14
20120628,6
20120629,7
20120630,2
20120701,2
20120702,10
20120703,9
20120704,5
20120705,9
20120706,3
20120708,4
20120709,14
20120710,3
20120711,4
20120712,10
20120713,7
20120715,1
20120716,20
20120717,14
20120718,2
20120719,22
20120720,15
20120722,6
20120723,10
20120724,9
20120725,11
20120726,14
20120727,4
20120729,1
20120731,8
20120801,5
20120802,7
20120803,6
20120804,1
20120805,1
20120806,9
20120807,5
20120808,8
20120809,13
20120810,11
20120812,4
20120813,12
20120814,12
20120815,3
20120816,8
20120817,6
20120819,1
20120820,5
20120821,2
20120822,6
20120823,7
20120824,15
20120826,1
20120827,4
20120828,5
20120829,9
20120830,6
20120831,8
20120902,1
20120903,6
20120904,15
20120905,7
20120906,13
20120907,14
20120909,4
20120910,6
20120911,15
20120912,11
20120913,5
20120914,3
20120915,2
20120916,2
20120917,12
20120918,10
20120919,9
20120920,8
20120921,3
20120922,1
20120923,1
20120924,7
20120925,10
20120926,8
20120927,9
20120928,10
20120930,4
20121001,7
20121002,6
20121003,7
20121004,13
20121005,10
20121007,1
20121008,6
20121009,12
20121010,11
20121011,7
20121012,11
20121014,2
20121015,13
20121016,13
20121017,6
20121018,21
20121019,11
20121021,2
20121022,13
20121023,7
20121024,5
20121025,9
20121026,5
20121028,1
20121029,7
20121030,5
20121031,6
20121101,8
20121102,3
20121104,2
20121105,11
20121106,7
20121107,12
20121108,7
20121109,6
20121110,1
20121112,5
20121113,8
20121114,10
20121115,4
20121116,8
20121118,2
20121119,2
20121120,9
20121121,6
20121123,3
20121126,4
20121127,13
20121128,11
20121129,9
20121130,9
20121202,2
20121203,11
20121204,11
20121205,11
20121206,8
20121207,13
20121208,1
20121209,3
20121210,6
20121211,7
20121212,3
20121213,12
20121214,6
20121215,1
20121216,6
20121217,10
20121218,8
20121219,8
20121220,9
20121221,1
20121223,1
20121224,1
20121226,1
20121227,3
20121228,5
20121230,3
20121231,3
20130101,4
20130102,5
20130103,2
20130104,4
20130106,1
20130107,10
20130108,7
20130109,9
20130110,11
20130111,11
20130113,2
20130114,3
20130115,7
20130116,21
20130117,7
20130118,28
20130120,1
20130121,4
20130122,8
20130123,13
20130124,13
20130125,16
20130126,1
20130127,1
20130128,5
20130129,10
20130130,7
20130131,9
20130201,9
20130203,3
20130204,9
20130205,9
20130206,6
20130207,4
20130208,8
20130210,2
20130211,2
20130212,9
20130213,10
20130214,5
20130215,6
20130218,3
20130219,6
20130220,5
20130221,4
20130222,7
20130224,1
20130225,10
20130226,8
20130227,8
20130228,7
20130301,12
20130303,2
20130304,6
20130305,5
20130306,9
20130307,8
20130308,16
20130310,2
20130311,9
20130312,5
20130313,8
20130314,7
20130315,9
20130317,2
20130318,13
20130319,7
20130320,4
20130321,7
20130322,4
20130324,3
20130325,8
20130326,12
20130327,8
20130328,8
20130329,5
20130331,4
20130401,5
20130402,6
20130403,9
20130404,5
20130405,6
20130407,2
20130408,4
20130409,10
20130410,4
20130411,13
20130412,7
20130414,4
20130415,9
20130416,6
20130417,6
20130418,34
20130419,7
20130421,1
20130422,7
20130423,6
20130424,9
20130425,9
20130426,7
20130428,3
20130429,7
20130430,12
20130501,7
20130502,18
20130503,4
20130505,3
20130506,4
20130507,6
20130508,9
20130509,11
20130510,7
20130512,4
20130513,9
20130514,11
20130515,12
20130516,6
20130517,5
20130520,15
20130521,3
20130522,14
20130523,10
20130524,4
20130527,5
20130528,10
20130529,7
20130530,9
20130531,9
20130602,2
20130603,3
20130604,8
20130605,7
20130606,4
20130607,6
20130609,2
20130610,5
20130611,13
20130612,18
20130613,7
20130614,6
20130616,1
20130617,6
20130618,1
20130619,2
20130620,5
20130621,6
20130622,2
20130623,1
20130624,6
20130625,6
20130626,6
20130627,4
20130628,5
20130630,1
20130701,4
20130702,14
20130703,8
20130704,4
20130705,1
20130707,4
20130708,7
20130709,12
20130710,2
20130711,7
20130712,10
20130714,3
20130715,5
20130716,5
20130717,5
20130718,18
20130719,5
20130721,1
20130722,7
20130723,7
20130724,4
20130725,6
20130726,2
20130728,1
20130729,9
20130730,8
20130731,6
20130801,3
20130802,7
20130804,2
20130805,8
20130806,4
20130807,6
20130808,7
20130809,10
20130812,6
20130813,6
20130814,4
20130815,4
20130816,4
20130818,2
20130819,3
20130820,4
20130821,7
20130822,7
20130823,9
20130826,2
20130827,2
20130828,7
20130829,3
20130830,2
20130902,12
20130903,4
20130904,15
20130905,1
20130906,11
20130909,5
20130910,11
20130911,10
20130912,12
20130913,5
20130914,1
20130915,2
20130916,12
20130917,10
20130918,11
20130919,12
20130920,8
20130921,1
20130922,3
20130923,6
20130924,3
20130925,12
20130926,10
20130927,5
20130929,1
20130930,12
20131001,6
20131002,7
20131003,13
20131004,2
20131006,1
20131007,4
20131008,4
20131009,7
20131010,5
20131011,3
20131013,1
20131014,7
20131015,8
20131016,10
20131017,3
20131018,22
20131019,2
20131020,2
20131021,6
20131022,3
20131023,2
20131024,8
20131025,8
20131026,1
20131028,5
20131029,7
20131030,9
20131031,8
20131101,4
20131103,3
20131104,10
20131105,8
20131106,14
20131107,11
20131108,8
20131110,1
20131111,9
20131112,6
20131113,8
20131114,9
20131115,4
20131117,3
20131118,4
20131119,9
20131120,9
20131121,5
20131122,3
20131124,3
20131125,2
20131126,6
20131127,3
20131128,1
20131129,2
20131130,1
20131201,1
20131202,14
20131203,10
20131204,10
20131205,14
20131206,5
20131207,1
20131208,3
20131209,6
20131210,10
20131211,9
20131212,9
20131213,6
20131215,2
20131216,5
20131217,4
20131218,6
20131219,11
20131220,6
20131223,3
20131224,2
20131226,2
20131227,1
20131229,1
20131230,4
20131231,1
20140101,2
20140102,3
20140103,2
20140104,1
20140105,3
20140106,9
20140107,9
20140108,6
20140109,7
20140110,10
20140111,1
20140112,2
20140113,8
20140114,10
20140115,12
20140116,10
20140117,25
20140118,2
20140119,2
20140120,7
20140121,10
20140122,7
20140123,9
20140124,5
20140126,2
20140127,7
20140128,5
20140129,3
20140130,3
20140131,6
20140202,4
20140203,4
20140204,6
20140205,7
20140206,2
20140207,9
20140209,5
20140210,7
20140211,7
20140212,4
20140213,12
20140214,3
20140216,1
20140217,3
20140218,4
20140219,10
20140220,11
20140221,6
20140223,3
20140224,3
20140225,17
20140226,13
20140227,11
20140228,10
20140302,1
20140303,16
20140304,11
20140305,8
20140306,8
20140307,6
20140309,6
20140310,5
20140311,5
20140312,9
20140313,3
20140314,6
20140316,3
20140317,9
20140318,5
20140319,10
20140320,15
20140321,4
20140323,2
20140324,9
20140325,7
20140326,6
20140327,8
20140328,7
20140331,9
20140401,5
20140402,5
20140403,14
20140404,8
20140406,2
20140407,2
20140408,7
20140409,11
20140410,7
20140411,6
20140413,1
20140414,7
20140415,7
20140416,7
20140417,27
20140418,5
20140421,8
20140422,8
20140423,6
20140424,15
20140425,7
20140426,1
20140427,4
20140428,9
20140429,8
20140430,12
20140501,6
20140502,10
20140504,1
20140505,10
20140506,15
20140507,7
20140508,8
20140509,3
20140512,8
20140513,7
20140514,10
20140515,7
20140516,10
20140518,3
20140519,10
20140520,11
20140521,6
20140522,3
20140523,9
20140524,1
20140526,2
20140527,7
20140528,7
20140529,9
20140530,7
20140601,1
20140602,2
20140603,7
20140604,6
20140605,10
20140606,5
20140608,2
20140609,11
20140610,4
20140611,7
20140612,12
20140613,3
20140615,3
20140616,10
20140617,16
20140618,2
20140619,11
20140620,5
20140622,2
20140623,8
20140624,9
20140625,8
20140626,6
20140627,6
20140629,1
20140630,6
20140701,10
20140702,8
20140703,4
20140704,3
20140707,12
20140708,7
20140709,6
20140710,10
20140711,7
20140713,3
20140714,11
20140715,13
20140716,9
20140717,19
20140718,7
20140720,1
20140721,4
20140722,8
20140723,7
20140724,5
20140725,10
20140726,2
20140727,3
20140728,4
20140729,9
20140730,12
20140731,4
20140801,4
20140803,4
20140804,4
20140805,10
20140806,6
20140807,6
20140808,1
20140810,2
20140811,7
20140812,5
20140813,7
20140814,8
20140815,6
20140817,1
20140818,7
20140819,2
20140820,3
20140821,10
20140822,4
20140823,1
20140824,5
20140825,2
20140826,4
20140827,6
20140828,7
20140829,3
20140901,3
20140902,7
20140903,9
20140904,10
20140905,4
20140907,4
20140908,5
20140909,13
20140910,6
20140911,3
20140912,4
20140914,6
20140915,10
20140916,9
20140917,3
20140918,2
20140919,8
20140921,4
20140922,4
20140923,9
20140924,7
20140925,7
20140926,3
20140927,2
20140928,2
20140929,9
20140930,1
20141001,7
20141002,12
20141003,6
20141006,3
20141007,6
20141008,3
20141009,9
20141010,14
20141011,2
20141012,2
20141013,7
20141014,10
20141015,7
20141016,7
20141017,15
20141018,1
20141019,5
20141020,12
20141021,12
20141022,4
20141023,5
20141024,5
20141026,3
20141027,7
20141028,12
20141029,9
20141030,5
20141031,1
20141102,1
20141103,6
20141104,11
20141105,7
20141106,10
20141107,5
20141108,1
20141109,1
20141110,5
20141111,6
20141112,6
20141113,4
20141114,5
20141115,1
20141116,1
20141117,5
20141118,10
20141119,22
20141120,19
20141121,13
20141123,4
20141124,5
20141125,7
20141126,5
20141127,1
20141128,3
20141130,2
20141201,10
20141202,8
20141203,8
20141204,4
20141205,4
20141207,7
20141208,7
20141209,8
20141210,12
20141211,9
20141212,5
20141213,1
20141215,5
20141216,9
20141217,6
20141218,7
20141219,8
20141220,1
20141221,1
20141222,8
20141223,6
20141224,2
20141226,3
20141227,1
20141228,3
20141229,2
20141230,4
20141231,1
20150101,4
20150102,1
20150104,4
20150105,9
20150106,8
20150107,16
20150108,11
20150109,5
20150111,3
20150112,9
20150113,12
20150114,9
20150115,11
20150116,7
20150119,3
20150120,16
20150121,11
20150122,14
20150123,9
20150125,1
20150126,6
20150127,9
20150128,6
20150129,10
20150130,5
20150201,6
20150202,7
20150203,6
20150204,7
20150205,7
20150206,5
20150208,5
20150209,5
20150210,4
20150211,6
20150212,5
20150213,2
20150216,4
20150217,10
20150218,5
20150219,8
20150220,4
20150222,1
20150223,12
20150224,9
20150225,10
20150226,11
20150227,5
20150301,2
20150302,9
20150303,9
20150304,4
20150305,4
20150306,5
20150308,1
20150309,2
20150310,9
20150311,15
20150312,16
20150313,8
20150315,2
20150316,2
20150317,9
20150318,4
20150319,8
20150320,3
20150323,7
20150324,24
20150325,17
20150326,13
20150327,10
20150329,1
20150330,10
20150331,8
20150401,9
20150402,13
20150405,2
20150406,6
20150407,4
20150408,5
20150409,7
20150410,2
20150412,3
20150413,5
20150414,10
20150415,6
20150416,11
20150417,1
20150419,3
20150420,23
20150421,15
20150422,6
20150423,11
20150424,10
20150426,3
20150427,7
20150428,4
20150429,8
20150430,5
