20050102,2
20050103,9
20050104,8
20050105,16
20050106,8
20050107,10
20050108,1
20050109,1
20050110,7
20050111,10
20050112,17
20050113,11
20050114,9
20050116,1
20050117,6
20050118,8
20050119,13
20050120,8
20050121,11
20050123,2
20050124,11
20050125,13
20050126,14
20050127,10
20050128,17
20050130,1
20050131,8
20050201,7
20050202,14
20050203,14
20050204,14
20050206,1
20050207,11
20050208,13
20050209,16
20050210,10
20050211,17
20050213,2
20050214,9
20050215,9
20050216,10
20050217,6
20050218,8
20050219,1
20050220,1
20050221,1
20050222,7
20050223,15
20050224,8
20050225,12
20050227,2
20050228,14
20050301,8
20050302,11
20050303,8
20050304,10
20050306,2
20050307,11
20050308,6
20050309,10
20050310,10
20050311,10
20050313,2
20050314,10
20050315,8
20050316,12
20050317,11
20050318,13
20050320,2
20050321,16
20050322,14
20050323,7
20050324,10
20050325,14
20050327,2
20050328,8
20050329,9
20050330,13
20050331,8
20050401,14
20050403,1
20050404,12
20050405,11
20050406,13
20050407,18
20050408,8
20050410,1
20050411,10
20050412,8
20050413,13
20050414,11
20050415,13
20050417,1
20050418,16
20050419,13
20050420,15
20050421,14
20050422,25
20050423,1
20050424,3
20050425,16
20050426,9
20050427,17
20050428,12
20050429,14
20050430,1
20050501,1
20050502,9
20050503,11
20050504,14
20050505,12
20050506,10
20050507,1
20050508,1
20050509,8
20050510,13
20050511,17
20050512,9
20050513,8
20050514,1
20050515,2
20050516,9
20050517,10
20050518,8
20050519,10
20050520,12
20050521,1
20050523,6
20050524,10
20050525,13
20050526,9
20050527,9
20050528,1
20050529,3
20050530,1
20050531,7
20050601,8
20050602,14
20050603,10
20050604,1
20050605,2
20050606,7
20050607,11
20050608,13
20050609,10
20050610,13
20050612,2
20050613,8
20050614,7
20050615,9
20050616,10
20050617,11
20050619,1
20050620,5
20050621,7
20050622,9
20050623,10
20050624,13
20050626,2
20050627,8
20050628,12
20050629,7
20050630,11
20050701,8
20050703,1
20050705,8
20050706,11
20050707,9
20050708,11
20050710,4
20050711,4
20050712,13
20050713,8
20050714,9
20050715,8
20050717,2
20050718,7
20050719,9
20050720,13
20050721,13
20050722,14
20050723,1
20050724,1
20050725,4
20050726,13
20050727,19
20050728,10
20050729,10
20050731,3
20050801,6
20050802,9
20050803,13
20050804,7
20050805,10
20050807,2
20050808,8
20050809,12
20050810,15
20050811,11
20050812,14
20050814,2
20050815,7
20050816,7
20050817,12
20050818,7
20050819,14
20050820,1
20050821,1
20050822,8
20050823,10
20050824,7
20050825,12
20050826,13
20050828,1
20050829,7
20050830,5
20050831,9
20050901,10
20050902,10
20050903,1
20050904,1
20050906,10
20050907,8
20050908,9
20050909,9
20050910,1
20050911,2
20050912,7
20050913,13
20050914,11
20050915,10
20050916,9
20050917,4
20050918,1
20050919,8
20050920,9
20050921,8
20050922,9
20050923,7
20050924,5
20050925,2
20050926,2
20050927,12
20050928,12
20050929,11
20050930,11
20051001,4
20051002,1
20051003,8
20051004,9
20051005,7
20051006,8
20051007,10
20051008,2
20051009,1
20051010,2
20051011,10
20051012,9
20051013,8
20051014,10
20051015,2
20051016,1
20051017,10
20051018,9
20051019,11
20051020,9
20051021,12
20051022,2
20051023,2
20051024,4
20051025,10
20051026,11
20051027,9
20051028,9
20051029,4
20051030,1
20051031,5
20051101,12
20051102,8
20051103,11
20051104,8
20051105,2
20051106,1
20051107,3
20051108,7
20051109,5
20051110,11
20051111,11
20051112,4
20051113,1
20051114,3
20051115,5
20051116,11
20051117,10
20051118,11
20051119,4
20051120,1
20051121,5
20051122,10
20051123,10
20051124,1
20051125,4
20051126,5
20051127,1
20051128,8
20051129,6
20051130,9
20051201,10
20051202,7
20051203,3
20051204,1
20051205,4
20051206,9
20051207,11
20051208,7
20051209,8
20051210,7
20051211,1
20051212,9
20051213,6
20051214,13
20051215,10
20051216,15
20051217,8
20051218,1
20051219,5
20051220,6
20051221,9
20051222,10
20051223,10
20051224,2
20051225,1
20051226,1
20051227,5
20051228,9
20051229,9
20051230,6
20051231,6
20060103,9
20060104,9
20060105,7
20060106,9
20060107,5
20060108,1
20060109,7
20060110,10
20060111,8
20060112,8
20060113,11
20060114,4
20060115,1
20060116,4
20060117,2
20060118,15
20060119,10
20060120,13
20060121,6
20060122,3
20060123,5
20060124,7
20060125,11
20060126,11
20060127,11
20060128,4
20060129,1
20060130,2
20060131,8
20060201,11
20060202,13
20060203,8
20060204,5
20060205,1
20060206,6
20060207,10
20060208,8
20060209,10
20060210,8
20060211,3
20060213,2
20060214,5
20060215,12
20060216,7
20060217,9
20060218,6
20060221,7
20060222,9
20060223,11
20060224,5
20060225,5
20060227,8
20060228,14
20060301,12
20060302,9
20060303,10
20060304,7
20060305,1
20060306,6
20060307,9
20060308,11
20060309,10
20060310,13
20060311,3
20060312,1
20060313,10
20060314,16
20060315,9
20060316,10
20060317,7
20060318,4
20060319,1
20060320,7
20060321,10
20060322,10
20060323,14
20060324,8
20060325,3
20060326,1
20060327,4
20060328,11
20060329,9
20060330,8
20060331,12
20060401,6
20060402,2
20060403,11
20060404,10
20060405,9
20060406,11
20060407,9
20060408,4
20060409,1
20060410,4
20060411,7
20060412,14
20060413,17
20060414,10
20060415,3
20060416,1
20060417,4
20060418,14
20060419,15
20060420,14
20060421,12
20060422,6
20060423,1
20060424,10
20060425,11
20060426,11
20060427,12
20060428,12
20060429,6
20060501,6
20060502,12
20060503,11
20060504,10
20060505,11
20060506,3
20060507,2
20060508,7
20060509,9
20060510,17
20060511,15
20060512,14
20060513,2
20060514,1
20060515,8
20060516,13
20060517,14
20060518,13
20060519,9
20060520,6
20060522,15
20060523,11
20060524,12
20060525,15
20060526,13
20060527,5
20060528,1
20060529,1
20060530,9
20060531,11
20060601,11
20060602,14
20060603,5
20060605,11
20060606,9
20060607,9
20060608,13
20060609,11
20060610,4
20060611,2
20060612,7
20060613,11
20060614,12
20060615,10
20060616,17
20060617,3
20060619,7
20060620,12
20060621,8
20060622,13
20060623,13
20060624,5
20060625,1
20060626,5
20060627,10
20060628,11
20060629,9
20060630,16
20060701,5
20060702,1
20060703,4
20060704,3
20060705,11
20060706,16
20060707,12
20060708,5
20060709,1
20060710,7
20060711,13
20060712,8
20060713,13
20060714,15
20060715,7
20060716,2
20060717,9
20060718,9
20060719,13
20060720,14
20060721,14
20060722,5
20060723,2
20060724,8
20060725,12
20060726,12
20060727,11
20060728,14
20060729,4
20060730,2
20060731,6
20060801,9
20060802,13
20060803,9
20060804,12
20060805,4
20060806,1
20060807,8
20060808,9
20060809,14
20060810,14
20060811,19
20060812,5
20060813,1
20060814,9
20060815,7
20060816,13
20060817,10
20060818,12
20060819,7
20060820,1
20060821,7
20060822,13
20060823,8
20060824,9
20060825,11
20060826,5
20060827,1
20060828,7
20060829,7
20060830,9
20060831,10
20060901,8
20060902,2
20060903,1
20060905,6
20060906,11
20060907,10
20060908,14
20060909,3
20060910,1
20060911,10
20060912,12
20060913,11
20060914,12
20060915,11
20060916,3
20060917,1
20060918,10
20060919,12
20060920,12
20060921,8
20060922,12
20060923,4
20060924,1
20060925,10
20060926,9
20060927,11
20060928,12
20060929,13
20060930,6
20061001,1
20061002,9
20061003,12
20061004,14
20061005,11
20061006,14
20061007,5
20061008,1
20061009,11
20061010,11
20061011,10
20061012,12
20061013,14
20061014,4
20061015,1
20061016,4
20061017,11
20061018,16
20061019,15
20061020,12
20061021,4
20061022,1
20061023,6
20061024,10
20061025,11
20061026,13
20061027,14
20061028,3
20061029,1
20061030,8
20061031,8
20061101,13
20061102,12
20061103,13
20061104,6
20061106,11
20061107,16
20061108,8
20061109,10
20061110,16
20061111,3
20061112,1
20061113,8
20061114,11
20061115,15
20061116,7
20061117,13
20061118,5
20061119,1
20061120,9
20061121,17
20061122,17
20061123,2
20061124,10
20061125,6
20061126,1
20061127,5
20061128,15
20061129,9
20061130,12
20061201,9
20061202,6
20061203,1
20061204,8
20061205,10
20061206,10
20061207,12
20061208,9
20061209,6
20061210,2
20061211,6
20061212,8
20061213,12
20061214,11
20061215,15
20061216,4
20061217,2
20061218,7
20061219,13
20061220,17
20061221,15
20061222,11
20061223,5
20061224,2
20061226,5
20061227,8
20061228,10
20061229,7
20061230,8
20061231,2
20070101,1
20070102,7
20070103,7
20070104,9
20070105,8
20070106,5
20070107,1
20070108,8
20070109,11
20070110,8
20070111,9
20070112,10
20070113,4
20070114,1
20070115,1
20070116,9
20070117,12
20070118,14
20070119,11
20070120,7
20070121,2
20070122,6
20070123,10
20070124,14
20070125,14
20070126,13
20070127,6
20070128,1
20070129,9
20070130,10
20070131,9
20070201,18
20070202,15
20070203,5
20070204,1
20070205,7
20070206,8
20070207,11
20070208,11
20070209,9
20070210,6
20070211,2
20070212,11
20070213,15
20070214,13
20070215,8
20070216,12
20070217,4
20070218,1
20070219,1
20070220,8
20070221,11
20070222,8
20070223,6
20070224,5
20070225,1
20070226,9
20070227,9
20070228,11
20070301,6
20070302,10
20070303,3
20070304,6
20070305,8
20070306,10
20070307,12
20070308,7
20070309,12
20070310,7
20070311,2
20070312,11
20070313,7
20070314,12
20070315,7
20070316,14
20070317,5
20070318,2
20070319,6
20070320,13
20070321,8
20070322,10
20070323,11
20070324,3
20070325,1
20070326,7
20070327,8
20070328,11
20070329,8
20070330,8
20070331,7
20070401,2
20070402,6
20070403,11
20070404,7
20070405,9
20070406,8
20070407,1
20070408,2
20070409,5
20070410,9
20070411,7
20070412,9
20070413,12
20070414,3
20070415,1
20070416,6
20070417,6
20070418,11
20070419,11
20070420,17
20070421,6
20070422,1
20070423,5
20070424,7
20070425,13
20070426,12
20070427,10
20070428,5
20070429,1
20070430,9
20070501,9
20070502,8
20070503,12
20070504,9
20070505,7
20070506,1
20070507,8
20070508,9
20070509,13
20070510,15
20070511,11
20070512,7
20070513,2
20070514,5
20070515,13
20070516,15
20070517,12
20070518,14
20070519,3
20070520,1
20070521,16
20070522,16
20070523,15
20070524,13
20070525,21
20070526,6
20070527,2
20070529,8
20070530,20
20070531,14
20070601,17
20070602,6
20070603,2
20070604,12
20070605,12
20070606,14
20070607,15
20070608,13
20070609,7
20070610,2
20070611,11
20070612,13
20070613,14
20070614,14
20070615,12
20070616,6
20070617,2
20070618,7
20070619,17
20070620,15
20070621,11
20070622,10
20070623,4
20070624,1
20070625,11
20070626,13
20070627,13
20070628,16
20070629,12
20070630,4
20070701,1
20070702,15
20070703,16
20070705,11
20070706,12
20070707,3
20070708,1
20070709,9
20070710,11
20070711,15
20070712,13
20070713,12
20070714,3
20070715,2
20070716,9
20070717,9
20070718,14
20070719,14
20070720,15
20070721,5
20070722,2
20070723,9
20070724,13
20070725,14
20070726,14
20070727,16
20070728,4
20070729,3
20070730,14
20070731,12
20070801,14
20070802,16
20070803,21
20070804,3
20070805,2
20070806,9
20070807,11
20070808,14
20070809,15
20070810,17
20070811,3
20070812,1
20070813,12
20070814,17
20070815,16
20070816,12
20070817,12
20070818,4
20070819,2
20070820,16
20070821,15
20070822,15
20070823,15
20070824,17
20070825,3
20070826,2
20070827,13
20070828,15
20070829,18
20070830,13
20070831,17
20070901,3
20070902,1
20070903,1
20070904,11
20070905,15
20070906,15
20070907,14
20070908,5
20070909,3
20070910,13
20070911,12
20070912,17
20070913,12
20070914,14
20070915,2
20070916,3
20070917,14
20070918,15
20070919,12
20070920,27
20070921,21
20070922,5
20070923,4
20070924,7
20070925,18
20070926,14
20070927,17
20070928,11
20070929,3
20070930,2
20071001,13
20071002,14
20071003,12
20071004,10
20071005,14
20071006,5
20071007,2
20071008,9
20071009,16
20071010,15
20071011,13
20071012,15
20071013,6
20071015,8
20071016,13
20071017,16
20071018,11
20071019,16
20071020,7
20071021,1
20071022,9
20071023,16
20071024,16
20071025,20
20071026,16
20071027,4
20071028,1
20071029,15
20071030,11
20071031,15
20071101,16
20071102,16
20071103,2
20071105,10
20071106,13
20071107,14
20071108,20
20071109,17
20071110,3
20071111,1
20071112,11
20071113,18
20071114,17
20071115,15
20071116,14
20071117,6
20071118,1
20071119,10
20071120,16
20071121,18
20071123,14
20071124,4
20071125,1
20071126,10
20071127,14
20071128,12
20071129,12
20071130,21
20071201,2
20071202,1
20071203,14
20071204,11
20071205,17
20071206,13
20071207,15
20071208,6
20071209,2
20071210,8
20071211,15
20071212,12
20071213,13
20071214,17
20071215,4
20071216,3
20071217,10
20071218,11
20071219,12
20071220,13
20071221,15
20071222,8
20071223,2
20071224,8
20071225,1
20071226,14
20071227,16
20071228,17
20071229,2
20071230,1
20071231,11
20080102,17
20080103,15
20080104,11
20080105,5
20080106,1
20080107,12
20080108,11
20080109,16
20080110,13
20080111,18
20080112,2
20080113,1
20080114,8
20080115,14
20080116,16
20080117,17
20080118,14
20080119,3
20080120,1
20080121,2
20080122,12
20080123,23
20080124,15
20080125,13
20080126,3
20080127,2
20080128,10
20080129,12
20080130,19
20080131,12
20080201,19
20080202,4
20080203,2
20080204,9
20080205,12
20080206,16
20080207,14
20080208,13
20080209,5
20080210,1
20080211,8
20080212,12
20080213,17
20080214,16
20080215,14
20080216,3
20080217,1
20080218,1
20080219,8
20080220,15
20080221,16
20080222,12
20080223,2
20080224,1
20080225,9
20080226,11
20080227,12
20080228,10
20080229,12
20080301,2
20080302,3
20080303,11
20080304,12
20080305,17
20080306,13
20080307,10
20080308,1
20080309,2
20080310,7
20080311,13
20080312,18
20080313,13
20080314,14
20080315,2
20080316,2
20080317,7
20080318,11
20080319,16
20080320,15
20080321,6
20080323,2
20080324,6
20080325,9
20080326,11
20080327,12
20080328,13
20080329,2
20080330,1
20080331,11
20080401,13
20080402,11
20080403,13
20080404,16
20080405,2
20080406,1
20080407,9
20080408,12
20080409,13
20080410,15
20080411,13
20080412,3
20080413,1
20080414,7
20080415,7
20080416,11
20080417,13
20080418,13
20080419,2
20080420,1
20080421,9
20080422,10
20080423,11
20080424,10
20080425,14
20080426,3
20080427,1
20080428,8
20080429,7
20080430,12
20080501,10
20080502,14
20080503,3
20080504,3
20080505,13
20080506,9
20080507,9
20080508,10
20080509,11
20080510,2
20080511,1
20080512,6
20080513,12
20080514,11
20080515,8
20080516,9
20080517,2
20080518,1
20080519,7
20080520,11
20080521,12
20080522,15
20080523,12
20080524,1
20080525,2
20080527,8
20080528,11
20080529,11
20080530,14
20080531,1
20080601,1
20080602,9
20080603,14
20080604,14
20080605,13
20080606,14
20080607,1
20080608,1
20080609,8
20080610,12
20080611,10
20080612,9
20080613,15
20080614,3
20080615,2
20080616,6
20080617,11
20080618,11
20080619,13
20080620,14
20080621,3
20080622,2
20080623,10
20080624,12
20080625,13
20080626,15
20080627,16
20080628,5
20080629,2
20080630,6
20080701,14
20080702,10
20080703,14
20080704,3
20080705,2
20080707,6
20080708,15
20080709,12
20080710,11
20080711,10
20080712,4
20080714,9
20080715,12
20080716,15
20080717,14
20080718,13
20080719,3
20080720,1
20080721,8
20080722,11
20080723,18
20080724,16
20080725,18
20080726,6
20080727,1
20080728,7
20080729,7
20080730,12
20080731,14
20080801,14
20080802,8
20080803,1
20080804,8
20080805,11
20080806,13
20080807,11
20080808,10
20080809,1
20080810,1
20080811,9
20080812,11
20080813,6
20080814,9
20080815,12
20080816,2
20080817,1
20080818,7
20080819,13
20080820,11
20080821,14
20080822,11
20080823,3
20080824,1
20080825,6
20080826,12
20080827,10
20080828,10
20080829,12
20080830,4
20080831,1
20080901,3
20080902,6
20080903,14
20080904,12
20080905,13
20080906,3
20080907,3
20080908,8
20080909,15
20080910,14
20080911,8
20080912,8
20080913,2
20080914,3
20080915,8
20080916,9
20080917,12
20080918,12
20080919,14
20080920,1
20080921,3
20080922,9
20080923,14
20080924,11
20080925,14
20080926,14
20080927,2
20080928,1
20080929,8
20080930,18
20081001,13
20081002,12
20081003,11
20081004,2
20081005,1
20081006,11
20081007,11
20081008,10
20081009,8
20081010,11
20081011,3
20081013,7
20081014,10
20081015,15
20081016,11
20081017,10
20081018,2
20081019,1
20081020,5
20081021,18
20081022,14
20081023,10
20081024,13
20081025,2
20081027,5
20081028,10
20081029,8
20081030,13
20081031,10
20081101,1
20081102,1
20081103,8
20081104,11
20081105,11
20081106,12
20081107,10
20081108,5
20081109,1
20081110,3
20081111,8
20081112,9
20081113,11
20081114,7
20081115,3
20081116,2
20081117,6
20081118,12
20081119,11
20081120,11
20081121,7
20081122,2
20081124,5
20081125,10
20081126,16
20081127,3
20081128,6
20081129,2
20081130,2
20081201,4
20081202,9
20081203,12
20081204,8
20081205,6
20081206,3
20081207,1
20081208,6
20081209,7
20081210,8
20081211,8
20081212,10
20081213,4
20081214,1
20081215,6
20081216,10
20081217,8
20081218,12
20081219,9
20081220,5
20081221,2
20081222,10
20081223,10
20081224,4
20081225,1
20081226,8
20081227,3
20081228,1
20081229,4
20081230,9
20081231,8
20090101,1
20090102,9
20090103,2
20090105,6
20090106,9
20090107,9
20090108,9
20090109,11
20090110,2
20090111,1
20090112,5
20090113,11
20090114,8
20090115,10
20090116,9
20090117,1
20090119,1
20090120,5
20090121,5
20090122,9
20090123,10
20090124,1
20090125,1
20090126,6
20090127,7
20090128,10
20090129,14
20090130,11
20090131,2
20090201,1
20090202,7
20090203,10
20090204,13
20090205,13
20090206,11
20090207,5
20090209,8
20090210,6
20090211,11
20090212,9
20090213,10
20090214,1
20090217,5
20090218,10
20090219,11
20090220,8
20090221,1
20090222,1
20090223,4
20090224,9
20090225,10
20090226,13
20090227,12
20090228,2
20090301,2
20090302,7
20090303,9
20090304,9
20090305,9
20090306,7
20090307,3
20090308,3
20090309,9
20090310,8
20090311,15
20090312,8
20090313,8
20090314,2
20090315,1
20090316,10
20090317,8
20090318,8
20090319,13
20090320,8
20090321,1
20090322,2
20090323,3
20090324,5
20090325,10
20090326,6
20090327,9
20090328,1
20090329,1
20090330,9
20090331,10
20090401,9
20090402,9
20090403,15
20090404,2
20090406,6
20090407,10
20090408,10
20090409,9
20090410,4
20090411,1
20090412,1
20090413,5
20090414,8
20090415,10
20090416,10
20090417,9
20090418,1
20090419,2
20090420,10
20090421,8
20090422,12
20090423,9
20090424,11
20090425,2
20090427,3
20090428,10
20090429,10
20090430,12
20090501,4
20090502,2
20090503,1
20090504,7
20090505,8
20090506,9
20090507,12
20090508,13
20090509,3
20090511,7
20090512,8
20090513,8
20090514,9
20090515,11
20090516,2
20090518,11
20090519,9
20090520,10
20090521,9
20090522,11
20090523,3
20090525,3
20090526,4
20090527,6
20090528,9
20090529,9
20090530,2
20090531,1
20090601,8
20090602,7
20090603,7
20090604,9
20090605,7
20090606,1
20090608,6
20090609,9
20090610,9
20090611,9
20090612,10
20090613,4
20090614,1
20090615,8
20090616,6
20090617,10
20090618,9
20090619,8
20090620,2
20090621,2
20090622,5
20090623,9
20090624,8
20090625,7
20090626,9
20090627,3
20090628,1
20090629,4
20090630,10
20090701,10
20090702,9
20090703,4
20090705,1
20090706,6
20090707,9
20090708,7
20090709,12
20090710,9
20090711,1
20090713,5
20090714,10
20090715,11
20090716,9
20090717,10
20090718,3
20090719,1
20090720,4
20090721,9
20090722,12
20090723,10
20090724,12
20090725,2
20090727,6
20090728,6
20090729,8
20090730,12
20090731,11
20090801,3
20090803,9
20090804,6
20090805,8
20090806,7
20090807,10
20090808,1
20090810,10
20090811,5
20090812,8
20090813,16
20090814,8
20090815,2
20090817,8
20090818,6
20090819,8
20090820,10
20090821,8
20090822,3
20090823,1
20090824,4
20090825,9
20090826,7
20090827,9
20090828,11
20090829,3
20090830,2
20090831,7
20090901,5
20090902,10
20090903,6
20090904,7
20090905,2
20090906,1
20090907,2
20090908,6
20090909,6
20090910,9
20090911,9
20090912,4
20090913,1
20090914,11
20090915,14
20090916,7
20090917,11
20090918,6
20090919,2
20090921,7
20090922,12
20090923,9
20090924,10
20090925,11
20090926,3
20090928,8
20090929,8
20090930,10
20091001,8
20091002,11
20091003,3
20091005,6
20091006,6
20091007,9
20091008,9
20091009,9
20091010,3
20091011,1
20091012,6
20091013,10
20091014,8
20091015,10
20091016,9
20091017,3
20091019,11
20091020,10
20091021,14
20091022,9
20091023,8
20091024,2
20091026,4
20091027,7
20091028,15
20091029,11
20091030,12
20091031,1
20091102,6
20091103,9
20091104,6
20091105,11
20091106,12
20091107,3
20091109,9
20091110,10
20091111,13
20091112,10
20091113,10
20091114,1
20091116,8
20091117,7
20091118,14
20091119,9
20091120,9
20091122,1
20091123,8
20091124,6
20091125,8
20091126,1
20091127,6
20091128,1
20091130,9
20091201,11
20091202,8
20091203,10
20091204,7
20091205,1
20091207,10
20091208,13
20091209,11
20091210,10
20091211,8
20091213,2
20091214,10
20091215,8
20091216,4
20091217,7
20091218,11
20091219,1
20091220,2
20091221,7
20091222,8
20091223,12
20091224,7
20091226,2
20091228,6
20091229,7
20091230,7
20091231,9
20100102,1
20100104,7
20100105,7
20100106,11
20100107,5
20100108,9
20100109,2
20100111,5
20100112,8
20100113,13
20100114,12
20100115,9
20100116,3
20100118,2
20100119,9
20100120,9
20100121,9
20100122,10
20100123,1
20100124,1
20100125,4
20100126,8
20100127,13
20100128,7
20100129,11
20100130,2
20100131,1
20100201,7
20100202,10
20100203,7
20100204,9
20100205,10
20100206,1
20100208,10
20100209,7
20100210,8
20100211,9
20100212,8
20100213,3
20100215,1
20100216,6
20100217,7
20100218,6
20100219,8
20100220,2
20100221,1
20100222,8
20100223,8
20100224,3
20100225,8
20100226,9
20100227,2
20100301,6
20100302,10
20100303,6
20100304,9
20100305,6
20100306,1
20100308,5
20100309,9
20100310,14
20100311,8
20100312,9
20100313,1
20100315,9
20100316,9
20100317,11
20100318,7
20100319,7
20100320,2
20100322,8
20100323,9
20100324,6
20100325,13
20100326,6
20100328,1
20100329,7
20100330,6
20100331,6
20100401,6
20100402,2
20100403,1
20100405,7
20100406,9
20100407,5
20100408,5
20100409,9
20100410,3
20100412,8
20100413,9
20100414,5
20100415,7
20100416,3
20100417,2
20100419,3
20100420,2
20100421,8
20100422,6
20100423,8
20100424,1
20100425,1
20100426,5
20100427,10
20100428,9
20100429,8
20100430,9
20100501,1
20100502,1
20100503,4
20100504,8
20100505,13
20100506,4
20100507,12
20100508,5
20100509,5
20100510,14
20100511,11
20100512,10
20100513,8
20100514,9
20100515,2
20100517,5
20100518,4
20100519,7
20100520,6
20100521,10
20100522,2
20100523,1
20100524,6
20100525,7
20100526,10
20100527,8
20100528,6
20100529,2
20100530,1
20100601,7
20100602,11
20100603,6
20100604,6
20100605,4
20100607,5
20100608,8
20100609,8
20100610,9
20100611,11
20100612,3
20100613,1
20100614,6
20100615,7
20100616,9
20100617,9
20100618,7
20100619,2
20100621,5
20100622,9
20100623,8
20100624,10
20100625,9
20100626,3
20100628,11
20100629,10
20100630,10
20100701,8
20100702,9
20100703,1
20100706,6
20100707,10
20100708,8
20100709,9
20100710,2
20100712,9
20100713,10
20100714,9
20100715,6
20100716,8
20100717,3
20100718,1
20100719,4
20100720,7
20100721,8
20100722,10
20100723,10
20100724,3
20100725,1
20100726,10
20100727,9
20100728,9
20100729,8
20100730,7
20100731,3
20100802,8
20100803,7
20100804,7
20100805,8
20100806,12
20100807,3
20100808,1
20100809,6
20100810,7
20100811,11
20100812,12
20100813,8
20100814,3
20100815,2
20100816,7
20100817,9
20100818,10
20100819,12
20100820,8
20100821,1
20100823,8
20100824,12
20100825,10
20100826,8
20100827,11
20100828,2
20100829,1
20100830,7
20100831,13
20100901,12
20100902,9
20100903,8
20100904,4
20100905,1
20100906,1
20100907,6
20100908,9
20100909,8
20100910,8
20100911,2
20100913,12
20100914,8
20100915,11
20100916,8
20100917,11
20100918,3
20100920,8
20100921,13
20100922,11
20100923,8
20100924,12
20100925,3
20100927,6
20100928,8
20100929,12
20100930,10
20101001,9
20101002,4
20101004,6
20101005,10
20101006,12
20101007,7
20101008,13
20101011,6
20101012,6
20101013,9
20101014,5
20101015,15
20101016,1
20101018,7
20101019,9
20101020,9
20101021,8
20101022,13
20101023,1
20101024,1
20101025,11
20101026,8
20101027,13
20101028,5
20101029,15
20101030,1
20101101,4
20101102,6
20101103,8
20101104,7
20101105,8
20101106,3
20101107,1
20101108,10
20101109,9
20101110,5
20101111,9
20101112,9
20101113,3
20101115,6
20101116,7
20101117,10
20101118,9
20101119,10
20101120,1
20101121,1
20101122,9
20101123,10
20101124,7
20101125,2
20101126,6
20101128,1
20101129,7
20101130,9
20101201,5
20101202,12
20101203,8
20101204,1
20101205,1
20101206,12
20101207,9
20101208,11
20101209,10
20101210,13
20101211,2
20101212,3
20101213,10
20101214,7
20101215,10
20101216,9
20101217,12
20101218,2
20101219,2
20101220,12
20101221,7
20101222,16
20101223,6
20101224,1
20101226,1
20101227,5
20101228,7
20101229,8
20101230,3
20101231,7
20110102,1
20110103,7
20110104,7
20110105,14
20110106,7
20110107,8
20110108,2
20110110,7
20110111,7
20110112,4
20110113,9
20110114,9
20110116,1
20110118,15
20110119,14
20110120,10
20110121,6
20110123,1
20110124,8
20110125,6
20110126,7
20110127,9
20110128,13
20110129,4
20110130,1
20110131,9
20110201,9
20110202,10
20110203,11
20110204,10
20110205,2
20110206,1
20110207,12
20110208,14
20110209,23
20110210,17
20110211,7
20110212,5
20110214,11
20110215,11
20110216,12
20110217,9
20110218,12
20110219,1
20110221,2
20110222,6
20110223,11
20110224,6
20110225,5
20110226,6
20110228,8
20110301,1
20110302,6
20110303,4
20110304,3
20110306,1
20110307,10
20110308,3
20110309,5
20110310,13
20110311,7
20110312,1
20110313,1
20110314,11
20110315,12
20110316,13
20110317,10
20110318,15
20110319,2
20110320,3
20110321,9
20110322,8
20110323,9
20110324,7
20110325,11
20110326,3
20110328,10
20110329,15
20110330,8
20110331,10
20110401,25
20110402,7
20110403,4
20110404,17
20110405,23
20110406,14
20110407,12
20110408,9
20110409,2
20110410,4
20110411,23
20110412,11
20110413,7
20110414,13
20110415,15
20110416,3
20110418,11
20110419,11
20110420,13
20110421,16
20110422,2
20110423,2
20110425,11
20110426,9
20110427,15
20110428,14
20110429,11
20110430,3
20110501,1
20110502,8
20110503,13
20110504,16
20110505,15
20110506,10
20110507,1
20110509,10
20110510,12
20110511,12
20110512,11
20110513,7
20110514,6
20110516,26
20110517,16
20110518,8
20110519,9
20110520,6
20110521,3
20110523,14
20110524,9
20110525,11
20110526,13
20110527,12
20110528,3
20110529,1
20110531,9
20110601,11
20110602,14
20110603,11
20110604,1
20110605,2
20110606,7
20110607,11
20110608,4
20110609,11
20110610,15
20110611,3
20110612,1
20110613,5
20110614,7
20110615,8
20110616,19
20110617,19
20110618,2
20110619,1
20110620,9
20110621,9
20110622,15
20110623,2
20110624,14
20110625,5
20110626,3
20110627,14
20110628,7
20110629,13
20110630,19
20110701,15
20110704,1
20110705,6
20110706,11
20110707,11
20110708,8
20110709,1
20110711,8
20110712,6
20110713,5
20110714,10
20110715,10
20110716,2
20110718,6
20110719,8
20110720,19
20110721,9
20110722,9
20110723,1
20110725,6
20110726,12
20110727,18
20110728,10
20110729,12
20110730,1
20110731,1
20110801,5
20110802,11
20110803,16
20110804,14
20110805,18
20110807,2
20110808,15
20110809,15
20110810,17
20110811,17
20110812,17
20110813,1
20110814,1
20110815,9
20110816,12
20110817,12
20110818,14
20110819,5
20110820,1
20110821,1
20110822,12
20110823,14
20110824,9
20110825,13
20110826,13
20110827,5
20110828,2
20110829,14
20110830,14
20110831,21
20110901,13
20110902,13
20110903,3
20110904,1
20110906,8
20110907,16
20110908,11
20110909,13
20110910,2
20110911,5
20110912,8
20110913,13
20110914,10
20110915,11
20110916,11
20110917,1
20110918,1
20110919,8
20110920,13
20110921,15
20110922,19
20110923,6
20110925,1
20110926,12
20110927,10
20110928,9
20110929,17
20110930,16
20111001,3
20111002,1
20111003,8
20111004,14
20111005,7
20111006,11
20111007,16
20111008,2
20111009,1
20111010,10
20111011,10
20111012,6
20111013,16
20111014,16
20111015,3
20111017,11
20111018,10
20111019,14
20111020,13
20111021,11
20111023,1
20111024,10
20111025,13
20111026,10
20111027,10
20111028,12
20111029,1
20111031,6
20111101,7
20111102,17
20111103,10
20111104,23
20111105,3
20111107,13
20111108,9
20111109,13
20111110,14
20111111,10
20111112,1
20111114,10
20111115,8
20111116,10
20111117,11
20111118,8
20111119,2
20111121,12
20111122,10
20111123,9
20111124,1
20111125,6
20111128,7
20111129,9
20111130,13
20111201,6
20111202,5
20111204,1
20111205,8
20111206,11
20111207,10
20111208,9
20111209,12
20111210,1
20111211,1
20111212,11
20111213,20
20111214,5
20111215,18
20111216,10
20111217,2
20111218,1
20111219,7
20111220,8
20111221,11
20111222,13
20111223,2
20111225,1
20111227,6
20111228,7
20111229,9
20111230,8
20120101,1
20120103,15
20120104,11
20120105,12
20120106,10
20120107,1
20120108,1
20120109,8
20120110,7
20120111,14
20120112,9
20120113,17
20120114,1
20120117,9
20120118,8
20120119,9
20120120,13
20120121,1
20120122,1
20120123,7
20120124,9
20120125,14
20120126,14
20120127,20
20120130,8
20120131,11
20120201,17
20120202,5
20120203,14
20120204,4
20120206,14
20120207,4
20120208,9
20120209,12
20120210,8
20120211,4
20120213,6
20120214,17
20120215,16
20120216,6
20120217,14
20120218,2
20120221,9
20120222,11
20120223,4
20120224,4
20120227,7
20120228,11
20120229,17
20120301,7
20120302,10
20120303,2
20120305,13
20120306,4
20120307,9
20120308,11
20120309,10
20120310,1
20120311,1
20120312,17
20120313,16
20120314,13
20120315,12
20120316,10
20120317,3
20120318,1
20120319,10
20120320,8
20120321,10
20120322,8
20120323,23
20120325,3
20120326,20
20120327,9
20120328,10
20120329,9
20120330,25
20120402,13
20120403,12
20120404,10
20120405,15
20120406,9
20120407,1
20120409,8
20120410,7
20120411,15
20120412,14
20120413,13
20120414,1
20120415,1
20120416,14
20120417,14
20120418,15
20120419,10
20120420,17
20120422,2
20120423,14
20120424,12
20120425,21
20120426,20
20120427,12
20120429,1
20120430,11
20120501,8
20120502,12
20120503,11
20120504,18
20120506,3
20120507,4
20120508,11
20120509,8
20120510,12
20120511,5
20120512,1
20120513,1
20120514,5
20120515,12
20120516,3
20120517,11
20120518,39
20120520,5
20120521,28
20120522,23
20120523,32
20120524,25
20120525,13
20120527,1
20120528,1
20120529,14
20120530,16
20120531,11
20120601,8
20120602,1
20120604,9
20120605,9
20120606,14
20120607,26
20120608,16
20120609,1
20120610,2
20120611,20
20120612,12
20120613,12
20120614,14
20120615,13
20120616,1
20120617,3
20120618,16
20120619,7
20120620,16
20120621,7
20120622,5
20120623,1
20120624,1
20120625,10
20120626,10
20120627,12
20120628,8
20120629,17
20120630,1
20120701,4
20120702,13
20120703,8
20120704,5
20120705,9
20120706,8
20120708,2
20120709,10
20120710,6
20120711,7
20120712,11
20120713,3
20120715,1
20120716,5
20120717,6
20120718,7
20120719,7
20120720,8
20120721,1
20120722,1
20120723,11
20120724,6
20120725,9
20120726,7
20120727,5
20120728,1
20120730,8
20120731,11
20120801,13
20120802,10
20120803,12
20120805,2
20120806,9
20120807,7
20120808,9
20120809,14
20120810,6
20120813,10
20120814,12
20120815,7
20120816,8
20120817,3
20120820,6
20120821,7
20120822,10
20120823,6
20120824,7
20120827,7
20120828,7
20120829,9
20120830,11
20120831,5
20120901,1
20120903,1
20120904,4
20120905,8
20120906,8
20120907,11
20120908,1
20120910,9
20120911,8
20120912,7
20120913,1
20120914,3
20120915,1
20120916,1
20120917,5
20120918,7
20120919,9
20120920,9
20120921,8
20120922,1
20120923,1
20120924,9
20120925,10
20120926,11
20120927,5
20120928,6
20120930,1
20121001,11
20121002,9
20121003,7
20121004,9
20121005,8
20121008,2
20121009,10
20121010,6
20121011,3
20121012,9
20121014,1
20121015,9
20121016,6
20121017,6
20121018,8
20121019,7
20121020,1
20121022,8
20121023,12
20121024,15
20121025,6
20121026,5
20121027,1
20121028,2
20121029,12
20121030,5
20121031,7
20121101,10
20121102,6
20121104,1
20121105,5
20121106,4
20121107,2
20121108,7
20121109,8
20121111,3
20121112,5
20121113,9
20121114,14
20121115,12
20121116,6
20121118,3
20121119,10
20121120,3
20121121,6
20121123,10
20121125,1
20121126,4
20121127,10
20121128,8
20121129,2
20121130,10
20121202,1
20121203,8
20121204,5
20121205,20
20121206,13
20121207,11
20121209,2
20121210,5
20121211,13
20121212,14
20121213,13
20121214,6
20121216,2
20121217,8
20121218,5
20121219,11
20121220,19
20121221,12
20121224,4
20121225,1
20121226,4
20121227,7
20121228,3
20121229,2
20121231,7
20130101,2
20130102,6
20130103,8
20130104,4
20130107,1
20130108,10
20130109,9
20130110,5
20130111,5
20130113,2
20130114,8
20130115,7
20130116,8
20130117,8
20130118,10
20130120,1
20130121,4
20130122,6
20130123,8
20130124,14
20130125,10
20130126,1
20130127,1
20130128,7
20130129,13
20130130,10
20130131,11
20130201,4
20130203,3
20130204,12
20130205,17
20130206,8
20130207,6
20130208,10
20130210,3
20130211,8
20130212,7
20130213,10
20130214,7
20130215,10
20130217,1
20130218,1
20130219,4
20130220,8
20130221,7
20130222,10
20130225,5
20130226,5
20130227,6
20130228,5
20130301,5
20130302,1
20130303,2
20130304,8
20130305,11
20130306,8
20130307,8
20130308,6
20130311,6
20130312,4
20130313,3
20130314,3
20130315,4
20130317,3
20130318,5
20130319,8
20130320,11
20130321,7
20130322,7
20130324,1
20130325,11
20130326,5
20130327,5
20130328,12
20130329,1
20130331,1
20130401,5
20130402,7
20130403,6
20130404,6
20130405,5
20130407,2
20130408,9
20130409,6
20130410,6
20130411,6
20130412,15
20130415,7
20130416,9
20130417,15
20130418,7
20130419,4
20130421,2
20130422,12
20130423,10
20130424,14
20130425,7
20130426,4
20130428,1
20130429,12
20130430,8
20130501,9
20130502,10
20130503,5
20130505,1
20130506,10
20130507,7
20130508,5
20130509,7
20130510,4
20130512,1
20130513,5
20130514,2
20130515,7
20130516,5
20130517,11
20130518,1
20130519,1
20130520,9
20130521,10
20130522,9
20130523,4
20130524,3
20130528,6
20130529,10
20130530,7
20130531,2
20130602,2
20130603,8
20130604,4
20130605,5
20130606,7
20130607,4
20130609,4
20130610,5
20130611,8
20130612,5
20130613,5
20130614,3
20130616,2
20130617,5
20130619,3
20130620,9
20130621,6
20130622,1
20130623,1
20130624,3
20130625,7
20130626,5
20130627,3
20130628,1
20130630,2
20130701,11
20130702,10
20130703,6
20130704,1
20130705,4
20130707,1
20130708,7
20130709,6
20130710,11
20130711,7
20130712,6
20130714,1
20130715,6
20130716,7
20130717,4
20130718,9
20130719,4
20130721,2
20130722,7
20130723,5
20130724,7
20130725,10
20130726,10
20130728,4
20130729,7
20130730,5
20130731,7
20130801,9
20130802,3
20130804,1
20130805,7
20130806,7
20130807,6
20130808,6
20130809,3
20130811,1
20130812,5
20130813,5
20130814,6
20130815,8
20130816,1
20130818,3
20130819,3
20130820,3
20130821,8
20130822,33
20130823,36
20130824,1
20130825,3
20130826,17
20130827,11
20130828,6
20130829,11
20130830,6
20130831,1
20130901,1
20130902,3
20130903,5
20130904,8
20130905,10
20130906,5
20130908,2
20130909,6
20130910,8
20130911,10
20130912,9
20130913,7
20130915,2
20130916,13
20130917,6
20130918,10
20130919,6
20130920,14
20130922,1
20130923,8
20130924,4
20130925,8
20130926,13
20130927,5
20130929,1
20130930,6
20131001,5
20131002,7
20131003,11
20131004,6
20131005,1
20131006,1
20131007,10
20131008,7
20131009,5
20131010,4
20131011,6
20131013,2
20131014,6
20131015,9
20131016,8
20131017,9
20131018,8
20131019,1
20131020,1
20131021,14
20131022,11
20131023,8
20131024,5
20131025,11
20131026,1
20131027,2
20131028,5
20131029,15
20131030,12
20131031,12
20131101,11
20131103,6
20131104,10
20131105,13
20131106,12
20131107,21
20131108,5
20131110,2
20131111,8
20131112,7
20131113,15
20131114,8
20131115,10
20131116,1
20131117,2
20131118,18
20131119,10
20131120,7
20131121,7
20131122,4
20131124,3
20131125,14
20131126,15
20131127,16
20131128,1
20131129,4
20131130,2
20131201,2
20131202,10
20131203,7
20131204,10
20131205,8
20131206,3
20131208,5
20131209,9
20131210,7
20131211,7
20131212,10
20131213,4
20131215,4
20131216,12
20131217,9
20131218,6
20131219,11
20131220,7
20131222,4
20131223,10
20131224,3
20131226,4
20131227,3
20131229,3
20131230,9
20131231,6
20140101,1
20140102,9
20140103,4
20140105,5
20140106,11
20140107,4
20140108,8
20140109,8
20140110,10
20140112,3
20140113,7
20140114,8
20140115,9
20140116,5
20140117,3
20140119,1
20140120,4
20140121,6
20140122,9
20140123,10
20140124,7
20140126,3
20140127,9
20140128,7
20140129,10
20140130,10
20140131,9
20140202,1
20140203,9
20140204,6
20140205,10
20140206,14
20140207,10
20140209,1
20140210,10
20140211,7
20140212,9
20140213,9
20140214,7
20140216,2
20140217,1
20140218,3
20140219,7
20140220,9
20140221,5
20140223,1
20140224,6
20140225,7
20140226,5
20140227,6
20140228,5
20140302,1
20140303,8
20140304,5
20140305,6
20140306,6
20140307,7
20140308,1
20140309,2
20140310,11
20140311,9
20140312,5
20140313,11
20140314,5
20140315,1
20140316,4
20140317,10
20140318,7
20140319,10
20140320,9
20140321,8
20140323,1
20140324,10
20140325,10
20140326,10
20140327,12
20140328,6
20140329,1
20140330,1
20140331,11
20140401,6
20140402,7
20140403,10
20140404,13
20140406,2
20140407,16
20140408,16
20140409,17
20140410,16
20140411,23
20140412,1
20140413,3
20140414,17
20140415,15
20140416,15
20140417,16
20140418,3
20140420,2
20140421,8
20140422,9
20140423,11
20140424,12
20140425,15
20140427,5
20140428,13
20140429,11
20140430,10
20140501,10
20140502,4
20140504,3
20140505,10
20140506,9
20140507,11
20140508,8
20140509,7
20140510,1
20140511,2
20140512,15
20140513,9
20140514,12
20140515,7
20140516,5
20140518,2
20140519,6
20140520,14
20140521,10
20140522,9
20140523,9
20140524,1
20140526,3
20140527,8
20140528,7
20140529,8
20140530,7
20140601,1
20140602,8
20140603,11
20140604,5
20140605,9
20140606,8
20140608,2
20140609,12
20140610,10
20140611,7
20140612,9
20140613,5
20140615,3
20140616,12
20140617,15
20140618,13
20140619,8
20140620,7
20140622,1
20140623,8
20140624,13
20140625,8
20140626,16
20140627,9
20140629,5
20140630,9
20140701,9
20140702,6
20140703,11
20140704,1
20140706,2
20140707,9
20140708,22
20140709,11
20140710,10
20140711,5
20140713,1
20140714,6
20140715,12
20140716,9
20140717,12
20140718,6
20140720,1
20140721,5
20140722,5
20140723,5
20140724,6
20140725,4
20140727,2
20140728,6
20140729,5
20140730,6
20140731,6
20140801,7
20140803,1
20140804,7
20140805,9
20140806,6
20140807,6
20140808,3
20140809,1
20140810,1
20140811,5
20140812,6
20140813,50
20140814,8
20140815,5
20140817,1
20140818,8
20140819,10
20140820,10
20140821,6
20140822,6
20140824,2
20140825,11
20140826,7
20140827,8
20140828,5
20140829,5
20140831,1
20140901,4
20140902,5
20140903,5
20140904,7
20140905,4
20140906,1
20140907,5
20140908,10
20140909,8
20140910,6
20140911,5
20140912,5
20140914,1
20140915,9
20140916,5
20140917,6
20140918,7
20140919,6
20140921,2
20140922,5
20140923,4
20140924,8
20140925,7
20140926,4
20140927,1
20140928,2
20140929,5
20140930,8
20141001,6
20141002,7
20141003,6
20141004,1
20141005,2
20141006,5
20141007,11
20141008,6
20141009,9
20141010,7
20141012,2
20141013,9
20141014,10
20141015,9
20141016,7
20141017,7
20141018,2
20141019,1
20141020,9
20141021,7
20141022,7
20141023,10
20141024,10
20141026,2
20141027,6
20141028,11
20141029,10
20141030,13
20141031,6
20141101,2
20141102,1
20141103,8
20141104,9
20141105,9
20141106,6
20141107,3
20141109,2
20141110,12
20141111,5
20141112,5
20141113,9
20141114,7
20141115,1
20141116,1
20141117,7
20141118,5
20141119,7
20141120,6
20141121,3
20141123,1
20141124,6
20141125,8
20141126,6
20141127,5
20141128,6
20141130,2
20141201,5
20141202,15
20141203,8
20141204,5
20141205,6
20141207,2
20141208,7
20141209,7
20141210,10
20141211,5
20141212,9
20141214,2
20141215,5
20141216,8
20141217,8
20141218,6
20141219,4
20141221,2
20141222,5
20141223,4
20141224,6
20141225,1
20141226,2
20141228,1
20141229,8
20141230,6
20141231,3
20150101,1
20150102,6
20150103,1
20150104,1
20150105,13
20150106,8
20150107,3
20150108,5
20150109,5
20150111,3
20150112,8
20150113,6
20150114,6
20150115,8
20150116,5
20150118,3
20150119,2
20150120,6
20150121,8
20150122,8
20150123,6
20150125,1
20150126,9
20150127,13
20150128,8
20150129,11
20150130,7
20150201,2
20150202,9
20150203,8
20150204,8
20150205,7
20150206,5
20150208,1
20150209,10
20150210,6
20150211,5
20150212,6
20150213,6
20150215,1
20150216,2
20150217,5
20150218,9
20150219,4
20150220,7
20150222,3
20150223,10
20150224,11
20150225,10
20150226,12
20150227,10
20150301,3
20150302,19
20150303,23
20150304,12
20150305,15
20150306,13
20150308,7
20150309,9
20150310,11
20150311,11
20150312,10
20150313,5
20150315,1
20150316,9
20150317,8
20150318,7
20150319,10
20150320,9
20150322,1
20150323,16
20150324,9
20150325,15
20150326,11
20150327,12
20150329,4
20150330,9
20150331,13
20150401,9
20150402,7
20150403,3
20150405,2
20150406,6
20150407,6
20150408,6
20150409,4
20150410,3
20150412,1
20150413,8
20150414,5
20150415,8
20150416,13
20150417,8
20150419,3
20150420,6
20150421,8
20150422,7
20150423,23
20150424,22
20150426,6
20150427,16
20150428,8
20150429,7
20150430,11
