20050524,1
20060620,1
20060811,1
20070616,1
20070912,1
20070919,1
20071010,1
20071217,2
20071218,5
20080102,2
20080624,1
20080701,1
20080815,1
20080903,1
20081003,2
20081009,1
20081016,1
20081117,1
20090423,1
20090424,1
20090729,1
20090815,1
20091027,2
20091216,1
20100204,1
20100220,1
20100330,1
20100802,1
20101201,1
20101206,1
20101213,1
20110112,1
20110207,1
20110427,1
20110510,1
20110523,1
20110524,1
20110525,1
20110705,4
20110706,2
20110726,2
20111024,1
20111025,2
20120214,1
20120419,1
20120426,1
20120508,1
20120510,1
20120513,1
20120518,1
20120530,1
20120531,1
20120604,1
20120620,1
20120621,1
20120809,5
20120814,1
20120815,1
20120821,1
20120822,1
20120909,1
20120910,1
20120918,3
20120919,1
20121010,1
20121206,1
20121207,1
20121210,1
20130115,2
20130125,1
20130319,1
20130331,1
20130508,1
20130528,1
20130802,1
20130804,1
20130826,1
20130924,1
20130927,1
20131025,3
20131114,1
20131230,1
20140131,1
20140518,1
20140623,2
20140629,1
20140716,2
20140717,1
20140729,1
20140804,1
20140805,1
20140822,1
20140925,1
20141008,2
20141021,2
20141030,1
20141222,1
20150213,1
20150217,2
20150403,1
20150422,2
20150423,1
20150428,1
