20050111,1
20050119,1
20050125,1
20050127,1
20050201,1
20050202,1
20050203,1
20050207,1
20050228,1
20050302,1
20050307,2
20050310,1
20050311,1
20050313,1
20050314,2
20050316,1
20050318,1
20050322,2
20050324,1
20050325,2
20050329,1
20050405,1
20050407,1
20050412,1
20050413,2
20050414,1
20050418,2
20050422,1
20050428,1
20050501,1
20050502,2
20050504,3
20050505,1
20050506,1
20050516,1
20050519,1
20050520,1
20050525,1
20050529,1
20050531,1
20050601,1
20050603,2
20050608,1
20050610,1
20050614,1
20050616,1
20050617,2
20050619,1
20050621,1
20050624,1
20050626,1
20050627,3
20050628,3
20050704,1
20050708,1
20050711,1
20050712,1
20050715,1
20050718,2
20050720,1
20050721,2
20050722,1
20050726,2
20050802,1
20050803,3
20050804,5
20050805,3
20050810,1
20050811,1
20050812,1
20050819,4
20050824,1
20050906,1
20050908,1
20050912,1
20050913,3
20050917,1
20050918,1
20050919,4
20050920,2
20050921,1
20050923,1
20050927,1
20051005,2
20051007,1
20051022,1
20051103,1
20051104,1
20051107,1
20051109,2
20051111,3
20051112,1
20051117,1
20051118,1
20051119,1
20051121,2
20051122,1
20051123,1
20051202,2
20051203,2
20051206,3
20051209,1
20051210,2
20051214,1
20051215,1
20051216,1
20051217,1
20051218,1
20051219,1
20051220,1
20051221,2
20051222,1
20051224,1
20051228,1
20051230,1
20051231,2
20060103,1
20060104,1
20060110,2
20060112,2
20060113,1
20060116,1
20060117,1
20060118,3
20060123,2
20060124,2
20060125,1
20060202,1
20060203,1
20060204,1
20060207,1
20060208,1
20060209,2
20060211,1
20060213,1
20060215,2
20060217,3
20060218,1
20060219,1
20060220,1
20060221,2
20060223,1
20060225,1
20060304,1
20060308,2
20060313,1
20060317,1
20060318,1
20060321,3
20060322,1
20060323,1
20060406,1
20060408,1
20060411,1
20060412,1
20060413,2
20060418,3
20060422,1
20060424,1
20060429,1
20060503,1
20060504,1
20060522,1
20060523,2
20060524,3
20060525,1
20060527,1
20060601,1
20060606,1
20060609,1
20060612,1
20060619,1
20060620,1
20060623,2
20060624,2
20060627,2
20060628,2
20060629,1
20060630,1
20060707,2
20060711,1
20060712,2
20060713,1
20060714,1
20060719,1
20060804,1
20060808,3
20060809,1
20060814,1
20060815,1
20060816,1
20060825,2
20060826,1
20060830,1
20060905,1
20060906,1
20060908,1
20060915,2
20060916,5
20060918,1
20060920,2
20060921,2
20060922,2
20060923,3
20060925,1
20060926,1
20061016,5
20061019,2
20061023,6
20061024,1
20061112,1
20061120,1
20061121,2
20061124,1
20061129,1
20061201,1
20061208,1
20061209,1
20061214,1
20061216,1
20061221,2
20061222,2
20061223,1
20061227,1
20070102,1
20070106,1
20070108,1
20070111,1
20070112,1
20070116,1
20070117,1
20070118,1
20070119,2
20070120,1
20070122,2
20070123,1
20070124,1
20070125,2
20070129,1
20070131,1
20070202,2
20070204,1
20070207,1
20070210,1
20070213,1
20070214,1
20070216,1
20070220,3
20070222,1
20070223,2
20070303,1
20070305,1
20070306,4
20070307,1
20070310,1
20070314,1
20070316,1
20070317,1
20070318,1
20070320,1
20070321,1
20070323,1
20070326,1
20070328,3
20070329,1
20070402,3
20070404,1
20070406,1
20070409,1
20070410,1
20070411,2
20070412,1
20070413,1
20070417,1
20070419,1
20070420,2
20070425,1
20070427,1
20070430,1
20070502,1
20070504,1
20070505,1
20070506,1
20070508,1
20070509,2
20070510,1
20070514,2
20070515,1
20070516,1
20070522,1
20070523,1
20070525,1
20070526,1
20070529,2
20070530,1
20070604,1
20070606,1
20070607,1
20070610,1
20070611,3
20070616,1
20070619,2
20070620,2
20070621,1
20070625,1
20070626,4
20070627,2
20070628,1
20070703,1
20070705,2
20070711,3
20070718,1
20070719,1
20070720,3
20070723,1
20070724,1
20070727,1
20070730,1
20070731,1
20070801,1
20070802,4
20070803,1
20070808,1
20070809,2
20070810,1
20070811,1
20070820,1
20070821,1
20070822,3
20070823,1
20070825,2
20070827,1
20070831,1
20070901,1
20070903,1
20070908,1
20070913,1
20070915,1
20070916,1
20070920,1
20070921,4
20070922,2
20070923,1
20070925,1
20070928,1
20071004,1
20071006,1
20071010,2
20071013,1
20071015,1
20071016,1
20071017,1
20071018,1
20071019,2
20071023,4
20071024,3
20071025,1
20071026,1
20071027,3
20071028,1
20071107,1
20071111,1
20071116,2
20071117,1
20071119,1
20071120,1
20071122,1
20071127,2
20071203,4
20071204,1
20071206,2
20071214,1
20071219,3
20071220,1
20071221,1
20071223,1
20080104,2
20080111,1
20080115,1
20080117,1
20080118,2
20080123,1
20080124,1
20080125,1
20080129,1
20080202,4
20080205,1
20080207,3
20080211,1
20080212,2
20080215,3
20080217,1
20080218,1
20080219,1
20080221,2
20080222,3
20080303,1
20080306,2
20080310,1
20080317,1
20080318,1
20080319,2
20080320,6
20080321,4
20080401,1
20080402,3
20080404,1
20080410,1
20080411,1
20080412,4
20080414,1
20080416,1
20080424,1
20080428,1
20080430,1
20080501,1
20080504,1
20080506,1
20080507,3
20080508,3
20080509,1
20080515,1
20080516,1
20080522,1
20080524,1
20080528,1
20080530,2
20080603,1
20080604,2
20080606,1
20080607,1
20080609,1
20080612,2
20080613,2
20080616,1
20080617,1
20080618,3
20080619,1
20080621,1
20080625,1
20080626,3
20080627,6
20080630,1
20080702,2
20080703,3
20080704,2
20080705,1
20080707,1
20080710,1
20080711,1
20080713,1
20080715,1
20080716,2
20080717,1
20080718,2
20080723,1
20080724,1
20080728,1
20080729,2
20080801,1
20080804,1
20080805,1
20080806,1
20080808,3
20080809,1
20080811,1
20080812,1
20080813,1
20080814,3
20080815,2
20080818,3
20080819,3
20080820,1
20080821,1
20080822,2
20080823,3
20080825,2
20080826,2
20080904,1
20080908,1
20080911,1
20080918,1
20080922,1
20080923,4
20080924,1
20080925,2
20080926,3
20080930,1
20081002,2
20081003,1
20081010,2
20081014,1
20081017,1
20081020,1
20081028,1
20081031,1
20081106,1
20081107,1
20081111,2
20081112,1
20081113,4
20081120,1
20081125,1
20081129,1
20081204,1
20081206,2
20081210,1
20081211,1
20081215,1
20081218,2
20081219,1
20081226,1
20081228,1
20090107,2
20090114,2
20090115,2
20090129,1
20090130,1
20090131,1
20090203,2
20090204,1
20090211,2
20090214,1
20090217,2
20090224,1
20090225,1
20090305,1
20090307,1
20090312,1
20090317,1
20090319,1
20090320,2
20090321,2
20090401,1
20090403,1
20090407,1
20090420,1
20090426,1
20090505,2
20090513,2
20090515,1
20090518,1
20090526,3
20090530,1
20090601,1
20090604,1
20090605,2
20090608,3
20090610,1
20090616,1
20090621,1
20090622,3
20090623,2
20090624,1
20090625,1
20090626,3
20090630,1
20090706,1
20090712,1
20090713,1
20090716,3
20090720,1
20090723,1
20090729,2
20090801,1
20090803,1
20090806,1
20090810,1
20090811,1
20090814,1
20090817,1
20090819,1
20090820,1
20090916,1
20090919,1
20090927,1
20090928,1
20090930,3
20091001,2
20091003,1
20091005,2
20091006,1
20091007,1
20091008,1
20091009,1
20091014,2
20091015,3
20091020,1
20091021,1
20091022,1
20091023,2
20091027,2
20091102,3
20091104,2
20091123,1
20091124,2
20091126,1
20091128,1
20091130,2
20091201,1
20091202,2
20091203,2
20091204,1
20091207,2
20091209,1
20091210,2
20091211,2
20091212,1
20091214,2
20091216,1
20091217,1
20091218,3
20091219,2
20091221,2
20091222,1
20091228,1
20100104,1
20100108,1
20100115,2
20100118,2
20100119,1
20100122,1
20100123,1
20100125,5
20100128,2
20100201,2
20100202,1
20100204,1
20100209,1
20100212,1
20100217,2
20100220,2
20100221,1
20100222,2
20100224,4
20100226,2
20100301,1
20100304,4
20100309,1
20100311,2
20100316,2
20100317,2
20100318,3
20100319,3
20100321,1
20100324,1
20100331,1
20100401,1
20100406,1
20100407,2
20100408,1
20100409,1
20100410,1
20100416,1
20100419,1
20100420,1
20100421,1
20100426,3
20100429,1
20100502,1
20100504,1
20100505,2
20100509,1
20100510,2
20100517,2
20100518,2
20100519,1
20100520,1
20100525,1
20100527,2
20100603,3
20100604,1
20100607,1
20100608,1
20100610,1
20100614,1
20100615,1
20100616,2
20100617,2
20100618,3
20100620,2
20100621,3
20100622,3
20100623,4
20100624,1
20100625,2
20100628,3
20100630,2
20100702,1
20100704,1
20100705,1
20100707,1
20100708,3
20100709,1
20100712,1
20100715,4
20100717,2
20100721,1
20100722,1
20100726,2
20100728,1
20100802,1
20100804,3
20100805,1
20100809,1
20100812,1
20100816,1
20100817,1
20100818,1
20100819,1
20100823,1
20100824,2
20100825,1
20100826,2
20100827,4
20100829,2
20100831,1
20100901,2
20100902,4
20100904,1
20100907,3
20100909,1
20100910,1
20100911,1
20100912,1
20100913,1
20100917,2
20100918,1
20100920,1
20100922,1
20100923,1
20100924,3
20100925,1
20100926,1
20100929,1
20101001,3
20101013,2
20101016,2
20101018,1
20101019,1
20101021,1
20101022,1
20101026,3
20101029,1
20101101,1
20101103,2
20101104,1
20101106,2
20101108,1
20101111,2
20101112,1
20101113,2
20101115,2
20101116,5
20101119,2
20101120,1
20101122,3
20101123,3
20101125,1
20101126,1
20101127,1
20101201,1
20101202,2
20101203,2
20101206,2
20101208,2
20101211,3
20101215,1
20101216,1
20101217,1
20101218,1
20101219,1
20101220,1
20101221,2
20101222,2
20101223,2
20101227,1
20101228,1
20101230,2
20101231,1
20110103,1
20110104,3
20110105,1
20110106,1
20110107,1
20110108,1
20110110,4
20110111,1
20110115,1
20110117,1
20110119,2
20110120,2
20110121,1
20110122,1
20110125,1
20110126,2
20110127,3
20110128,1
20110130,2
20110131,2
20110201,1
20110202,3
20110204,2
20110205,1
20110209,1
20110212,1
20110214,3
20110215,3
20110216,1
20110217,2
20110223,2
20110225,1
20110228,1
20110301,1
20110302,1
20110303,1
20110305,1
20110311,1
20110312,2
20110313,1
20110314,1
20110315,2
20110317,2
20110318,4
20110319,2
20110320,1
20110321,1
20110322,1
20110323,2
20110324,3
20110325,2
20110326,1
20110328,1
20110329,1
20110330,1
20110331,1
20110403,2
20110404,3
20110405,1
20110407,2
20110408,2
20110409,1
20110411,1
20110413,1
20110414,6
20110418,1
20110419,1
20110420,1
20110422,1
20110425,2
20110428,1
20110430,2
20110503,1
20110504,1
20110505,2
20110506,1
20110509,1
20110511,1
20110513,1
20110515,1
20110516,3
20110520,2
20110525,2
20110526,1
20110531,1
20110604,1
20110606,2
20110607,2
20110615,1
20110616,1
20110617,1
20110618,1
20110621,4
20110622,1
20110623,1
20110624,2
20110626,1
20110627,5
20110628,8
20110629,5
20110630,3
20110701,6
20110702,2
20110707,2
20110708,2
20110710,2
20110715,2
20110716,2
20110718,1
20110719,2
20110721,2
20110723,1
20110725,1
20110731,1
20110803,1
20110804,1
20110806,1
20110811,1
20110812,2
20110813,1
20110816,1
20110817,1
20110818,4
20110819,1
20110821,1
20110822,2
20110824,1
20110825,2
20110826,2
20110827,3
20110829,1
20110830,2
20110909,2
20110910,2
20110912,2
20110915,1
20110916,1
20110918,1
20110919,1
20110921,2
20110922,3
20110923,5
20110926,1
20110927,1
20110929,2
20111003,4
20111005,1
20111006,1
20111007,2
20111008,1
20111010,1
20111011,1
20111012,1
20111013,1
20111014,2
20111015,1
20111019,3
20111020,1
20111024,1
20111026,2
20111028,5
20111031,1
20111102,1
20111103,2
20111104,1
20111105,2
20111106,1
20111109,1
20111110,3
20111111,3
20111112,2
20111114,1
20111115,1
20111116,3
20111118,1
20111119,2
20111122,1
20111124,1
20111125,1
20111126,1
20111128,1
20111130,1
20111201,2
20111205,3
20111206,1
20111208,1
20111209,3
20111212,2
20111219,3
20111220,5
20111221,3
20111222,2
20111223,2
20111227,2
20111229,4
20111231,1
20120102,1
20120103,1
20120104,1
20120105,1
20120106,1
20120110,2
20120111,2
20120112,4
20120113,6
20120116,1
20120117,2
20120118,1
20120119,1
20120120,1
20120123,1
20120124,3
20120125,1
20120126,1
20120127,1
20120128,1
20120131,1
20120202,2
20120206,1
20120208,1
20120209,1
20120211,1
20120213,1
20120214,4
20120215,1
20120216,2
20120220,2
20120221,3
20120222,1
20120223,6
20120224,2
20120227,1
20120228,1
20120229,3
20120301,1
20120302,1
20120305,1
20120307,5
20120308,1
20120313,2
20120316,4
20120319,7
20120320,2
20120321,1
20120322,3
20120323,4
20120325,1
20120326,2
20120328,3
20120329,5
20120330,3
20120402,3
20120403,4
20120404,7
20120405,1
20120406,1
20120409,1
20120410,5
20120412,1
20120413,3
20120419,1
20120424,1
20120425,1
20120426,3
20120428,1
20120430,4
20120501,2
20120503,2
20120504,2
20120507,1
20120508,1
20120509,1
20120510,1
20120513,1
20120515,1
20120516,1
20120517,3
20120518,1
20120522,1
20120523,1
20120524,1
20120531,3
20120601,4
20120605,4
20120606,1
20120607,1
20120608,2
20120612,3
20120613,3
20120614,1
20120616,1
20120617,1
20120618,1
20120620,2
20120621,1
20120624,1
20120626,4
20120627,3
20120628,2
20120629,9
20120630,1
20120702,3
20120703,2
20120704,1
20120705,4
20120706,1
20120708,2
20120710,1
20120712,1
20120713,2
20120715,1
20120716,1
20120717,3
20120718,4
20120719,2
20120720,1
20120722,1
20120725,3
20120727,2
20120729,1
20120730,4
20120731,2
20120801,1
20120802,7
20120803,3
20120804,2
20120805,3
20120806,2
20120807,1
20120809,2
20120810,2
20120814,1
20120816,1
20120817,2
20120820,2
20120821,6
20120823,3
20120824,3
20120827,2
20120829,1
20120830,3
20120906,1
20120908,1
20120910,2
20120911,4
20120913,1
20120914,4
20120917,2
20120919,1
20120920,1
20120921,3
20120926,3
20120927,6
20120928,4
20120930,1
20121003,3
20121005,3
20121007,1
20121008,2
20121011,2
20121012,4
20121014,1
20121015,1
20121016,1
20121017,5
20121018,4
20121019,1
20121021,1
20121022,2
20121023,3
20121024,4
20121025,3
20121026,2
20121029,1
20121030,3
20121101,1
20121102,3
20121104,1
20121105,2
20121106,2
20121107,1
20121108,2
20121113,1
20121116,4
20121119,1
20121120,1
20121121,1
20121122,2
20121123,1
20121129,2
20121202,1
20121205,3
20121206,1
20121207,3
20121210,1
20121211,3
20121212,3
20121213,1
20121214,4
20121216,1
20121217,4
20121218,2
20121219,3
20121220,5
20121221,1
20121224,1
20121227,1
20121228,4
20130102,1
20130103,1
20130104,2
20130107,1
20130108,2
20130110,3
20130111,3
20130113,1
20130114,1
20130115,3
20130116,1
20130117,1
20130118,6
20130120,1
20130121,2
20130124,1
20130125,2
20130127,1
20130128,1
20130129,1
20130130,3
20130201,1
20130206,3
20130210,2
20130211,1
20130212,4
20130214,1
20130215,5
20130218,1
20130219,1
20130220,1
20130221,7
20130222,4
20130224,2
20130226,4
20130227,2
20130301,3
20130303,1
20130304,1
20130305,1
20130306,2
20130307,5
20130308,3
20130311,2
20130313,4
20130314,3
20130315,2
20130317,1
20130318,2
20130319,3
20130320,7
20130321,4
20130322,7
20130325,2
20130327,2
20130328,2
20130404,3
20130405,2
20130407,1
20130408,3
20130409,2
20130410,3
20130411,3
20130412,1
20130413,1
20130414,1
20130415,2
20130416,1
20130418,1
20130419,1
20130422,1
20130423,1
20130424,6
20130426,2
20130428,1
20130429,3
20130430,3
20130501,5
20130502,2
20130503,1
20130506,2
20130508,4
20130513,1
20130514,3
20130515,3
20130516,4
20130519,1
20130520,2
20130521,2
20130523,2
20130524,1
20130525,1
20130527,3
20130528,7
20130529,4
20130530,2
20130531,4
20130601,1
20130602,3
20130604,3
20130607,2
20130609,1
20130610,4
20130612,2
20130619,4
20130620,7
20130621,4
20130622,1
20130625,4
20130626,1
20130627,6
20130628,2
20130629,1
20130701,1
20130702,4
20130704,3
20130705,1
20130707,1
20130708,1
20130709,2
20130715,2
20130716,2
20130717,1
20130718,4
20130719,2
20130721,1
20130723,2
20130724,1
20130729,4
20130730,1
20130731,1
20130801,3
20130802,1
20130804,1
20130805,2
20130806,1
20130807,1
20130808,1
20130809,3
20130810,1
20130812,3
20130813,5
20130814,3
20130816,3
20130818,1
20130819,3
20130820,1
20130822,4
20130828,2
20130830,1
20130831,1
20130905,1
20130906,2
20130908,1
20130909,2
20130910,15
20130911,8
20130912,1
20130913,4
20130916,5
20130917,1
20130920,4
20130922,1
20130923,6
20130924,1
20130925,2
20130926,7
20130927,7
20130928,1
20130930,1
20131001,2
20131003,2
20131004,1
20131006,1
20131007,3
20131008,5
20131010,2
20131015,3
20131016,3
20131017,2
20131021,3
20131022,1
20131023,2
20131024,2
20131025,3
20131028,1
20131030,1
20131101,2
20131103,1
20131105,1
20131106,4
20131107,3
20131110,1
20131111,2
20131112,1
20131113,2
20131114,1
20131115,1
20131118,2
20131121,1
20131122,4
20131125,1
20131127,2
20131129,1
20131201,1
20131202,1
20131204,3
20131205,4
20131207,1
20131209,1
20131211,2
20131212,1
20131216,3
20131219,4
20131226,2
20131228,1
20131229,1
20131230,2
20140101,2
20140102,2
20140106,2
20140107,6
20140108,4
20140109,2
20140114,2
20140117,3
20140119,1
20140121,2
20140122,1
20140123,4
20140124,3
20140127,2
20140130,4
20140131,1
20140203,1
20140206,1
20140207,1
20140210,3
20140211,2
20140212,2
20140213,4
20140215,2
20140217,2
20140218,2
20140220,1
20140221,2
20140223,2
20140224,4
20140225,1
20140226,2
20140227,1
20140303,1
20140304,3
20140305,3
20140306,1
20140307,2
20140309,1
20140310,1
20140311,2
20140312,2
20140313,2
20140315,1
20140317,2
20140318,1
20140319,1
20140320,5
20140321,5
20140323,1
20140325,1
20140326,4
20140328,1
20140331,1
20140401,1
20140402,1
20140404,1
20140407,1
20140408,3
20140409,1
20140411,1
20140415,1
20140416,2
20140417,1
20140420,1
20140421,7
20140422,10
20140423,3
20140424,6
20140425,4
20140427,1
20140428,3
20140429,1
20140430,2
20140501,1
20140502,1
20140504,1
20140505,3
20140506,4
20140507,1
20140508,3
20140509,1
20140512,1
20140513,1
20140514,2
20140515,1
20140516,1
20140519,3
20140522,2
20140523,4
20140526,1
20140527,1
20140528,1
20140529,2
20140530,2
20140602,2
20140603,1
20140604,1
20140605,3
20140610,2
20140611,3
20140613,1
20140616,3
20140617,3
20140618,3
20140619,5
20140620,3
20140622,1
20140623,1
20140624,1
20140625,1
20140626,9
20140627,6
20140630,2
20140701,3
20140703,2
20140706,1
20140707,1
20140708,4
20140709,1
20140710,1
20140711,2
20140713,1
20140714,3
20140716,5
20140718,3
20140720,1
20140721,1
20140722,2
20140723,2
20140724,2
20140728,2
20140731,2
20140801,1
20140804,2
20140805,1
20140807,2
20140808,2
20140810,2
20140813,3
20140815,2
20140819,3
20140821,1
20140822,1
20140824,1
20140825,1
20140827,1
20140828,6
20140831,1
20140902,3
20140903,1
20140904,1
20140905,5
20140907,1
20140908,1
20140909,5
20140910,3
20140912,2
20140915,1
20140916,2
20140917,5
20140918,2
20140919,5
20140922,2
20140924,2
20140925,6
20140926,8
20140927,1
20140928,1
20140929,1
20141001,1
20141002,1
20141009,3
20141010,2
20141012,1
20141013,2
20141014,1
20141016,1
20141017,1
20141019,1
20141020,7
20141021,1
20141022,2
20141023,1
20141024,2
20141027,1
20141028,2
20141029,1
20141030,2
20141031,4
20141102,2
20141103,1
20141104,3
20141105,4
20141106,4
20141112,1
20141113,3
20141114,2
20141116,1
20141117,2
20141118,2
20141120,3
20141121,3
20141123,1
20141124,3
20141125,1
20141127,1
20141128,1
20141201,1
20141203,1
20141204,1
20141205,1
20141209,4
20141210,4
20141211,1
20141212,1
20141213,1
20141216,3
20141217,4
20141218,4
20141219,9
20141222,1
20141225,1
20141226,2
20141228,2
20141230,3
20141231,1
20150104,1
20150105,1
20150106,1
20150107,2
20150108,2
20150109,4
20150111,1
20150112,6
20150113,2
20150114,1
20150115,2
20150119,1
20150120,1
20150121,2
20150123,2
20150126,1
20150127,1
20150128,1
20150129,1
20150202,1
20150204,1
20150205,2
20150209,1
20150212,4
20150213,1
20150216,1
20150219,4
20150220,2
20150223,1
20150224,6
20150225,2
20150227,1
20150303,4
20150304,2
20150305,1
20150306,5
20150309,1
20150311,2
20150312,1
20150316,1
20150318,2
20150319,5
20150320,7
20150322,1
20150323,5
20150324,1
20150325,1
20150326,5
20150328,1
20150331,1
20150401,7
20150402,1
20150403,1
20150406,3
20150407,3
20150408,1
20150409,2
20150412,1
20150413,1
20150414,2
20150416,2
20150418,1
20150421,3
20150423,1
20150424,1
20150427,2
20150428,1
20150430,2
