20050201,1
20050210,1
20050616,1
20050707,1
20050718,1
20050728,1
20050825,1
20050901,1
20051004,1
20051027,3
20051109,1
20051111,1
20051203,1
20060125,1
20060130,1
20060322,1
20060323,1
20060418,1
20060505,1
20060522,1
20060707,1
20060729,1
20060918,1
20061004,1
20070120,1
20070125,1
20070126,2
20070129,1
20070201,1
20070222,1
20070313,1
20070321,1
20070406,1
20070410,1
20070418,1
20070420,1
20070425,1
20070426,1
20070427,1
20070514,1
20070518,1
20070519,1
20070613,1
20070614,1
20070702,1
20070703,1
20070712,1
20070725,1
20070825,1
20071003,1
20071023,1
20071024,2
20071220,1
20080123,1
20080124,1
20080211,1
20080213,1
20080227,1
20080229,1
20080331,1
20080408,1
20080409,1
20080528,1
20080529,1
20080616,1
20080619,1
20080725,1
20080902,1
20080915,1
20081003,1
20081021,1
20081024,1
20081211,1
20090105,1
20090305,1
20090423,1
20090429,1
20090518,1
20090716,1
20090728,1
20090731,1
20091019,1
20091027,1
20091110,1
20091121,1
20091217,1
20100126,1
20100127,1
20100129,1
20100217,1
20100219,1
20100427,1
20100429,1
20100628,1
20100629,1
20100710,1
20100726,1
20100727,1
20100815,1
20100823,2
20100824,1
20100828,1
20100915,1
20100921,1
20101026,1
20101027,1
20110111,2
20110112,1
20110126,1
20110207,1
20110223,1
20110305,1
20110310,1
20110322,1
20110331,1
20110401,1
20110413,1
20110421,1
20110425,1
20110426,2
20110427,1
20110428,1
20110502,1
20110520,1
20110523,1
20110621,1
20110623,1
20110708,1
20110726,2
20110810,2
20110811,1
20110825,1
20110923,1
20111013,1
20111116,1
20111117,2
20111201,1
20111219,1
20111223,1
20120103,1
20120316,1
20120403,1
20120425,2
20120517,1
20120802,1
20120911,1
20120919,1
20120920,1
20120924,1
20121002,1
20121015,1
20121016,1
20121024,1
20121129,1
20121202,1
20130122,2
20130415,1
20130418,1
20130716,1
20130718,1
20130721,1
20130923,1
20131004,1
20131023,2
20131124,2
20140108,1
20140113,1
20140122,3
20140124,1
20140128,1
20140130,1
20140312,1
20140318,1
20140320,1
20140423,1
20140528,1
20140626,1
20140627,1
20140713,1
20140714,1
20140715,1
20140723,4
20141012,1
20141013,1
20141014,1
20141015,1
20141020,1
20141022,2
20141023,2
20141102,1
20141203,1
20150113,2
20150126,2
20150127,1
20150223,1
20150224,1
20150302,1
20150413,3
20150414,2
20150415,1
20150429,2
20150430,1
