20050103,4
20050104,2
20050105,1
20050106,3
20050107,3
20050110,1
20050111,1
20050112,9
20050113,2
20050114,1
20050117,2
20050118,2
20050119,1
20050120,1
20050121,2
20050124,3
20050125,2
20050126,3
20050127,2
20050128,5
20050131,2
20050201,2
20050202,5
20050203,4
20050204,4
20050207,3
20050208,4
20050209,5
20050210,2
20050211,4
20050214,1
20050215,2
20050217,3
20050218,1
20050220,1
20050222,2
20050223,2
20050224,1
20050225,2
20050228,2
20050302,2
20050303,3
20050304,4
20050307,2
20050308,2
20050309,3
20050310,5
20050311,4
20050314,2
20050315,1
20050316,4
20050317,3
20050318,2
20050321,3
20050322,2
20050323,2
20050324,2
20050325,5
20050329,2
20050330,1
20050331,2
20050401,4
20050404,3
20050405,4
20050406,2
20050407,4
20050408,3
20050411,6
20050412,5
20050413,3
20050414,3
20050415,3
20050418,4
20050419,1
20050420,7
20050421,5
20050422,19
20050423,2
20050425,8
20050426,6
20050427,11
20050428,5
20050429,8
20050502,7
20050503,2
20050504,3
20050505,4
20050506,2
20050509,2
20050510,3
20050511,4
20050512,3
20050513,2
20050516,1
20050517,2
20050518,1
20050519,2
20050520,4
20050523,1
20050524,2
20050525,5
20050526,1
20050527,2
20050530,1
20050531,1
20050601,3
20050602,6
20050603,6
20050606,4
20050607,1
20050608,2
20050609,2
20050610,5
20050613,4
20050614,3
20050615,3
20050616,3
20050617,1
20050620,2
20050621,2
20050622,6
20050623,4
20050624,3
20050627,2
20050628,3
20050629,3
20050630,4
20050701,6
20050705,4
20050706,2
20050707,3
20050708,2
20050710,1
20050711,2
20050712,3
20050713,4
20050714,4
20050715,2
20050718,3
20050719,2
20050720,3
20050721,3
20050722,5
20050725,2
20050726,5
20050727,4
20050728,2
20050729,2
20050801,2
20050802,3
20050803,3
20050804,5
20050805,3
20050808,2
20050809,3
20050810,3
20050811,5
20050812,6
20050815,2
20050816,5
20050817,6
20050818,1
20050819,6
20050822,3
20050823,2
20050824,3
20050825,1
20050826,3
20050829,4
20050830,2
20050831,4
20050901,3
20050902,4
20050906,2
20050907,2
20050908,2
20050909,4
20050912,1
20050913,4
20050914,4
20050915,5
20050916,2
20050917,1
20050919,2
20050920,1
20050921,2
20050922,3
20050923,4
20050924,1
20050927,2
20050928,2
20050929,2
20050930,4
20051001,3
20051003,3
20051004,4
20051005,2
20051006,3
20051007,5
20051008,2
20051010,1
20051011,2
20051012,5
20051013,4
20051014,2
20051015,1
20051017,3
20051018,2
20051019,2
20051020,4
20051021,3
20051022,1
20051024,2
20051025,3
20051026,2
20051027,4
20051028,4
20051029,1
20051031,1
20051101,1
20051102,7
20051103,2
20051104,3
20051105,2
20051107,4
20051108,3
20051109,8
20051110,4
20051111,5
20051112,5
20051114,1
20051115,6
20051116,7
20051117,4
20051118,5
20051119,2
20051121,2
20051122,2
20051123,5
20051125,4
20051126,3
20051129,3
20051130,2
20051201,1
20051202,4
20051203,2
20051205,4
20051206,6
20051207,3
20051208,4
20051209,3
20051210,3
20051212,2
20051213,4
20051214,4
20051215,2
20051216,6
20051217,2
20051219,1
20051220,4
20051221,2
20051222,4
20051223,6
20051224,2
20051227,1
20051228,3
20051229,2
20051230,3
20051231,2
20060103,3
20060104,2
20060105,3
20060106,2
20060107,3
20060110,3
20060111,2
20060112,1
20060113,5
20060114,1
20060116,1
20060117,1
20060118,3
20060119,2
20060120,4
20060121,5
20060123,1
20060124,8
20060125,3
20060126,3
20060127,6
20060128,1
20060130,1
20060131,4
20060201,2
20060202,3
20060203,3
20060204,4
20060207,6
20060208,2
20060209,2
20060210,5
20060211,1
20060214,3
20060215,5
20060216,4
20060217,2
20060218,1
20060221,2
20060222,2
20060223,5
20060224,4
20060225,3
20060227,4
20060228,2
20060301,4
20060302,2
20060303,4
20060304,4
20060305,1
20060306,6
20060307,7
20060308,6
20060309,6
20060310,8
20060311,5
20060313,11
20060314,12
20060315,7
20060316,7
20060317,8
20060318,1
20060320,1
20060321,5
20060322,3
20060323,5
20060324,5
20060325,1
20060327,2
20060328,5
20060329,3
20060330,3
20060331,8
20060401,3
20060403,6
20060404,4
20060405,4
20060406,1
20060407,4
20060408,2
20060410,4
20060411,3
20060412,4
20060413,5
20060414,3
20060415,3
20060417,2
20060418,4
20060419,6
20060420,8
20060421,6
20060422,2
20060423,1
20060424,3
20060425,6
20060426,5
20060427,3
20060428,6
20060429,1
20060501,2
20060502,1
20060503,6
20060504,5
20060505,9
20060506,2
20060508,2
20060509,5
20060510,7
20060511,6
20060512,5
20060513,2
20060515,2
20060516,6
20060517,4
20060518,5
20060519,5
20060520,3
20060521,1
20060522,13
20060523,12
20060524,8
20060525,8
20060526,5
20060527,3
20060530,4
20060531,6
20060601,1
20060602,12
20060603,5
20060604,1
20060605,7
20060606,5
20060607,6
20060608,9
20060609,10
20060610,4
20060611,1
20060613,6
20060614,6
20060615,4
20060616,7
20060617,5
20060618,1
20060619,4
20060620,7
20060621,3
20060622,7
20060623,7
20060624,1
20060627,2
20060628,5
20060629,5
20060630,4
20060701,4
20060702,1
20060703,5
20060704,1
20060705,2
20060706,7
20060707,4
20060708,4
20060710,3
20060711,6
20060712,4
20060713,2
20060714,4
20060715,3
20060717,1
20060718,4
20060719,2
20060720,3
20060721,6
20060722,1
20060724,4
20060725,3
20060726,1
20060727,6
20060728,5
20060729,1
20060801,2
20060802,5
20060803,1
20060804,4
20060805,2
20060807,4
20060808,4
20060809,5
20060810,3
20060811,3
20060812,2
20060814,1
20060815,2
20060816,3
20060817,7
20060818,7
20060819,2
20060821,3
20060822,7
20060823,2
20060824,3
20060825,3
20060826,1
20060828,3
20060829,3
20060830,4
20060831,4
20060901,2
20060905,3
20060906,3
20060907,5
20060908,7
20060909,1
20060911,4
20060912,8
20060913,4
20060914,6
20060915,5
20060916,1
20060918,3
20060919,4
20060920,7
20060921,3
20060922,5
20060923,5
20060925,3
20060926,3
20060927,7
20060928,6
20060929,7
20060930,2
20061002,4
20061003,4
20061004,4
20061005,3
20061006,6
20061007,2
20061009,6
20061010,3
20061011,3
20061012,7
20061013,6
20061014,2
20061015,1
20061016,4
20061017,5
20061018,7
20061019,7
20061020,9
20061021,3
20061023,3
20061024,3
20061025,2
20061026,4
20061027,8
20061028,2
20061029,1
20061030,2
20061031,2
20061101,4
20061102,3
20061103,5
20061104,3
20061106,1
20061107,3
20061108,5
20061109,3
20061110,7
20061111,4
20061114,6
20061115,10
20061116,5
20061117,5
20061118,5
20061120,2
20061121,4
20061122,11
20061123,2
20061124,5
20061125,4
20061127,1
20061128,6
20061129,3
20061130,7
20061201,5
20061202,2
20061204,4
20061205,3
20061206,4
20061207,4
20061208,4
20061209,1
20061210,2
20061211,2
20061212,2
20061213,2
20061214,4
20061215,7
20061216,3
20061217,2
20061218,2
20061219,6
20061220,8
20061221,4
20061222,5
20061223,2
20061227,3
20061228,6
20061229,4
20061230,4
20070101,2
20070103,2
20070104,2
20070105,4
20070106,2
20070107,1
20070108,3
20070109,7
20070110,4
20070111,5
20070112,10
20070113,2
20070115,1
20070116,2
20070117,4
20070118,2
20070119,4
20070120,3
20070121,1
20070122,3
20070123,6
20070124,7
20070125,4
20070126,4
20070127,4
20070129,3
20070130,4
20070131,5
20070201,6
20070202,5
20070203,4
20070205,1
20070206,2
20070207,6
20070208,7
20070209,6
20070210,3
20070211,1
20070212,4
20070213,6
20070214,5
20070215,3
20070216,3
20070217,1
20070219,1
20070220,4
20070221,5
20070222,4
20070223,6
20070224,1
20070226,4
20070227,5
20070228,8
20070301,7
20070302,6
20070303,1
20070304,2
20070305,2
20070306,7
20070307,6
20070308,4
20070309,7
20070310,3
20070311,1
20070312,4
20070313,4
20070314,10
20070315,4
20070316,10
20070317,3
20070318,1
20070319,2
20070320,6
20070321,2
20070322,7
20070323,6
20070324,1
20070326,3
20070327,9
20070328,5
20070329,8
20070330,6
20070331,4
20070402,4
20070403,3
20070404,5
20070405,7
20070406,7
20070408,1
20070409,1
20070410,5
20070411,7
20070412,2
20070413,2
20070414,3
20070416,2
20070417,2
20070418,3
20070419,3
20070420,8
20070421,2
20070423,1
20070424,3
20070425,2
20070426,6
20070427,7
20070428,2
20070429,1
20070430,3
20070501,6
20070502,6
20070503,3
20070504,6
20070505,2
20070507,5
20070508,6
20070509,5
20070510,5
20070511,4
20070512,1
20070514,3
20070515,5
20070516,3
20070517,2
20070518,4
20070519,2
20070520,1
20070521,4
20070522,6
20070523,6
20070524,5
20070525,5
20070526,2
20070529,1
20070530,8
20070531,4
20070601,5
20070602,4
20070604,1
20070605,5
20070606,5
20070607,8
20070608,6
20070609,6
20070610,1
20070611,2
20070612,6
20070613,5
20070614,4
20070615,6
20070616,4
20070617,1
20070618,3
20070619,4
20070620,9
20070621,9
20070622,6
20070623,3
20070625,3
20070626,6
20070627,6
20070628,7
20070629,5
20070630,1
20070702,3
20070703,5
20070705,3
20070706,4
20070707,2
20070709,2
20070710,8
20070711,3
20070712,5
20070713,3
20070714,4
20070716,4
20070717,4
20070718,5
20070719,6
20070720,6
20070721,3
20070723,4
20070724,5
20070725,6
20070726,5
20070727,2
20070729,1
20070730,1
20070731,6
20070801,5
20070802,6
20070803,5
20070804,2
20070806,2
20070807,2
20070808,5
20070809,6
20070810,3
20070811,1
20070813,1
20070814,4
20070815,4
20070816,6
20070817,6
20070818,1
20070820,2
20070821,4
20070822,5
20070823,4
20070824,6
20070825,1
20070827,1
20070828,3
20070829,7
20070830,3
20070831,6
20070901,1
20070904,2
20070905,2
20070906,4
20070907,4
20070908,3
20070910,3
20070911,3
20070912,1
20070913,4
20070914,2
20070915,3
20070916,2
20070917,2
20070918,4
20070919,5
20070920,5
20070921,5
20070922,3
20070923,1
20070924,2
20070925,5
20070926,3
20070927,4
20070928,3
20070929,1
20070930,1
20071002,4
20071003,3
20071004,2
20071005,6
20071006,2
20071008,4
20071009,7
20071010,4
20071011,5
20071012,4
20071013,1
20071015,3
20071016,4
20071017,2
20071018,3
20071019,4
20071020,3
20071022,1
20071023,2
20071024,2
20071025,6
20071026,1
20071027,2
20071029,4
20071030,7
20071031,4
20071101,3
20071102,2
20071103,3
20071104,1
20071105,5
20071106,3
20071107,7
20071108,2
20071109,3
20071110,1
20071112,1
20071113,4
20071114,10
20071115,16
20071116,7
20071117,3
20071118,1
20071119,2
20071120,5
20071121,5
20071123,9
20071124,3
20071126,2
20071127,3
20071128,4
20071129,2
20071130,4
20071201,2
20071203,2
20071204,4
20071205,4
20071206,3
20071207,5
20071208,2
20071209,1
20071210,4
20071211,4
20071212,3
20071213,3
20071214,4
20071215,2
20071216,1
20071217,2
20071218,2
20071219,2
20071220,4
20071221,5
20071222,4
20071223,1
20071224,2
20071226,4
20071227,3
20071228,2
20071229,1
20071231,2
20080102,5
20080103,2
20080104,2
20080105,1
20080108,5
20080109,6
20080110,6
20080111,3
20080112,1
20080114,4
20080115,3
20080116,1
20080117,5
20080118,7
20080120,1
20080122,1
20080123,6
20080124,3
20080125,3
20080126,2
20080128,3
20080129,4
20080130,1
20080131,1
20080201,4
20080202,1
20080204,1
20080205,8
20080206,4
20080207,5
20080208,2
20080209,1
20080211,1
20080212,2
20080213,2
20080214,3
20080215,4
20080216,1
20080219,2
20080220,2
20080221,3
20080222,2
20080223,3
20080225,3
20080226,3
20080227,3
20080228,4
20080229,5
20080301,2
20080303,2
20080304,2
20080305,4
20080306,4
20080307,4
20080308,1
20080309,1
20080310,2
20080311,4
20080312,3
20080313,4
20080314,4
20080315,3
20080316,2
20080317,3
20080318,6
20080319,6
20080320,5
20080321,6
20080323,1
20080324,5
20080325,7
20080326,5
20080327,2
20080328,2
20080329,1
20080331,2
20080401,2
20080402,1
20080403,2
20080404,4
20080405,1
20080407,1
20080408,3
20080409,2
20080410,2
20080411,4
20080412,1
20080414,3
20080416,3
20080417,1
20080418,1
20080419,2
20080421,2
20080422,2
20080423,2
20080424,5
20080425,3
20080426,1
20080429,1
20080430,4
20080501,3
20080502,1
20080503,1
20080504,1
20080505,5
20080506,2
20080507,4
20080508,3
20080509,5
20080510,2
20080512,2
20080513,2
20080514,2
20080515,3
20080516,2
20080517,1
20080519,2
20080520,2
20080521,3
20080522,4
20080523,4
20080524,1
20080527,2
20080528,3
20080529,2
20080530,3
20080531,1
20080602,1
20080603,4
20080604,2
20080605,2
20080606,3
20080607,1
20080610,1
20080611,1
20080612,2
20080613,4
20080614,1
20080615,1
20080616,2
20080617,2
20080618,4
20080619,2
20080620,3
20080621,1
20080622,1
20080624,4
20080625,7
20080626,3
20080627,4
20080628,2
20080629,1
20080701,5
20080702,9
20080703,3
20080704,1
20080705,1
20080708,3
20080709,2
20080710,1
20080711,3
20080712,2
20080714,1
20080715,4
20080716,3
20080717,2
20080718,3
20080719,3
20080722,1
20080723,2
20080724,2
20080725,4
20080728,3
20080729,2
20080730,4
20080731,4
20080801,3
20080802,2
20080804,1
20080805,3
20080806,1
20080807,4
20080808,1
20080809,1
20080811,1
20080812,2
20080813,1
20080814,3
20080815,2
20080816,1
20080818,2
20080819,2
20080820,3
20080821,2
20080822,5
20080823,2
20080826,4
20080827,2
20080828,1
20080829,2
20080830,1
20080902,1
20080903,2
20080904,1
20080905,3
20080906,1
20080907,1
20080908,9
20080909,2
20080910,1
20080911,2
20080912,3
20080913,1
20080914,1
20080915,4
20080916,5
20080917,3
20080918,3
20080919,2
20080920,1
20080921,1
20080922,1
20080923,4
20080924,6
20080925,5
20080926,3
20080927,1
20080929,2
20080930,5
20081001,2
20081002,5
20081003,4
20081004,2
20081005,1
20081006,2
20081007,1
20081008,1
20081009,4
20081010,6
20081011,6
20081013,2
20081014,6
20081015,4
20081016,1
20081017,2
20081018,1
20081020,1
20081021,4
20081022,2
20081023,3
20081024,5
20081025,2
20081028,3
20081029,1
20081030,1
20081031,3
20081101,3
20081104,3
20081105,2
20081106,4
20081107,2
20081108,1
20081111,5
20081112,3
20081113,1
20081114,1
20081115,2
20081117,1
20081118,2
20081119,1
20081120,1
20081121,1
20081122,2
20081124,4
20081125,1
20081126,4
20081128,3
20081129,1
20081201,1
20081202,3
20081203,3
20081204,1
20081205,2
20081206,1
20081208,5
20081209,3
20081210,2
20081211,1
20081212,4
20081213,2
20081215,1
20081216,1
20081217,3
20081218,5
20081219,3
20081220,2
20081222,1
20081223,1
20081224,3
20081226,3
20081227,1
20081230,1
20081231,1
20090102,3
20090103,2
20090106,1
20090107,2
20090109,2
20090110,2
20090113,3
20090114,2
20090115,2
20090116,5
20090117,1
20090120,1
20090121,1
20090122,2
20090123,4
20090124,2
20090126,2
20090127,2
20090128,2
20090129,3
20090130,2
20090131,1
20090202,1
20090203,4
20090204,2
20090205,2
20090206,2
20090207,1
20090209,4
20090210,5
20090211,3
20090212,2
20090213,1
20090214,2
20090216,1
20090218,1
20090219,2
20090220,3
20090221,1
20090223,1
20090224,5
20090225,3
20090226,4
20090227,5
20090228,2
20090301,1
20090302,3
20090303,3
20090304,2
20090305,2
20090306,1
20090307,1
20090309,3
20090310,2
20090311,3
20090312,1
20090313,2
20090314,1
20090316,1
20090317,3
20090318,2
20090319,3
20090320,2
20090321,2
20090323,2
20090324,1
20090325,4
20090326,1
20090327,3
20090328,1
20090401,1
20090402,2
20090403,1
20090404,1
20090407,2
20090408,3
20090409,1
20090410,4
20090411,1
20090412,1
20090413,1
20090414,2
20090415,4
20090416,4
20090417,1
20090418,1
20090420,1
20090421,6
20090422,1
20090423,1
20090424,5
20090425,2
20090427,2
20090428,2
20090429,1
20090430,2
20090501,2
20090502,1
20090504,5
20090505,4
20090506,1
20090507,2
20090508,2
20090509,1
20090511,1
20090512,2
20090513,2
20090514,2
20090515,4
20090516,1
20090518,3
20090519,2
20090520,4
20090521,3
20090522,2
20090523,1
20090525,1
20090526,1
20090527,1
20090528,3
20090529,2
20090530,1
20090601,6
20090602,1
20090603,1
20090604,2
20090605,2
20090606,1
20090608,2
20090609,1
20090610,2
20090611,3
20090612,2
20090613,1
20090615,2
20090616,4
20090617,4
20090618,4
20090619,2
20090620,2
20090622,2
20090623,2
20090624,3
20090625,4
20090626,2
20090627,1
20090629,1
20090630,1
20090701,2
20090702,4
20090703,6
20090705,1
20090706,1
20090707,1
20090708,3
20090709,4
20090710,2
20090711,1
20090713,1
20090714,2
20090715,2
20090716,2
20090717,1
20090718,2
20090721,1
20090722,1
20090723,3
20090724,2
20090725,2
20090727,1
20090728,1
20090729,2
20090730,5
20090731,3
20090801,2
20090803,1
20090804,2
20090805,2
20090806,4
20090807,5
20090808,1
20090811,3
20090812,3
20090813,4
20090814,2
20090815,2
20090817,3
20090818,2
20090819,2
20090820,5
20090821,1
20090822,1
20090824,1
20090825,3
20090826,2
20090827,3
20090828,4
20090829,1
20090831,4
20090901,2
20090902,5
20090903,1
20090904,2
20090907,2
20090908,1
20090909,1
20090910,2
20090911,2
20090912,1
20090914,2
20090915,2
20090916,4
20090917,3
20090918,3
20090919,1
20090922,2
20090923,3
20090924,3
20090925,4
20090926,1
20090928,1
20090929,2
20090930,2
20091001,1
20091002,2
20091004,1
20091006,2
20091007,3
20091008,3
20091009,2
20091010,1
20091011,1
20091012,2
20091013,2
20091014,6
20091015,1
20091016,2
20091017,1
20091019,1
20091020,2
20091021,4
20091022,3
20091023,3
20091024,1
20091027,2
20091028,4
20091029,4
20091030,4
20091031,2
20091102,4
20091103,3
20091104,2
20091105,1
20091106,9
20091107,2
20091110,3
20091111,3
20091112,1
20091113,3
20091114,1
20091116,1
20091117,2
20091118,3
20091119,2
20091120,2
20091121,1
20091123,1
20091124,4
20091125,5
20091127,3
20091201,2
20091202,2
20091203,3
20091204,3
20091205,1
20091207,2
20091208,3
20091209,1
20091210,8
20091211,2
20091212,2
20091214,4
20091215,2
20091216,2
20091217,4
20091218,2
20091220,1
20091222,2
20091223,1
20091224,1
20091226,3
20091228,1
20091229,3
20091230,1
20091231,4
20100102,1
20100104,1
20100105,4
20100106,2
20100107,3
20100108,1
20100109,1
20100112,2
20100113,3
20100114,8
20100115,2
20100116,1
20100119,1
20100120,2
20100121,4
20100122,1
20100123,2
20100125,2
20100126,3
20100127,4
20100128,2
20100129,3
20100130,1
20100131,1
20100201,2
20100202,2
20100204,4
20100205,3
20100206,1
20100208,2
20100209,5
20100210,7
20100211,6
20100212,3
20100213,4
20100216,2
20100217,4
20100218,5
20100219,3
20100220,1
20100222,2
20100223,2
20100225,6
20100226,2
20100302,4
20100303,2
20100304,2
20100305,4
20100308,2
20100309,3
20100310,4
20100311,6
20100312,3
20100313,2
20100315,2
20100316,1
20100317,1
20100318,4
20100319,1
20100320,1
20100322,2
20100323,1
20100324,3
20100325,4
20100326,2
20100329,1
20100330,2
20100331,1
20100401,3
20100402,1
20100406,3
20100407,1
20100408,2
20100409,1
20100410,1
20100411,1
20100412,2
20100413,4
20100414,3
20100415,4
20100416,1
20100417,1
20100419,2
20100420,1
20100421,1
20100422,5
20100423,2
20100424,1
20100427,4
20100428,1
20100429,3
20100430,2
20100501,2
20100503,2
20100504,2
20100505,7
20100506,4
20100507,8
20100508,5
20100509,3
20100510,4
20100511,5
20100512,2
20100513,5
20100514,1
20100515,2
20100517,2
20100518,2
20100519,2
20100520,3
20100521,1
20100522,1
20100525,3
20100526,3
20100527,3
20100528,1
20100529,2
20100602,3
20100603,1
20100604,2
20100605,2
20100608,3
20100609,2
20100610,4
20100611,2
20100612,1
20100614,1
20100615,2
20100616,6
20100617,4
20100618,1
20100619,1
20100621,2
20100622,1
20100623,2
20100624,3
20100625,2
20100626,1
20100628,1
20100629,2
20100630,2
20100701,3
20100702,3
20100703,1
20100706,6
20100707,3
20100708,1
20100709,5
20100710,1
20100712,3
20100713,6
20100714,3
20100715,3
20100716,4
20100717,1
20100720,2
20100721,1
20100722,1
20100723,6
20100724,1
20100726,4
20100727,2
20100728,2
20100729,5
20100730,5
20100731,1
20100802,1
20100803,3
20100804,2
20100805,2
20100806,4
20100807,1
20100809,3
20100810,5
20100811,5
20100812,2
20100813,3
20100814,3
20100816,3
20100817,4
20100818,1
20100819,4
20100820,1
20100823,4
20100824,4
20100825,2
20100826,3
20100827,3
20100831,1
