20050103,4
20050104,7
20050105,14
20050106,10
20050107,12
20050109,1
20050110,9
20050111,10
20050112,11
20050113,10
20050114,17
20050117,12
20050118,8
20050119,13
20050120,12
20050121,9
20050124,10
20050125,7
20050126,4
20050127,13
20050128,19
20050130,2
20050131,11
20050201,10
20050202,12
20050203,11
20050204,15
20050206,1
20050207,9
20050208,8
20050209,9
20050210,10
20050211,10
20050212,1
20050213,1
20050214,11
20050215,12
20050216,13
20050217,11
20050218,12
20050221,5
20050222,7
20050223,5
20050224,8
20050225,12
20050227,1
20050228,9
20050301,14
20050302,6
20050303,10
20050304,10
20050306,1
20050307,9
20050308,9
20050309,10
20050310,5
20050311,14
20050312,1
20050313,1
20050314,12
20050315,12
20050316,7
20050317,13
20050318,14
20050320,2
20050321,7
20050322,11
20050323,8
20050324,11
20050325,4
20050328,9
20050329,10
20050330,8
20050331,8
20050401,6
20050403,3
20050404,9
20050405,10
20050406,13
20050407,11
20050408,13
20050410,3
20050411,12
20050412,11
20050413,10
20050414,11
20050415,6
20050417,1
20050418,12
20050419,12
20050420,8
20050421,9
20050422,14
20050424,2
20050425,10
20050426,8
20050427,7
20050428,10
20050429,12
20050501,1
20050502,7
20050503,11
20050504,13
20050505,17
20050506,11
20050508,2
20050509,10
20050510,11
20050511,13
20050512,9
20050513,8
20050515,2
20050516,14
20050517,4
20050518,13
20050519,13
20050520,10
20050522,1
20050523,12
20050524,11
20050525,8
20050526,7
20050527,10
20050529,2
20050530,2
20050531,9
20050601,10
20050602,5
20050603,10
20050605,2
20050606,14
20050607,9
20050608,8
20050609,11
20050610,7
20050612,1
20050613,11
20050614,6
20050615,12
20050616,8
20050617,10
20050619,1
20050620,5
20050621,11
20050622,9
20050623,11
20050624,9
20050626,3
20050627,13
20050628,10
20050629,6
20050630,7
20050701,11
20050704,1
20050705,11
20050706,6
20050707,10
20050708,7
20050710,2
20050711,11
20050712,7
20050713,7
20050714,10
20050715,9
20050717,1
20050718,7
20050719,7
20050720,9
20050721,14
20050722,9
20050725,6
20050726,8
20050727,10
20050728,14
20050729,8
20050731,3
20050801,7
20050802,9
20050803,12
20050804,9
20050805,7
20050807,1
20050808,2
20050809,10
20050810,8
20050811,5
20050812,13
20050814,1
20050815,12
20050816,4
20050817,10
20050818,6
20050819,10
20050821,2
20050822,6
20050823,11
20050824,10
20050825,10
20050826,18
20050827,1
20050828,3
20050829,9
20050830,4
20050831,10
20050901,13
20050902,4
20050903,1
20050904,2
20050905,6
20050906,7
20050907,13
20050908,14
20050909,12
20050910,1
20050911,2
20050912,7
20050913,14
20050914,11
20050915,12
20050916,10
20050917,12
20050918,1
20050919,11
20050920,9
20050921,18
20050922,10
20050923,16
20050924,6
20050926,12
20050927,10
20050928,11
20050929,7
20050930,9
20051001,3
20051002,1
20051003,7
20051004,9
20051005,4
20051006,15
20051007,7
20051008,4
20051009,1
20051010,5
20051011,12
20051012,11
20051013,4
20051014,8
20051015,6
20051017,15
20051018,10
20051019,5
20051020,6
20051021,11
20051022,5
20051023,3
20051024,12
20051025,4
20051026,10
20051027,12
20051028,8
20051029,5
20051031,11
20051101,13
20051102,10
20051103,6
20051104,10
20051105,5
20051106,1
20051107,7
20051108,7
20051109,10
20051110,6
20051111,19
20051112,2
20051113,2
20051114,14
20051115,5
20051116,11
20051117,16
20051118,17
20051119,4
20051120,1
20051121,4
20051122,8
20051123,6
20051124,2
20051125,9
20051126,3
20051128,3
20051129,11
20051130,13
20051201,11
20051202,10
20051203,7
20051204,1
20051205,7
20051206,11
20051207,9
20051208,13
20051209,10
20051210,6
20051211,1
20051212,7
20051213,14
20051214,16
20051215,8
20051216,10
20051217,3
20051218,2
20051219,8
20051220,9
20051221,11
20051222,14
20051223,7
20051224,4
20051225,2
20051226,1
20051227,6
20051228,5
20051229,6
20051230,7
20051231,5
20060101,1
20060103,4
20060104,12
20060105,10
20060106,14
20060107,4
20060108,3
20060109,8
20060110,15
20060111,14
20060112,12
20060113,8
20060114,5
20060115,1
20060116,7
20060117,6
20060118,13
20060119,8
20060120,11
20060121,5
20060122,2
20060123,11
20060124,10
20060125,18
20060126,5
20060127,11
20060128,5
20060129,1
20060130,9
20060131,10
20060201,11
20060202,10
20060203,13
20060204,7
20060205,1
20060206,8
20060207,18
20060208,9
20060209,13
20060210,12
20060211,7
20060212,1
20060213,7
20060214,9
20060215,9
20060216,9
20060217,12
20060218,1
20060220,2
20060221,9
20060222,12
20060223,9
20060224,5
20060225,4
20060226,1
20060227,7
20060228,8
20060301,7
20060302,15
20060303,10
20060304,5
20060305,1
20060306,11
20060307,9
20060308,10
20060309,4
20060310,6
20060311,6
20060313,10
20060314,9
20060315,11
20060316,8
20060317,9
20060318,5
20060319,3
20060320,4
20060321,13
20060322,19
20060323,11
20060324,9
20060325,5
20060326,1
20060327,8
20060328,17
20060329,8
20060330,14
20060331,12
20060401,5
20060402,1
20060403,7
20060404,9
20060405,9
20060406,9
20060407,8
20060408,7
20060410,12
20060411,7
20060412,11
20060413,9
20060414,6
20060415,6
20060417,9
20060418,10
20060419,10
20060420,7
20060421,10
20060422,4
20060423,2
20060424,9
20060425,10
20060426,9
20060427,14
20060428,13
20060429,7
20060430,2
20060501,8
20060502,7
20060503,7
20060504,8
20060505,9
20060506,4
20060508,14
20060509,10
20060510,10
20060511,5
20060512,5
20060513,3
20060515,10
20060516,10
20060517,7
20060518,9
20060519,10
20060520,9
20060521,1
20060522,12
20060523,9
20060524,15
20060525,9
20060526,9
20060527,2
20060528,2
20060530,11
20060531,5
20060601,16
20060602,14
20060603,5
20060604,1
20060605,5
20060606,5
20060607,10
20060608,9
20060609,18
20060610,6
20060611,2
20060612,8
20060613,12
20060614,7
20060615,21
20060616,11
20060617,6
20060618,2
20060619,9
20060620,11
20060621,14
20060622,11
20060623,14
20060624,5
20060625,4
20060626,5
20060627,8
20060628,13
20060629,10
20060630,7
20060701,6
20060703,7
20060704,7
20060705,10
20060706,9
20060707,8
20060708,5
20060709,2
20060710,10
20060711,6
20060712,15
20060713,6
20060714,9
20060715,3
20060716,4
20060717,8
20060718,7
20060719,10
20060720,11
20060721,11
20060722,6
20060723,2
20060724,9
20060725,6
20060726,7
20060727,2
20060728,17
20060729,4
20060730,2
20060731,9
20060801,8
20060802,11
20060803,12
20060804,7
20060805,5
20060806,1
20060807,5
20060808,4
20060809,12
20060810,7
20060811,15
20060812,4
20060813,1
20060814,8
20060815,8
20060816,10
20060817,8
20060818,7
20060819,2
20060820,1
20060821,6
20060822,4
20060823,4
20060824,9
20060825,11
20060826,8
20060828,7
20060829,13
20060830,12
20060831,12
20060901,11
20060902,3
20060903,5
20060904,3
20060905,12
20060906,13
20060907,6
20060908,12
20060909,3
20060910,1
20060911,12
20060912,12
20060913,11
20060914,5
20060915,17
20060916,8
20060917,1
20060918,9
20060919,7
20060920,22
20060921,12
20060922,12
20060923,9
20060924,2
20060925,14
20060926,8
20060927,11
20060928,9
20060929,11
20060930,1
20061001,2
20061002,8
20061003,6
20061004,11
20061005,6
20061006,7
20061007,11
20061009,12
20061010,8
20061011,8
20061012,9
20061013,7
20061014,5
20061015,2
20061016,10
20061017,10
20061018,19
20061019,13
20061020,12
20061021,5
20061022,1
20061023,3
20061024,12
20061025,11
20061026,5
20061027,12
20061028,8
20061029,2
20061030,8
20061031,9
20061101,7
20061102,8
20061103,7
20061104,5
20061105,2
20061106,8
20061107,10
20061108,17
20061109,17
20061110,12
20061111,6
20061112,1
20061113,10
20061114,14
20061115,13
20061116,10
20061117,10
20061118,7
20061120,16
20061121,7
20061122,5
20061123,2
20061124,6
20061125,6
20061126,2
20061127,8
20061128,10
20061129,13
20061130,5
20061201,7
20061202,7
20061203,1
20061204,9
20061205,7
20061206,18
20061207,21
20061208,7
20061209,6
20061211,10
20061212,6
20061213,14
20061214,8
20061215,14
20061216,5
20061217,2
20061218,11
20061219,9
20061220,9
20061221,4
20061222,14
20061223,4
20061225,1
20061226,4
20061227,6
20061228,9
20061229,8
20061230,4
20061231,1
20070102,5
20070103,13
20070104,11
20070105,9
20070106,5
20070107,2
20070108,10
20070109,7
20070110,14
20070111,6
20070112,8
20070113,5
20070115,4
20070116,7
20070117,12
20070118,11
20070119,13
20070120,12
20070121,2
20070122,10
20070123,14
20070124,9
20070125,9
20070126,15
20070127,8
20070128,1
20070129,10
20070130,8
20070131,12
20070201,7
20070202,7
20070203,4
20070205,7
20070206,13
20070207,11
20070208,10
20070209,9
20070210,6
20070211,1
20070212,12
20070213,10
20070214,8
20070215,5
20070216,5
20070217,5
20070218,1
20070219,1
20070220,7
20070221,10
20070222,3
20070223,6
20070224,5
20070226,9
20070227,11
20070228,11
20070301,5
20070302,11
20070303,8
20070304,4
20070305,15
20070306,11
20070307,12
20070308,5
20070309,9
20070310,5
20070311,2
20070312,8
20070313,7
20070314,17
20070315,8
20070316,7
20070317,7
20070318,1
20070319,8
20070320,9
20070321,14
20070322,13
20070323,10
20070324,6
20070326,16
20070327,10
20070328,15
20070329,12
20070330,13
20070331,6
20070401,1
20070402,10
20070403,9
20070404,7
20070405,11
20070406,9
20070407,2
20070409,10
20070410,11
20070411,9
20070412,8
20070413,9
20070414,8
20070415,1
20070416,6
20070417,11
20070418,10
20070419,12
20070420,6
20070421,3
20070423,12
20070424,8
20070425,17
20070426,10
20070427,13
20070428,5
20070429,1
20070430,11
20070501,13
20070502,11
20070503,7
20070504,9
20070505,2
20070506,3
20070507,14
20070508,6
20070509,13
20070510,15
20070511,9
20070512,4
20070513,2
20070514,12
20070515,6
20070516,13
20070517,8
20070518,14
20070519,5
20070521,11
20070522,7
20070523,12
20070524,8
20070525,10
20070526,6
20070527,1
20070528,1
20070529,7
20070530,16
20070531,17
20070601,8
20070602,4
20070603,2
20070604,11
20070605,19
20070606,15
20070607,11
20070608,15
20070609,7
20070610,1
20070611,17
20070612,7
20070613,13
20070614,8
20070615,16
20070616,9
20070617,2
20070618,13
20070619,11
20070620,13
20070621,9
20070622,13
20070623,3
20070624,3
20070625,10
20070626,13
20070627,8
20070628,9
20070629,14
20070630,6
20070701,1
20070702,5
20070703,8
20070704,2
20070705,6
20070706,7
20070707,4
20070708,3
20070709,15
20070710,8
20070711,22
20070712,11
20070713,13
20070714,5
20070716,11
20070717,7
20070718,12
20070719,8
20070720,6
20070721,5
20070722,2
20070723,7
20070724,11
20070725,5
20070726,14
20070727,9
20070728,5
20070730,10
20070731,5
20070801,15
20070802,11
20070803,9
20070804,3
20070805,2
20070806,11
20070807,7
20070808,10
20070809,10
20070810,17
20070811,10
20070812,1
20070813,10
20070814,10
20070815,14
20070816,7
20070817,7
20070818,6
20070820,18
20070821,17
20070822,18
20070823,11
20070824,11
20070825,4
20070826,4
20070827,15
20070828,10
20070829,17
20070830,7
20070831,12
20070901,6
20070902,1
20070903,3
20070904,5
20070905,12
20070906,12
20070907,11
20070908,3
20070909,1
20070910,12
20070911,9
20070912,9
20070913,10
20070914,8
20070915,5
20070916,2
20070917,16
20070918,15
20070919,6
20070920,17
20070921,8
20070922,5
20070923,2
20070924,8
20070925,9
20070926,17
20070927,11
20070928,15
20070929,6
20071001,10
20071002,13
20071003,19
20071004,14
20071005,10
20071006,5
20071007,1
20071008,8
20071009,10
20071010,14
20071011,12
20071012,11
20071013,5
20071015,6
20071016,6
20071017,11
20071018,8
20071019,15
20071020,4
20071021,2
20071022,11
20071023,12
20071024,14
20071025,15
20071026,10
20071027,2
20071028,1
20071029,8
20071030,14
20071031,9
20071101,11
20071102,11
20071103,3
20071105,6
20071106,10
20071107,17
20071108,11
20071109,11
20071110,4
20071111,1
20071112,11
20071113,9
20071114,13
20071115,8
20071116,9
20071117,5
20071119,10
20071120,8
20071121,4
20071122,3
20071123,9
20071124,6
20071125,2
20071126,8
20071127,10
20071128,13
20071129,7
20071130,9
20071201,7
20071203,13
20071204,7
20071205,10
20071206,10
20071207,9
20071208,7
20071209,6
20071210,14
20071211,15
20071212,10
20071213,19
20071214,11
20071215,6
20071217,10
20071218,10
20071219,6
20071220,14
20071221,8
20071222,6
20071223,1
20071224,1
20071225,1
20071226,6
20071227,11
20071228,12
20071229,7
20071230,1
20071231,4
20080102,12
20080103,19
20080104,7
20080105,8
20080106,2
20080107,20
20080108,9
20080109,15
20080110,14
20080111,14
20080112,3
20080113,2
20080114,8
20080115,17
20080116,4
20080117,14
20080118,9
20080119,3
20080120,1
20080121,5
20080122,29
20080123,14
20080124,10
20080125,14
20080126,8
20080127,6
20080128,16
20080129,14
20080130,15
20080131,13
20080201,20
20080202,12
20080203,1
20080204,14
20080205,20
20080206,20
20080207,11
20080208,7
20080209,6
20080210,1
20080211,16
20080212,8
20080213,17
20080214,15
20080215,19
20080216,2
20080217,2
20080218,3
20080219,21
20080220,15
20080221,10
20080222,12
20080223,7
20080224,3
20080225,13
20080226,10
20080227,11
20080228,17
20080229,15
20080301,4
20080302,2
20080303,11
20080304,12
20080305,20
20080306,10
20080307,14
20080308,4
20080310,10
20080311,11
20080312,14
20080313,12
20080314,7
20080315,4
20080316,1
20080317,15
20080318,17
20080319,17
20080320,15
20080321,8
20080322,7
20080323,2
20080324,17
20080325,15
20080326,9
20080327,15
20080328,17
20080329,11
20080330,1
20080331,11
20080401,16
20080402,15
20080403,11
20080404,10
20080405,8
20080406,2
20080407,12
20080408,12
20080409,15
20080410,12
20080411,11
20080412,5
20080414,19
20080415,22
20080416,21
20080417,7
20080418,36
20080419,5
20080420,3
20080421,12
20080422,17
20080423,15
20080424,14
20080425,17
20080426,4
20080427,1
20080428,12
20080429,10
20080430,12
20080501,13
20080502,11
20080503,9
20080504,4
20080505,13
20080506,10
20080507,15
20080508,15
20080509,11
20080510,2
20080511,2
20080512,15
20080513,7
20080514,10
20080515,18
20080516,18
20080517,8
20080518,2
20080519,27
20080520,12
20080521,10
20080522,11
20080523,14
20080524,4
20080526,4
20080527,11
20080528,14
20080529,15
20080530,14
20080531,5
20080601,1
20080602,16
20080603,12
20080604,17
20080605,18
20080606,16
20080607,5
20080608,2
20080609,8
20080610,16
20080611,10
20080612,16
20080613,13
20080614,11
20080615,1
20080616,16
20080617,13
20080618,8
20080619,12
20080620,18
20080621,6
20080622,1
20080623,14
20080624,16
20080625,15
20080626,10
20080627,6
20080628,6
20080629,2
20080630,18
20080701,15
20080702,7
20080703,10
20080704,3
20080705,5
20080706,3
20080707,17
20080708,13
20080709,12
20080710,15
20080711,5
20080712,7
20080713,1
20080714,11
20080715,12
20080716,14
20080717,13
20080718,12
20080719,4
20080720,6
20080721,10
20080722,12
20080723,11
20080724,15
20080725,13
20080726,5
20080728,16
20080729,3
20080730,16
20080731,14
20080801,11
20080802,6
20080803,2
20080804,11
20080805,9
20080806,12
20080807,8
20080808,13
20080809,9
20080810,1
20080811,7
20080812,9
20080813,10
20080814,14
20080815,7
20080816,7
20080817,2
20080818,10
20080819,12
20080820,12
20080821,16
20080822,17
20080823,5
20080824,2
20080825,14
20080826,13
20080827,18
20080828,11
20080829,11
20080830,5
20080831,2
20080901,6
20080902,14
20080903,18
20080904,12
20080905,13
20080906,6
20080907,2
20080908,12
20080909,10
20080910,11
20080911,13
20080912,14
20080913,6
20080914,1
20080915,21
20080916,12
20080917,15
20080918,11
20080919,15
20080920,3
20080921,1
20080922,10
20080923,15
20080924,13
20080925,8
20080926,19
20080927,2
20080928,3
20080929,12
20080930,13
20081001,21
20081002,17
20081003,19
20081004,6
20081005,1
20081006,9
20081007,12
20081008,13
20081009,12
20081010,8
20081011,6
20081012,3
20081013,18
20081014,13
20081015,10
20081016,17
20081017,9
20081018,10
20081019,3
20081020,9
20081021,9
20081022,11
20081023,9
20081024,9
20081025,4
20081027,11
20081028,12
20081029,17
20081030,10
20081031,9
20081101,7
20081103,12
20081104,11
20081105,12
20081106,11
20081107,10
20081108,2
20081109,1
20081110,12
20081111,11
20081112,12
20081113,15
20081114,9
20081115,7
20081117,16
20081118,13
20081119,11
20081120,9
20081121,12
20081122,5
20081123,2
20081124,12
20081125,11
20081126,13
20081127,2
20081128,13
20081129,4
20081130,3
20081201,15
20081202,11
20081203,8
20081204,8
20081205,11
20081206,6
20081207,1
20081208,9
20081209,15
20081210,9
20081211,9
20081212,13
20081213,6
20081214,3
20081215,9
20081216,12
20081217,7
20081218,11
20081219,11
20081220,8
20081221,3
20081222,9
20081223,14
20081224,14
20081225,1
20081226,4
20081227,5
20081228,1
20081229,6
20081230,9
20081231,4
20090101,2
20090102,6
20090103,7
20090104,2
20090105,6
20090106,13
20090107,18
20090108,13
20090109,11
20090110,5
20090111,2
20090112,10
20090113,18
20090114,11
20090115,9
20090116,12
20090117,2
20090118,1
20090119,1
20090120,23
20090121,16
20090122,13
20090123,5
20090124,2
20090125,1
20090126,4
20090127,14
20090128,14
20090129,15
20090130,15
20090131,7
20090201,3
20090202,5
20090203,14
20090204,8
20090205,12
20090206,13
20090207,7
20090208,3
20090209,12
20090210,9
20090211,17
20090212,13
20090213,13
20090214,9
20090216,6
20090217,20
20090218,12
20090219,4
20090220,9
20090221,4
20090222,1
20090223,9
20090224,13
20090225,13
20090226,10
20090227,7
20090228,5
20090301,1
20090302,10
20090303,11
20090304,13
20090305,10
20090306,13
20090307,5
20090308,3
20090309,21
20090310,22
20090311,14
20090312,10
20090313,10
20090314,2
20090315,2
20090316,11
20090317,9
20090318,12
20090319,11
20090320,13
20090321,7
20090323,12
20090324,11
20090325,11
20090326,7
20090327,12
20090328,6
20090329,1
20090330,9
20090331,10
20090401,14
20090402,10
20090403,10
20090404,3
20090405,3
20090406,20
20090407,23
20090408,18
20090409,11
20090410,17
20090411,4
20090412,2
20090413,14
20090414,11
20090415,13
20090416,17
20090417,15
20090418,3
20090419,1
20090420,23
20090421,8
20090422,16
20090423,18
20090424,15
20090425,4
20090426,5
20090427,18
20090428,9
20090429,17
20090430,17
20090501,8
20090502,8
20090503,1
20090504,18
20090505,15
20090506,19
20090507,9
20090508,11
20090509,9
20090511,20
20090512,21
20090513,15
20090514,11
20090515,16
20090516,4
20090517,1
20090518,7
20090519,15
20090520,15
20090521,16
20090522,14
20090523,8
20090524,2
20090525,6
20090526,15
20090527,12
20090528,15
20090529,12
20090530,4
20090531,3
20090601,18
20090602,18
20090603,14
20090604,18
20090605,18
20090606,7
20090607,2
20090608,10
20090609,14
20090610,14
20090611,11
20090612,16
20090613,4
20090614,4
20090615,21
20090616,16
20090617,12
20090618,12
20090619,11
20090620,9
20090622,7
20090623,6
20090624,14
20090625,12
20090626,10
20090627,7
20090628,1
20090629,12
20090630,5
20090701,15
20090702,17
20090703,8
20090704,2
20090706,6
20090707,15
20090708,13
20090709,11
20090710,11
20090711,6
20090713,15
20090714,16
20090715,16
20090716,14
20090717,17
20090718,3
20090719,1
20090720,9
20090721,12
20090722,16
20090723,13
20090724,14
20090725,1
20090726,1
20090727,12
20090728,15
20090729,13
20090730,9
20090731,17
20090801,2
20090802,4
20090803,4
20090804,11
20090805,9
20090806,8
20090807,12
20090808,2
20090809,1
20090810,16
20090811,13
20090812,9
20090813,13
20090814,7
20090815,4
20090816,5
20090817,7
20090818,4
20090819,11
20090820,11
20090821,9
20090822,3
20090823,3
20090824,22
20090825,12
20090826,15
20090827,19
20090828,13
20090829,7
20090830,2
20090831,7
20090901,11
20090902,18
20090903,15
20090904,13
20090905,6
20090906,3
20090907,8
20090908,13
20090909,7
20090910,10
20090911,16
20090912,8
20090913,3
20090914,12
20090915,7
20090916,21
20090917,13
20090918,12
20090919,7
20090920,5
20090921,9
20090922,12
20090923,16
20090924,11
20090925,20
20090926,3
20090927,6
20090928,22
20090929,18
20090930,20
20091001,9
20091002,16
20091003,3
20091004,4
20091005,11
20091006,13
20091007,13
20091008,11
20091009,13
20091010,4
20091011,6
20091012,10
20091013,6
20091014,12
20091015,16
20091016,3
20091017,4
20091018,4
20091019,13
20091020,15
20091021,14
20091022,17
20091023,10
20091024,3
20091025,7
20091026,15
20091027,8
20091028,14
20091029,11
20091030,9
20091031,6
20091101,1
20091102,7
20091103,12
20091104,8
20091105,14
20091106,19
20091107,2
20091108,5
20091109,22
20091110,17
20091111,10
20091112,15
20091113,15
20091114,4
20091115,4
20091116,12
20091117,14
20091118,10
20091119,13
20091120,10
20091121,3
20091122,6
20091123,22
20091124,15
20091125,14
20091126,11
20091127,13
20091128,4
20091129,3
20091130,16
20091201,18
20091202,11
20091203,26
20091204,8
20091205,5
20091206,5
20091207,17
20091208,15
20091209,13
20091210,14
20091211,17
20091212,6
20091213,3
20091214,14
20091215,17
20091216,16
20091217,13
20091218,14
20091219,8
20091220,2
20091221,8
20091222,17
20091223,12
20091224,10
20091226,3
20091227,2
20091228,12
20091229,19
20091230,12
20091231,5
20100101,2
20100102,4
20100103,4
20100104,5
20100105,19
20100106,16
20100107,16
20100108,10
20100109,2
20100110,3
20100111,15
20100112,9
20100113,15
20100114,13
20100115,15
20100116,2
20100117,6
20100118,12
20100119,17
20100120,24
20100121,21
20100122,20
20100123,6
20100124,6
20100125,21
20100126,23
20100127,24
20100128,22
20100129,14
20100130,2
20100131,7
20100201,14
20100202,15
20100203,18
20100204,21
20100205,18
20100206,4
20100207,2
20100208,21
20100209,16
20100210,16
20100211,19
20100212,19
20100213,3
20100214,4
20100215,6
20100216,17
20100217,16
20100218,23
20100219,12
20100220,6
20100221,5
20100222,20
20100223,19
20100224,23
20100225,26
20100226,12
20100227,6
20100228,5
20100301,24
20100302,25
20100303,25
20100304,16
20100305,13
20100306,3
20100307,3
20100308,21
20100309,19
20100310,14
20100311,25
20100312,9
20100313,6
20100314,4
20100315,22
20100316,16
20100317,17
20100318,25
20100319,20
20100320,4
20100321,5
20100322,20
20100323,21
20100324,14
20100325,12
20100326,9
20100327,6
20100328,7
20100329,12
20100330,13
20100331,15
20100401,9
20100402,4
20100403,7
20100404,2
20100405,11
20100406,13
20100407,11
20100408,10
20100409,11
20100410,3
20100411,5
20100412,8
20100413,9
20100414,14
20100415,7
20100416,9
20100417,8
20100418,3
20100419,8
20100420,25
20100421,11
20100422,17
20100423,13
20100424,6
20100425,6
20100426,9
20100427,7
20100428,11
20100429,15
20100430,12
20100501,7
20100502,4
20100503,7
20100504,14
20100505,16
20100506,11
20100507,15
20100508,11
20100509,4
20100510,20
20100511,16
20100512,15
20100513,13
20100514,12
20100515,11
20100516,5
20100517,13
20100518,19
20100519,14
20100520,9
20100521,17
20100522,7
20100523,2
20100524,15
20100525,18
20100526,16
20100527,16
20100528,8
20100529,5
20100530,6
20100531,4
20100601,15
20100602,16
20100603,14
20100604,15
20100605,9
20100606,1
20100607,17
20100608,13
20100609,27
20100610,23
20100611,20
20100612,7
20100613,11
20100614,25
20100615,18
20100616,20
20100617,20
20100618,24
20100619,5
20100620,8
20100621,25
20100622,25
20100623,27
20100624,18
20100625,26
20100626,7
20100627,3
20100628,24
20100629,26
20100630,23
20100701,18
20100702,16
20100703,13
20100704,1
20100705,6
20100706,26
20100707,27
20100708,15
20100709,19
20100710,14
20100711,7
20100712,25
20100713,24
20100714,13
20100715,25
20100716,18
20100717,11
20100718,3
20100719,11
20100720,25
20100721,14
20100722,19
20100723,23
20100724,7
20100725,4
20100726,28
20100727,20
20100728,24
20100729,13
20100730,18
20100731,6
20100801,5
20100802,16
20100803,18
20100804,20
20100805,22
20100806,12
20100807,9
20100808,7
20100809,19
20100810,14
20100811,15
20100812,17
20100813,12
20100814,12
20100815,7
20100816,11
20100817,16
20100818,25
20100819,20
20100820,18
20100821,8
20100822,5
20100823,22
20100824,19
20100825,17
20100826,15
20100827,13
20100828,8
20100829,3
20100830,13
20100831,18
20100901,24
20100902,31
20100903,21
20100904,7
20100906,7
20100907,21
20100908,23
20100909,15
20100910,18
20100911,8
20100912,3
20100913,14
20100914,23
20100915,13
20100916,20
20100917,11
20100918,9
20100919,4
20100920,22
20100921,17
20100922,23
20100923,22
20100924,18
20100925,8
20100926,9
20100927,18
20100928,18
20100929,17
20100930,39
20101001,21
20101002,12
20101003,3
20101004,14
20101005,21
20101006,19
20101007,20
20101008,29
20101009,10
20101010,1
20101011,19
20101012,27
20101013,23
20101014,20
20101015,19
20101016,13
20101017,2
20101018,22
20101019,18
20101020,17
20101021,25
20101022,16
20101023,8
20101024,4
20101025,19
20101026,25
20101027,15
20101028,19
20101029,26
20101030,7
20101031,4
20101101,13
20101102,24
20101103,40
20101104,32
20101105,20
20101106,12
20101107,11
20101108,23
20101109,24
20101110,19
20101111,23
20101112,23
20101113,6
20101114,7
20101115,27
20101116,26
20101117,21
20101118,24
20101119,25
20101120,13
20101121,8
20101122,29
20101123,25
20101124,21
20101125,11
20101126,21
20101127,7
20101128,8
20101129,22
20101130,23
20101201,25
20101202,33
20101203,18
20101204,13
20101206,23
20101207,26
20101208,28
20101209,19
20101210,25
20101211,9
20101212,1
20101213,17
20101214,24
20101215,17
20101216,17
20101217,14
20101218,7
20101219,5
20101220,12
20101221,11
20101222,16
20101223,14
20101224,4
20101226,5
20101227,6
20101228,11
20101229,12
20101230,8
20101231,5
20110101,1
20110102,5
20110103,21
20110104,20
20110105,32
20110106,26
20110107,18
20110108,9
20110110,24
20110111,36
20110112,32
20110113,18
20110114,36
20110115,13
20110116,1
20110117,16
20110118,23
20110119,21
20110120,23
20110121,19
20110122,6
20110123,3
20110124,20
20110125,24
20110126,19
20110127,20
20110128,21
20110129,17
20110130,4
20110131,27
20110201,17
20110202,24
20110203,19
20110204,12
20110205,9
20110206,3
20110207,17
20110208,30
20110209,17
20110210,24
20110211,23
20110212,7
20110213,3
20110214,22
20110215,27
20110216,27
20110217,22
20110218,19
20110219,11
20110220,5
20110221,7
20110222,24
20110223,19
20110224,21
20110225,28
20110226,11
20110227,1
20110228,20
20110301,24
20110302,20
20110303,24
20110304,16
20110305,13
20110306,2
20110307,26
20110308,22
20110309,23
20110310,18
20110311,29
20110312,9
20110313,4
20110314,30
20110315,19
20110316,29
20110317,20
20110318,17
20110319,15
20110320,4
20110321,31
20110322,28
20110323,23
20110324,19
20110325,23
20110326,13
20110327,3
20110328,24
20110329,20
20110330,25
20110331,21
20110401,31
20110402,11
20110403,4
20110404,20
20110405,30
20110406,20
20110407,18
20110408,21
20110409,10
20110410,3
20110411,24
20110412,15
20110413,25
20110414,34
20110415,27
20110416,9
20110417,1
20110418,18
20110419,13
20110420,16
20110421,14
20110422,12
20110423,8
20110424,1
20110425,21
20110426,19
20110427,28
20110428,28
20110429,23
20110430,12
20110501,4
20110502,32
20110503,23
20110504,25
20110505,22
20110506,22
20110507,8
20110509,25
20110510,32
20110511,17
20110512,21
20110513,25
20110514,9
20110515,2
20110516,29
20110517,20
20110518,26
20110519,32
20110520,29
20110521,16
20110522,4
20110523,32
20110524,20
20110525,32
20110526,36
20110527,23
20110528,12
20110529,5
20110530,5
20110531,23
20110601,20
20110602,26
20110603,25
20110604,10
20110605,1
20110606,27
20110607,24
20110608,18
20110609,32
20110610,30
20110611,11
20110612,5
20110613,22
20110614,21
20110615,20
20110616,24
20110617,28
20110618,12
20110619,6
20110620,20
20110621,27
20110622,23
20110623,18
20110624,18
20110625,3
20110626,6
20110627,23
20110628,24
20110629,28
20110630,22
20110701,20
20110702,9
20110703,4
20110704,4
20110705,27
20110706,14
20110707,23
20110708,23
20110709,12
20110710,2
20110711,20
20110712,20
20110713,22
20110714,18
20110715,24
20110716,7
20110717,4
20110718,25
20110719,29
20110720,17
20110721,27
20110722,20
20110723,12
20110724,2
20110725,18
20110726,21
20110727,19
20110728,24
20110729,13
20110730,10
20110731,5
20110801,22
20110802,12
20110803,15
20110804,25
20110805,23
20110806,9
20110807,3
20110808,28
20110809,37
20110810,19
20110811,30
20110812,19
20110813,10
20110814,1
20110815,27
20110816,29
20110817,24
20110818,28
20110819,23
20110820,10
20110821,1
20110822,24
20110823,20
20110824,26
20110825,26
20110826,14
20110827,7
20110828,2
20110829,25
20110830,10
20110831,19
20110901,28
20110902,30
20110903,12
20110904,4
20110905,4
20110906,29
20110907,29
20110908,31
20110909,45
20110910,5
20110911,3
20110912,23
20110913,16
20110914,9
20110915,25
20110916,28
20110917,11
20110918,4
20110919,35
20110920,42
20110921,26
20110922,36
20110923,31
20110924,9
20110925,3
20110926,27
20110927,23
20110928,23
20110929,22
20110930,22
20111001,14
20111002,3
20111003,29
20111004,33
20111005,29
20111006,39
20111007,27
20111008,6
20111009,1
20111010,24
20111011,24
20111012,20
20111013,13
20111014,25
20111015,12
20111016,3
20111017,24
20111018,24
20111019,31
20111020,29
20111021,21
20111022,9
20111023,3
20111024,21
20111025,28
20111026,36
20111027,35
20111028,23
20111029,12
20111030,5
20111031,26
20111101,31
20111102,27
20111103,25
20111104,22
20111105,10
20111106,1
20111107,25
20111108,15
20111109,33
20111110,27
20111111,32
20111112,13
20111113,7
20111114,22
20111115,31
20111116,20
20111117,25
20111118,18
20111119,14
20111120,5
20111121,28
20111122,29
20111123,24
20111124,4
20111125,20
20111126,6
20111127,6
20111128,32
20111129,20
20111130,25
20111201,16
20111202,12
20111203,6
20111204,1
20111205,20
20111206,20
20111207,25
20111208,25
20111209,30
20111210,5
20111211,3
20111212,29
20111213,33
20111214,30
20111215,20
20111216,19
20111217,7
20111218,5
20111219,21
20111220,25
20111221,25
20111222,16
20111223,15
20111224,11
20111225,1
20111226,1
20111227,15
20111228,23
20111229,12
20111230,21
20111231,17
20120101,2
20120102,6
20120103,32
20120104,12
20120105,23
20120106,25
20120107,4
20120108,5
20120109,33
20120110,30
20120111,18
20120112,31
20120113,21
20120114,11
20120115,3
20120116,9
20120117,25
20120118,18
20120119,24
20120120,22
20120121,17
20120122,3
20120123,27
20120124,33
20120125,31
20120126,34
20120127,40
20120128,12
20120129,4
20120130,21
20120131,20
20120201,30
20120202,42
20120203,22
20120204,8
20120205,5
20120206,18
20120207,31
20120208,36
20120209,21
20120210,29
20120211,7
20120212,3
20120213,22
20120214,28
20120215,26
20120216,28
20120217,19
20120218,7
20120219,2
20120220,13
20120221,18
20120222,24
20120223,28
20120224,34
20120225,6
20120226,5
20120227,30
20120228,27
20120229,39
20120301,31
20120302,21
20120303,7
20120304,5
20120305,24
20120306,39
20120307,28
20120308,29
20120309,28
20120310,2
20120311,15
20120312,37
20120313,26
20120314,33
20120315,32
20120316,18
20120317,5
20120318,7
20120319,25
20120320,22
20120321,28
20120322,25
20120323,25
20120324,3
20120325,10
20120326,27
20120327,23
20120328,20
20120329,24
20120330,20
20120331,7
20120401,11
20120402,22
20120403,34
20120404,37
20120405,21
20120406,17
20120407,4
20120408,10
20120409,20
20120410,27
20120411,22
20120412,25
20120413,32
20120414,1
20120415,12
20120416,11
20120417,40
20120418,23
20120419,36
20120420,21
20120421,2
20120422,11
20120423,23
20120424,22
20120425,22
20120426,18
20120427,15
20120428,2
20120429,10
20120430,26
20120501,37
20120502,22
20120503,31
20120504,26
20120505,6
20120506,5
20120507,31
20120508,39
20120509,22
20120510,23
20120511,36
20120512,5
20120513,17
20120514,28
20120515,30
20120516,30
20120517,32
20120518,26
20120519,4
20120520,4
20120521,20
20120522,31
20120523,27
20120524,32
20120525,29
20120526,2
20120527,3
20120528,13
20120529,26
20120530,25
20120531,29
20120601,19
20120602,1
20120603,4
20120604,16
20120605,32
20120606,20
20120607,33
20120608,22
20120609,4
20120610,12
20120611,23
20120612,30
20120613,31
20120614,30
20120615,29
20120616,4
20120617,18
20120618,31
20120619,34
20120620,26
20120621,21
20120622,14
20120623,2
20120624,8
20120625,17
20120626,30
20120627,23
20120628,44
20120629,39
20120630,3
20120701,9
20120702,27
20120703,12
20120704,15
20120705,21
20120706,13
20120708,6
20120709,29
20120710,30
20120711,28
20120712,22
20120713,24
20120714,5
20120715,3
20120716,32
20120717,23
20120718,26
20120719,19
20120720,27
20120721,3
20120722,8
20120723,17
20120724,17
20120725,34
20120726,37
20120727,25
20120728,4
20120729,8
20120730,25
20120731,22
20120801,11
20120802,24
20120803,23
20120804,3
20120805,13
20120806,28
20120807,21
20120808,25
20120809,37
20120810,18
20120811,7
20120812,6
20120813,19
20120814,24
20120815,19
20120816,18
20120817,20
20120818,3
20120819,11
20120820,35
20120821,20
20120822,23
20120823,12
20120824,18
20120825,2
20120826,11
20120827,22
20120828,26
20120829,20
20120830,36
20120831,21
20120901,1
20120902,4
20120903,13
20120904,32
20120905,40
20120906,30
20120907,29
20120908,1
20120909,9
20120910,15
20120911,27
20120912,31
20120913,29
20120914,32
20120915,3
20120916,11
20120917,25
20120918,29
20120919,18
20120920,34
20120921,26
20120922,6
20120923,8
20120924,33
20120925,29
20120926,23
20120927,23
20120928,33
20120929,4
20120930,11
20121001,22
20121002,18
20121003,26
20121004,29
20121005,24
20121006,4
20121007,10
20121008,32
20121009,22
20121010,35
20121011,20
20121012,32
20121013,1
20121014,10
20121015,35
20121016,26
20121017,29
20121018,29
20121019,38
20121020,5
20121021,14
20121022,52
20121023,49
20121024,38
20121025,26
20121026,20
20121027,2
20121028,12
20121029,15
20121030,17
20121031,23
20121101,26
20121102,25
20121103,2
20121104,7
20121105,19
20121106,20
20121107,31
20121108,34
20121109,24
20121111,17
20121112,35
20121113,24
20121114,31
20121115,26
20121116,25
20121117,3
20121118,14
20121119,34
20121120,24
20121121,34
20121122,18
20121123,12
20121124,2
20121125,12
20121126,24
20121127,16
20121128,31
20121129,19
20121130,25
20121201,1
20121202,13
20121203,23
20121204,31
20121205,27
20121206,30
20121207,21
20121208,1
20121209,17
20121210,20
20121211,24
20121212,30
20121213,26
20121214,27
20121215,2
20121216,14
20121217,15
20121218,25
20121219,33
20121220,24
20121221,22
20121222,1
20121223,3
20121224,8
20121225,4
20121226,16
20121227,10
20121228,16
20121229,2
20121230,12
20121231,7
20130101,19
20130102,30
20130103,22
20130104,21
20130105,1
20130106,8
20130107,31
20130108,23
20130109,29
20130110,47
20130111,27
20130112,1
20130113,10
20130114,16
20130115,40
20130116,33
20130117,30
20130118,29
20130119,2
20130120,9
20130121,21
20130122,34
20130123,38
20130124,37
20130125,30
20130126,4
20130127,6
20130128,26
20130129,25
20130130,29
20130131,27
20130201,26
20130202,2
20130203,10
20130204,24
20130205,32
20130206,25
20130207,39
20130208,27
20130209,3
20130210,14
20130211,29
20130212,35
20130213,27
20130214,26
20130215,27
20130216,2
20130217,3
20130218,16
20130219,28
20130220,29
20130221,16
20130222,27
20130223,3
20130224,11
20130225,31
20130226,29
20130227,28
20130228,25
20130301,23
20130303,15
20130304,18
20130305,30
20130306,23
20130307,37
20130308,23
20130309,3
20130310,13
20130311,22
20130312,20
20130313,28
20130314,30
20130315,28
20130317,9
20130318,37
20130319,29
20130320,30
20130321,29
20130322,29
20130323,1
20130324,11
20130325,26
20130326,24
20130327,25
20130328,15
20130329,17
20130330,1
20130331,9
20130401,15
20130402,31
20130403,20
20130404,22
20130405,25
20130406,4
20130407,11
20130408,23
20130409,24
20130410,24
20130411,28
20130412,27
20130413,2
20130414,8
20130415,23
20130416,27
20130417,27
20130418,30
20130419,22
20130420,2
20130421,22
20130422,28
20130423,25
20130424,38
20130425,27
20130426,17
20130428,9
20130429,32
20130430,36
20130501,35
20130502,28
20130503,27
20130504,3
20130505,12
20130506,23
20130507,27
20130508,32
20130509,33
20130510,27
20130512,20
20130513,19
20130514,26
20130515,30
20130516,31
20130517,28
20130518,1
20130519,11
20130520,28
20130521,29
20130522,38
20130523,30
20130524,30
20130526,4
20130527,19
20130528,33
20130529,54
20130530,36
20130531,15
20130601,5
20130602,15
20130603,41
20130604,25
20130605,28
20130606,27
20130607,25
20130608,7
20130609,7
20130610,29
20130611,26
20130612,33
20130613,40
20130614,36
20130616,15
20130617,26
20130618,6
20130619,31
20130620,36
20130621,27
20130622,6
20130623,15
20130624,28
20130625,40
20130626,27
20130627,47
20130628,32
20130629,1
20130630,16
20130701,29
20130702,35
20130703,35
20130704,18
20130705,26
20130706,2
20130707,14
20130708,19
20130709,31
20130710,42
20130711,24
20130712,27
20130713,3
20130714,5
20130715,28
20130716,39
20130717,35
20130718,43
20130719,24
20130720,1
20130721,15
20130722,41
20130723,36
20130724,38
20130725,30
20130726,24
20130727,2
20130728,13
20130729,38
20130730,32
20130731,28
20130801,26
20130802,25
20130803,4
20130804,11
20130805,28
20130806,25
20130807,24
20130808,35
20130809,19
20130810,1
20130811,17
20130812,21
20130813,28
20130814,28
20130815,31
20130816,26
20130817,2
20130818,6
20130819,27
20130820,18
20130821,15
20130822,22
20130823,26
20130824,4
20130825,11
20130826,22
20130827,31
20130828,29
20130829,23
20130830,28
20130831,4
20130901,3
20130902,25
20130903,37
20130904,28
20130905,37
20130906,29
20130907,5
20130908,13
20130909,36
20130910,26
20130911,27
20130912,24
20130913,22
20130914,5
20130915,9
20130916,40
20130917,31
20130918,26
20130919,31
20130920,23
20130921,2
20130922,11
20130923,30
20130924,28
20130925,33
20130926,34
20130927,30
20130928,7
20130929,10
20130930,32
20131001,30
20131002,32
20131003,25
20131004,35
20131005,4
20131006,24
20131007,36
20131008,37
20131009,31
20131010,30
20131011,29
20131012,7
20131013,6
20131014,27
20131015,31
20131016,29
20131017,32
20131018,27
20131019,3
20131020,13
20131021,25
20131022,34
20131023,27
20131024,42
20131025,32
20131027,14
20131028,30
20131029,30
20131030,31
20131031,24
20131101,25
20131102,3
20131103,15
20131104,20
20131105,29
20131106,34
20131107,26
20131108,26
20131109,5
20131110,11
20131111,15
20131112,30
20131113,32
20131114,28
20131115,19
20131116,5
20131117,6
20131118,19
20131119,35
20131120,23
20131121,28
20131122,29
20131123,2
20131124,17
20131125,22
20131126,26
20131127,19
20131128,14
20131129,29
20131130,2
20131201,6
20131202,32
20131203,37
20131204,24
20131205,32
20131206,31
20131207,3
20131208,11
20131209,30
20131210,40
20131211,28
20131212,28
20131213,29
20131214,1
20131215,14
20131216,17
20131217,34
20131218,27
20131219,28
20131220,25
20131221,1
20131222,11
20131223,17
20131224,5
20131225,9
20131226,15
20131227,17
20131228,3
20131229,7
20131230,17
20131231,12
20140101,3
20140102,16
20140103,23
20140104,4
20140105,16
20140106,22
20140107,18
20140108,37
20140109,35
20140110,25
20140111,4
20140112,14
20140113,34
20140114,27
20140115,23
20140116,31
20140117,17
20140118,2
20140119,10
20140120,21
20140121,25
20140122,33
20140123,30
20140124,33
20140125,3
20140126,11
20140127,32
20140128,58
20140129,31
20140130,35
20140131,28
20140201,3
20140202,7
20140203,30
20140204,35
20140205,31
20140206,31
20140207,39
20140208,3
20140209,11
20140210,32
20140211,24
20140212,29
20140213,38
20140214,20
20140215,2
20140216,7
20140217,18
20140218,33
20140219,26
20140220,35
20140221,25
20140222,2
20140223,25
20140224,27
20140225,30
20140226,33
20140227,31
20140228,35
20140301,4
20140302,13
20140303,26
20140304,39
20140305,40
20140306,31
20140307,20
20140308,3
20140309,17
20140310,24
20140311,27
20140312,29
20140313,35
20140314,38
20140315,2
20140316,12
20140317,37
20140318,29
20140319,26
20140320,20
20140321,29
20140322,2
20140323,11
20140324,26
20140325,41
20140326,31
20140327,24
20140328,32
20140329,5
20140330,15
20140331,15
20140401,26
20140402,37
20140403,40
20140404,27
20140405,3
20140406,12
20140407,24
20140408,14
20140409,24
20140410,35
20140411,23
20140412,2
20140413,18
20140414,22
20140415,26
20140416,28
20140417,29
20140418,19
20140419,1
20140420,12
20140421,26
20140422,31
20140423,33
20140424,29
20140425,20
20140426,5
20140427,15
20140428,33
20140429,32
20140430,40
20140501,30
20140502,24
20140503,2
20140504,12
20140505,22
20140506,24
20140507,25
20140508,45
20140509,21
20140511,15
20140512,26
20140513,26
20140514,26
20140515,29
20140516,20
20140517,2
20140518,16
20140519,20
20140520,34
20140521,45
20140522,32
20140523,29
20140524,3
20140525,3
20140526,9
20140527,27
20140528,45
20140529,29
20140530,28
20140531,6
20140601,13
20140602,18
20140603,33
20140604,27
20140605,39
20140606,37
20140607,4
20140608,8
20140609,30
20140610,31
20140611,40
20140612,34
20140613,32
20140614,4
20140615,14
20140616,29
20140617,44
20140618,43
20140619,31
20140620,29
20140621,5
20140622,11
20140623,36
20140624,39
20140625,37
20140626,29
20140627,29
20140628,3
20140629,7
20140630,29
20140701,33
20140702,25
20140703,27
20140704,8
20140705,1
20140706,13
20140707,24
20140708,34
20140709,28
20140710,32
20140711,31
20140712,3
20140713,14
20140714,27
20140715,36
20140716,32
20140717,29
20140718,19
20140719,3
20140720,9
20140721,17
20140722,25
20140723,27
20140724,21
20140725,24
20140726,1
20140727,10
20140728,20
20140729,16
20140730,23
20140731,27
20140801,19
20140802,2
20140803,7
20140804,23
20140805,30
20140806,38
20140807,27
20140808,26
20140809,2
20140810,10
20140811,22
20140812,22
20140813,74
20140814,19
20140815,23
20140816,2
20140817,8
20140818,21
20140819,27
20140820,20
20140821,35
20140822,30
20140823,1
20140824,2
20140825,23
20140826,20
20140827,32
20140828,27
20140829,21
20140831,2
20140901,16
20140902,23
20140903,35
20140904,19
20140905,19
20140906,2
20140907,11
20140908,27
20140909,32
20140910,37
20140911,35
20140912,35
20140914,8
20140915,40
20140916,27
20140917,25
20140918,25
20140919,27
20140920,6
20140921,13
20140922,23
20140923,24
20140924,36
20140925,27
20140926,32
20140927,6
20140928,10
20140929,33
20140930,19
20141001,33
20141002,45
20141003,30
20141004,3
20141005,14
20141006,24
20141007,19
20141008,29
20141009,37
20141010,27
20141012,7
20141013,20
20141014,29
20141015,36
20141016,41
20141017,43
20141018,1
20141019,20
20141020,26
20141021,24
20141022,21
20141023,34
20141024,28
20141025,3
20141026,13
20141027,35
20141028,30
20141029,28
20141030,24
20141031,24
20141101,2
20141102,11
20141103,26
20141104,37
20141105,32
20141106,45
20141107,45
20141108,2
20141109,17
20141110,24
20141111,35
20141112,26
20141113,31
20141114,30
20141115,1
20141116,10
20141117,37
20141118,46
20141119,31
20141120,36
20141121,28
20141122,2
20141123,12
20141124,24
20141125,33
20141126,16
20141127,15
20141128,12
20141130,15
20141201,25
20141202,28
20141203,32
20141204,37
20141205,28
20141206,2
20141207,11
20141208,28
20141209,35
20141210,27
20141211,29
20141212,27
20141213,1
20141214,14
20141215,33
20141216,34
20141217,36
20141218,32
20141219,36
20141221,8
20141222,21
20141223,14
20141224,8
20141225,5
20141226,11
20141227,1
20141228,7
20141229,24
20141230,14
20141231,6
20150101,11
20150102,18
20150103,1
20150104,10
20150105,17
20150106,30
20150107,29
20150108,27
20150109,20
20150110,1
20150111,11
20150112,27
20150113,29
20150114,39
20150115,32
20150116,28
20150117,6
20150118,7
20150119,16
20150120,44
20150121,31
20150122,41
20150123,29
20150124,2
20150125,16
20150126,41
20150127,25
20150128,39
20150129,16
20150130,33
20150131,3
20150201,12
20150202,28
20150203,22
20150204,32
20150205,32
20150206,27
20150207,1
20150208,9
20150209,27
20150210,28
20150211,33
20150212,29
20150213,21
20150214,1
20150215,5
20150216,12
20150217,17
20150218,37
20150219,31
20150220,21
20150221,2
20150222,17
20150223,30
20150224,31
20150225,21
20150226,31
20150227,23
20150228,2
20150301,16
20150302,16
20150303,32
20150304,39
20150305,33
20150306,25
20150307,6
20150308,17
20150309,20
20150310,30
20150311,34
20150312,43
20150313,24
20150314,4
20150315,18
20150316,31
20150317,31
20150318,14
20150319,30
20150320,27
20150321,1
20150322,10
20150323,34
20150324,23
20150325,38
20150326,29
20150327,32
20150328,4
20150329,9
20150330,27
20150331,20
20150401,27
20150402,18
20150403,14
20150404,3
20150405,6
20150406,25
20150407,34
20150408,27
20150409,30
20150410,31
20150411,5
20150412,20
20150413,18
20150414,27
20150415,24
20150416,34
20150417,30
20150418,3
20150419,12
20150420,37
20150421,28
20150422,24
20150423,33
20150424,37
20150425,6
20150426,18
20150427,29
20150428,30
20150429,26
20150430,23
