20050308,1
20050621,1
20050624,1
20050719,1
20050912,1
20050914,1
20050919,1
20050924,1
20050927,1
20051031,1
20060316,1
20060525,1
20060708,1
20060717,1
20061106,1
20061205,1
20071023,1
20071025,1
20071026,1
20071105,1
20080202,1
20080417,1
20080904,1
20081110,1
20081210,1
20090206,1
20090420,1
20090421,1
20090914,2
20091109,1
20091228,1
20100115,1
20100316,1
20100401,1
20100727,1
20100809,1
20100924,2
20101020,1
20101025,1
20101109,1
20101110,1
20101203,1
20110207,1
20110215,1
20110226,1
20110318,1
20110401,1
20110425,1
20110629,1
20110720,1
20110819,2
20110823,1
20110831,1
20110920,2
20110921,1
20110922,3
20110923,1
20110930,1
20111005,1
20111019,1
20111118,1
20111207,1
20120109,1
20120207,1
20120320,1
20120321,1
20120416,1
20120426,1
20120430,1
20120514,1
20120710,1
20120824,1
20120904,1
20120921,1
20121005,2
20121026,1
20121206,1
20121210,1
20121228,1
20130104,1
20130111,1
20130205,1
20130213,1
20130227,1
20130306,1
20130314,1
20130320,1
20130321,1
20130322,1
20130328,3
20130423,1
20130426,1
20130523,1
20130614,2
20130619,1
20130620,1
20130621,1
20130711,1
20130918,1
20131104,1
20131106,1
20131218,1
20140408,1
20140611,1
20140716,1
20140731,3
20140919,1
20141105,1
20141218,1
20141219,1
20141223,1
20150113,1
