20050105,3
20050106,4
20050107,1
20050110,1
20050111,5
20050112,2
20050113,1
20050114,2
20050118,3
20050119,3
20050120,2
20050121,5
20050124,1
20050125,3
20050126,1
20050127,3
20050128,2
20050131,2
20050202,2
20050203,1
20050204,1
20050206,1
20050207,3
20050208,2
20050209,1
20050210,1
20050211,4
20050214,3
20050215,2
20050216,4
20050217,1
20050218,2
20050222,5
20050223,3
20050225,2
20050228,1
20050302,2
20050303,2
20050304,1
20050309,2
20050315,1
20050318,3
20050321,1
20050322,1
20050324,1
20050325,1
20050330,1
20050401,1
20050405,4
20050406,5
20050407,3
20050408,2
20050410,1
20050411,2
20050412,2
20050413,4
20050414,2
20050415,1
20050418,1
20050419,2
20050420,2
20050421,1
20050422,2
20050425,1
20050426,1
20050427,2
20050428,2
20050429,1
20050502,1
20050503,1
20050504,1
20050505,1
20050506,3
20050510,1
20050512,1
20050516,3
20050517,1
20050518,1
20050519,1
20050520,1
20050524,1
20050526,1
20050527,2
20050531,4
20050601,1
20050602,1
20050607,2
20050608,1
20050609,2
20050610,2
20050613,1
20050614,2
20050615,1
20050617,3
20050619,1
20050620,2
20050621,1
20050623,1
20050624,1
20050627,4
20050628,2
20050630,2
20050701,1
20050703,1
20050705,3
20050706,1
20050708,1
20050711,1
20050712,1
20050715,1
20050717,1
20050718,1
20050719,1
20050721,1
20050722,1
20050725,1
20050726,2
20050727,2
20050802,2
20050803,1
20050804,1
20050805,1
20050807,1
20050811,1
20050812,1
20050817,1
20050818,1
20050819,2
20050822,3
20050823,5
20050824,2
20050825,1
20050826,1
20050829,2
20050830,1
20050907,2
20050908,2
20050909,2
20050914,2
20050916,1
20050917,1
20050919,2
20050920,2
20050921,2
20050922,2
20050923,1
20050927,1
20050928,2
20050929,1
20051004,3
20051005,2
20051006,1
20051007,1
20051010,1
20051011,1
20051012,3
20051013,2
20051018,1
20051019,1
20051020,1
20051021,2
20051026,2
20051027,1
20051031,4
20051103,2
20051107,2
20051108,1
20051109,2
20051110,2
20051116,3
20051117,1
20051118,1
20051122,4
20051129,3
20051201,2
20051202,1
20051209,1
20051210,1
20051212,1
20051213,5
20051214,2
20051216,1
20051219,3
20051220,1
20051221,1
20051222,1
20051227,1
20051228,1
20051229,2
20060104,2
20060105,2
20060106,4
20060109,2
20060111,1
20060112,2
20060113,2
20060114,1
20060117,2
20060118,1
20060119,1
20060120,2
20060121,1
20060123,1
20060124,1
20060127,1
20060128,2
20060202,1
20060207,2
20060208,2
20060209,3
20060210,1
20060211,2
20060213,1
20060217,1
20060221,1
20060222,1
20060223,1
20060225,1
20060227,3
20060228,1
20060301,2
20060303,1
20060304,1
20060306,3
20060309,1
20060311,1
20060313,2
20060314,1
20060315,1
20060316,1
20060317,3
20060321,1
20060323,1
20060324,1
20060327,1
20060328,1
20060329,2
20060401,1
20060403,1
20060404,4
20060410,1
20060411,2
20060414,1
20060415,3
20060418,1
20060419,2
20060420,1
20060424,1
20060426,1
20060427,1
20060428,2
20060501,1
20060502,1
20060503,2
20060504,1
20060506,1
20060508,1
20060509,2
20060512,2
20060517,1
20060518,2
20060522,1
20060523,1
20060524,1
20060531,1
20060601,2
20060602,1
20060603,1
20060605,2
20060607,1
20060608,2
20060609,1
20060612,2
20060613,2
20060616,1
20060617,2
20060620,2
20060622,1
20060623,3
20060626,1
20060627,3
20060628,1
20060629,1
20060703,1
20060705,1
20060708,1
20060711,3
20060712,1
20060713,2
20060714,3
20060717,3
20060718,1
20060719,1
20060720,1
20060721,1
20060722,2
20060724,1
20060725,2
20060727,1
20060728,3
20060729,1
20060731,1
20060802,3
20060803,1
20060807,2
20060810,1
20060811,1
20060812,2
20060814,1
20060816,1
20060818,1
20060824,2
20060830,2
20060831,1
20060901,4
20060902,2
20060906,1
20060907,1
20060909,1
20060911,1
20060912,1
20060913,1
20060914,1
20060916,1
20060918,1
20060919,2
20060921,1
20060922,1
20060926,1
20060928,1
20060929,1
20060930,2
20061002,2
20061006,1
20061009,1
20061010,2
20061011,3
20061012,1
20061013,1
20061014,1
20061017,2
20061018,1
20061019,1
20061020,4
20061024,1
20061025,1
20061026,1
20061027,1
20061101,3
20061102,1
20061107,1
20061108,1
20061109,1
20061113,1
20061116,2
20061117,1
20061120,2
20061121,2
20061122,1
20061125,2
20061128,1
20061129,2
20061130,2
20061201,2
20061202,1
20061203,1
20061204,4
20061205,3
20061206,2
20061207,3
20061212,2
20061213,2
20061214,4
20061216,1
20061218,1
20061219,1
20061220,2
20061221,1
20061222,1
20061228,1
20061229,2
20061230,1
20070101,1
20070102,1
20070104,3
20070105,1
20070109,1
20070110,1
20070113,3
20070116,3
20070117,1
20070119,3
20070122,2
20070123,4
20070124,1
20070127,1
20070130,2
20070131,1
20070201,1
20070207,1
20070208,1
20070209,1
20070214,1
20070216,1
20070221,2
20070224,1
20070226,1
20070227,1
20070228,2
20070301,1
20070302,1
20070303,1
20070307,1
20070308,1
20070310,1
20070312,1
20070313,3
20070314,1
20070315,1
20070316,1
20070323,1
20070324,2
20070326,1
20070327,2
20070329,2
20070330,1
20070403,1
20070404,2
20070406,1
20070410,2
20070411,1
20070412,2
20070413,1
20070416,3
20070418,2
20070419,1
20070420,2
20070421,2
20070425,2
20070427,1
20070428,1
20070501,1
20070502,1
20070503,1
20070504,2
20070505,1
20070507,2
20070509,1
20070521,1
20070522,2
20070525,1
20070526,1
20070530,1
20070531,1
20070601,1
20070602,1
20070603,1
20070605,1
20070606,2
20070608,1
20070616,1
20070618,1
20070619,2
20070620,1
20070621,3
20070622,2
20070623,1
20070628,1
20070629,1
20070705,1
20070709,1
20070710,2
20070712,1
20070715,1
20070716,1
20070718,3
20070719,1
20070720,1
20070723,1
20070724,2
20070725,2
20070727,1
20070801,3
20070802,1
20070806,2
20070807,1
20070809,1
20070810,1
20070815,1
20070816,1
20070822,1
20070823,1
20070829,1
20070831,1
20070904,1
20070906,1
20070907,2
20070910,1
20070914,1
20070917,1
20070920,1
20070921,1
20070924,1
20070926,1
20070927,3
20070928,1
20070930,1
20071003,2
20071005,2
20071009,3
20071011,1
20071013,1
20071015,1
20071017,1
20071019,2
20071020,1
20071023,1
20071024,2
20071025,1
20071026,2
20071101,2
20071105,2
20071107,1
20071109,1
20071113,1
20071114,1
20071116,2
20071119,1
20071120,3
20071121,1
20071122,1
20071127,1
20071130,1
20071201,1
20071203,1
20071205,3
20071206,2
20071210,1
20071211,3
20071212,1
20071214,1
20071217,2
20071219,1
20071220,1
20071224,1
20071226,1
20080102,1
20080105,1
20080108,2
20080109,1
20080112,1
20080114,2
20080117,3
20080118,3
20080119,1
20080122,1
20080123,5
20080124,2
20080125,1
20080130,1
20080131,2
20080201,4
20080202,1
20080204,1
20080208,2
20080212,2
20080213,1
20080214,1
20080216,1
20080219,1
20080220,1
20080221,2
20080223,1
20080226,2
20080229,2
20080304,2
20080305,1
20080306,1
20080307,2
20080308,1
20080310,1
20080312,1
20080313,1
20080317,1
20080318,3
20080319,3
20080320,2
20080324,1
20080325,1
20080327,1
20080328,1
20080331,1
20080401,1
20080402,2
20080404,1
20080408,1
20080409,1
20080410,3
20080411,1
20080414,1
20080415,1
20080416,5
20080417,2
20080418,3
20080421,1
20080422,1
20080424,3
20080428,1
20080429,2
20080501,1
20080502,3
20080503,1
20080506,1
20080508,2
20080510,1
20080513,1
20080521,1
20080522,1
20080523,2
20080528,3
20080529,2
20080602,1
20080603,1
20080604,2
20080605,1
20080606,1
20080607,1
20080609,1
20080610,1
20080611,1
20080613,1
20080614,1
20080617,2
20080618,1
20080619,1
20080620,3
20080623,2
20080625,1
20080627,1
20080630,1
20080703,2
20080707,1
20080708,2
20080709,1
20080710,3
20080711,2
20080714,2
20080715,3
20080716,1
20080717,1
20080721,3
20080723,2
20080724,1
20080728,1
20080730,1
20080802,1
20080805,1
20080806,1
20080808,1
20080810,1
20080811,1
20080812,1
20080819,1
20080827,1
20080829,1
20080903,1
20080904,1
20080908,1
20080909,2
20080911,1
20080917,2
20080918,2
20080919,1
20080924,1
20080925,1
20080929,1
20080930,2
20081001,2
20081002,1
20081006,1
20081008,2
20081014,1
20081015,1
20081016,1
20081018,1
20081021,4
20081022,2
20081023,4
20081029,1
20081031,1
20081103,2
20081105,1
20081106,1
20081107,1
20081110,3
20081112,1
20081114,1
20081126,1
20081129,1
20081209,1
20081210,2
20081211,2
20081212,2
20081216,1
20081217,2
20081218,1
20081223,2
20090102,1
20090103,1
20090105,1
20090108,1
20090109,2
20090110,1
20090114,4
20090115,1
20090117,2
20090120,1
20090121,2
20090123,2
20090124,2
20090126,8
20090127,4
20090128,1
20090129,2
20090130,5
20090131,1
20090204,4
20090206,2
20090209,2
20090212,1
20090218,2
20090223,1
20090224,2
20090225,1
20090226,2
20090228,2
20090303,1
20090310,3
20090311,2
20090312,2
20090313,2
20090316,1
20090317,3
20090318,1
20090319,2
20090323,1
20090324,1
20090328,1
20090330,2
20090331,2
20090401,3
20090403,3
20090404,2
20090407,2
20090408,1
20090410,1
20090413,1
20090414,1
20090415,4
20090416,1
20090417,1
20090420,1
20090421,1
20090422,1
20090423,1
20090424,2
20090427,1
20090428,2
20090429,1
20090430,1
20090504,2
20090507,1
20090508,1
20090509,1
20090511,1
20090512,1
20090513,1
20090514,1
20090519,2
20090521,1
20090522,1
20090523,1
20090526,1
20090527,1
20090528,1
20090530,2
20090601,1
20090605,2
20090608,1
20090611,2
20090615,2
20090616,2
20090617,1
20090618,1
20090624,1
20090625,1
20090630,1
20090701,3
20090702,1
20090703,1
20090707,2
20090709,3
20090713,1
20090717,1
20090720,1
20090721,2
20090723,2
20090724,1
20090728,1
20090730,1
20090803,1
20090805,2
20090806,1
20090807,1
20090817,1
20090821,2
20090824,1
20090828,1
20090831,2
20090903,1
20090908,1
20090910,1
20090915,2
20090921,1
20090924,1
20090928,1
20090929,3
20091001,1
20091002,3
20091006,1
20091007,1
20091008,1
20091009,2
20091011,1
20091015,2
20091016,1
20091020,2
20091021,1
20091026,1
20091027,1
20091028,1
20091029,1
20091030,2
20091102,1
20091103,1
20091104,1
20091105,2
20091110,1
20091111,1
20091113,2
20091116,2
20091117,1
20091120,1
20091124,1
20091125,1
20091127,1
20091130,1
20091202,3
20091204,1
20091207,1
20091210,2
20091215,2
20091216,1
20091218,1
20091221,1
20091222,1
20091223,1
20091228,1
20091229,2
20091231,2
20100103,1
20100104,1
20100105,1
20100107,1
20100114,1
20100116,1
20100119,2
20100120,1
20100121,1
20100125,2
20100126,1
20100129,1
20100201,1
20100203,2
20100204,2
20100205,1
20100208,1
20100210,1
20100211,1
20100212,1
20100215,1
20100223,1
20100225,2
20100228,2
20100301,1
20100304,3
20100305,1
20100306,1
20100309,1
20100310,2
20100312,2
20100314,1
20100318,3
20100319,2
20100323,2
20100325,3
20100329,1
20100331,2
20100401,2
20100402,1
20100405,2
20100407,1
20100408,1
20100409,1
20100413,2
20100414,1
20100419,1
20100421,1
20100423,1
20100427,1
20100428,2
20100429,1
20100503,1
20100505,2
20100506,1
20100510,1
20100511,1
20100518,2
20100519,2
20100525,1
20100526,3
20100527,2
20100529,1
20100601,2
20100602,1
20100605,2
20100606,1
20100607,2
20100608,1
20100609,1
20100610,1
20100611,2
20100612,1
20100615,1
20100616,1
20100617,1
20100618,2
20100622,2
20100623,1
20100624,1
20100625,2
20100629,1
20100630,1
20100701,1
20100706,1
20100709,3
20100713,1
20100714,2
20100717,1
20100723,2
20100724,1
20100726,1
20100727,3
20100728,1
20100729,2
20100803,2
20100804,1
20100806,1
20100810,1
20100813,2
20100817,1
20100818,2
20100821,1
20100824,1
20100826,3
20100830,1
20100831,1
20100901,4
20100904,1
20100906,1
20100907,2
20100908,2
20100913,2
20100915,1
20100916,4
20100917,1
20100918,1
20100920,3
20100921,1
20100924,1
20100927,1
20100928,4
20100929,1
20101002,1
20101003,1
20101004,1
20101006,1
20101008,2
20101009,1
20101011,1
20101012,5
20101013,3
20101014,1
20101015,3
20101016,1
20101018,1
20101019,1
20101020,4
20101022,2
20101024,1
20101026,2
20101027,3
20101028,3
20101029,2
20101031,1
20101101,1
20101102,4
20101103,1
20101104,2
20101108,1
20101109,1
20101112,1
20101116,3
20101118,4
20101119,1
20101122,2
20101123,1
20101129,1
20101201,2
20101202,1
20101203,1
20101205,1
20101207,3
20101209,1
20101210,5
20101211,1
20101213,1
20101214,2
20101215,2
20101217,1
20101220,2
20101222,2
20101226,1
20101227,1
20101228,2
20101229,1
20101230,2
20110103,1
20110104,2
20110111,2
20110112,1
20110113,1
20110118,2
20110119,1
20110120,2
20110124,2
20110125,3
20110127,1
20110128,2
20110131,3
20110201,2
20110202,3
20110203,3
20110204,1
20110207,1
20110208,2
20110216,1
20110217,1
20110222,3
20110223,2
20110224,2
20110227,1
20110301,1
20110303,1
20110308,2
20110309,1
20110310,1
20110311,2
20110312,1
20110314,1
20110316,2
20110317,2
20110321,1
20110322,3
20110323,3
20110324,1
20110325,2
20110328,2
20110329,1
20110330,1
20110331,1
20110401,2
20110403,1
20110404,3
20110405,2
20110406,1
20110407,1
20110408,1
20110409,1
20110411,5
20110413,2
20110414,1
20110418,3
20110419,2
20110420,1
20110422,1
20110426,1
20110428,3
20110429,2
20110502,1
20110503,5
20110504,1
20110505,2
20110510,4
20110511,3
20110513,1
20110517,2
20110518,1
20110519,2
20110520,2
20110523,1
20110525,1
20110527,1
20110602,1
20110603,1
20110605,1
20110607,2
20110608,2
20110609,1
20110611,1
20110613,2
20110615,1
20110616,1
20110620,3
20110621,1
20110622,1
20110623,5
20110624,1
20110627,3
20110628,1
20110630,1
20110705,3
20110706,1
20110707,1
20110708,1
20110711,1
20110712,1
20110718,1
20110720,3
20110721,2
20110722,1
20110725,1
20110728,3
20110729,1
20110730,1
20110801,3
20110802,1
20110803,1
20110804,2
20110805,3
20110806,1
20110812,3
20110815,1
20110816,1
20110818,1
20110822,1
20110825,1
20110826,1
20110829,1
20110830,2
20110831,1
20110901,2
20110902,3
20110906,1
20110909,1
20110912,1
20110913,1
20110914,1
20110919,1
20110920,1
20110921,1
20110923,2
20110926,2
20110927,2
20110929,1
20110930,2
20111003,1
20111006,1
20111007,1
20111010,2
20111011,1
20111018,1
20111019,1
20111020,3
20111024,1
20111025,1
20111026,1
20111101,1
20111102,3
20111103,2
20111104,1
20111107,1
20111114,2
20111115,2
20111116,3
20111118,1
20111119,1
20111121,5
20111122,3
20111123,3
20111128,1
20111129,3
20111130,2
20111201,1
20111202,1
20111205,1
20111207,1
20111208,2
20111209,1
20111212,1
20111213,3
20111215,3
20111220,2
20111221,3
20111222,2
20111224,1
20111229,2
20111230,2
20120104,1
20120106,1
20120109,2
20120110,4
20120117,2
20120118,1
20120124,2
20120125,1
20120126,1
20120127,2
20120130,1
20120131,7
20120201,3
20120202,2
20120207,1
20120209,1
20120210,1
20120211,1
20120213,1
20120214,3
20120215,3
20120216,2
20120217,1
20120218,1
20120221,1
20120223,5
20120301,3
20120307,1
20120308,1
20120312,2
20120313,1
20120316,1
20120320,1
20120321,1
20120322,1
20120328,1
20120402,1
20120403,1
20120417,2
20120418,1
20120420,3
20120422,1
20120423,7
20120424,2
20120425,1
20120426,3
20120427,5
20120430,1
20120501,3
20120502,1
20120504,1
20120507,7
20120508,2
20120509,2
20120515,2
20120517,2
20120521,1
20120523,2
20120524,1
20120601,1
20120603,1
20120606,2
20120607,1
20120615,1
20120618,1
20120619,1
20120620,1
20120621,1
20120625,2
20120626,1
20120627,2
20120628,1
20120629,1
20120703,1
20120706,1
20120708,1
20120711,2
20120713,1
20120715,1
20120716,2
20120717,1
20120718,1
20120719,2
20120720,3
20120723,1
20120724,3
20120725,2
20120726,2
20120727,1
20120730,1
20120731,2
20120801,1
20120802,1
20120803,2
20120805,3
20120806,1
20120807,4
20120809,1
20120813,3
20120814,1
20120816,2
20120819,1
20120823,1
20120824,1
20120903,2
20120905,3
20120909,1
20120914,2
20120918,1
20120923,1
20120930,1
20121002,5
20121005,3
20121008,1
20121009,1
20121011,1
20121017,1
20121018,2
20121022,1
20121024,1
20121025,1
20121029,2
20121030,2
20121031,1
20121101,4
20121102,1
20121105,1
20121106,1
20121107,1
20121108,1
20121109,2
20121113,1
20121115,4
20121120,2
20121122,1
20121123,2
20121127,1
20121128,3
20121129,1
20121202,2
20121205,3
20121207,1
20121212,1
20121213,2
20121214,1
20121220,3
20121221,2
20121224,1
20121225,2
20121226,1
20121230,2
20121231,1
20130101,1
20130107,2
20130108,1
20130109,1
20130115,1
20130121,1
20130124,2
20130125,1
20130127,1
20130128,3
20130129,3
20130130,2
20130131,2
20130201,2
20130205,2
20130206,1
20130207,1
20130211,1
20130213,1
20130214,3
20130219,1
20130222,1
20130224,1
20130225,1
20130226,2
20130301,1
20130304,1
20130305,3
20130306,1
20130307,2
20130308,1
20130310,1
20130312,2
20130318,2
20130326,1
20130331,2
20130402,1
20130403,3
20130404,2
20130405,1
20130410,2
20130412,1
20130415,2
20130417,1
20130418,1
20130422,2
20130423,1
20130425,1
20130428,1
20130429,1
20130430,5
20130501,2
20130505,1
20130506,2
20130507,2
20130510,2
20130514,1
20130515,1
20130516,1
20130520,1
20130522,1
20130524,1
20130530,2
20130531,1
20130601,1
20130602,1
20130603,3
20130604,1
20130611,1
20130612,2
20130613,1
20130614,1
20130617,1
20130625,1
20130627,2
20130628,2
20130630,2
20130701,2
20130709,1
20130710,1
20130711,1
20130712,2
20130715,2
20130716,4
20130718,1
20130725,1
20130728,1
20130729,3
20130730,2
20130731,1
20130808,2
20130813,1
20130818,2
20130820,1
20130822,1
20130826,1
20130901,1
20130903,1
20130904,1
20130905,1
20130910,2
20130911,2
20130912,1
20130913,1
20130915,1
20130916,1
20130917,1
20130918,1
20130919,1
20130927,1
20131001,1
20131002,5
20131004,1
20131009,1
20131011,1
20131016,2
20131019,1
20131020,1
20131021,1
20131023,1
20131028,1
20131029,6
20131101,1
20131103,1
20131104,1
20131111,1
20131117,1
20131119,5
20131120,1
20131124,1
20131203,1
20131204,2
20131210,1
20131212,2
20131215,2
20131216,2
20131217,4
20131219,4
20131223,1
20131225,1
20131226,1
20131227,1
20131231,1
20140102,1
20140103,1
20140105,1
20140108,2
20140109,3
20140110,1
20140113,1
20140114,4
20140115,4
20140116,1
20140117,1
20140120,1
20140121,2
20140123,1
20140124,2
20140127,2
20140128,4
20140129,1
20140130,1
20140203,4
20140204,1
20140205,2
20140206,1
20140209,1
20140211,2
20140213,3
20140214,1
20140219,1
20140220,1
20140221,1
20140226,1
20140228,2
20140302,1
20140303,2
20140307,1
20140309,1
20140312,1
20140313,1
20140317,1
20140320,1
20140321,1
20140324,1
20140325,2
20140326,3
20140330,3
20140331,1
20140406,2
20140417,1
20140421,3
20140422,8
20140423,1
20140424,2
20140427,2
20140428,12
20140429,5
20140430,5
20140501,3
20140502,8
20140504,6
20140505,4
20140506,3
20140507,5
20140508,7
20140509,5
20140511,3
20140512,3
20140513,4
20140514,4
20140515,3
20140516,4
20140518,1
20140519,9
20140520,4
20140521,6
20140522,4
20140523,1
20140526,1
20140527,4
20140528,4
20140529,3
20140530,1
20140602,4
20140603,1
20140604,3
20140611,1
20140612,1
20140614,1
20140615,2
20140616,4
20140617,2
20140618,1
20140620,3
20140623,1
20140624,2
20140625,1
20140626,1
20140627,4
20140701,1
20140703,1
20140706,1
20140707,3
20140708,4
20140709,1
20140713,2
20140714,7
20140716,4
20140717,1
20140718,2
20140720,1
20140723,1
20140724,4
20140725,1
20140728,2
20140729,7
20140730,4
20140731,1
20140801,1
20140805,3
20140806,2
20140811,1
20140814,2
20140818,1
20140819,2
20140821,1
20140826,3
20140828,2
20140829,2
20140901,1
20140902,1
20140903,1
20140904,6
20140905,1
20140907,1
20140908,1
20140909,1
20140912,1
20140915,1
20140916,1
20140917,2
20140918,1
20140922,1
20140923,4
20140924,4
20140928,1
20140930,1
20141002,1
20141003,1
20141006,2
20141007,1
20141013,4
20141014,2
20141015,2
20141016,4
20141020,1
20141022,1
20141023,2
20141024,4
20141027,2
20141028,4
20141029,1
20141104,3
20141106,3
20141111,2
20141112,3
20141114,2
20141115,1
20141116,1
20141117,8
20141118,2
20141120,1
20141126,1
20141127,1
20141202,2
20141203,1
20141207,1
20141215,1
20141217,1
20141218,1
20141219,1
20141222,1
20141224,1
20141226,3
20141229,1
20141230,2
20150101,1
20150102,1
20150105,3
20150106,2
20150107,2
20150108,2
20150123,1
20150126,3
20150127,8
20150128,1
20150129,2
20150130,1
20150201,1
20150203,1
20150204,2
20150205,7
20150206,2
20150208,1
20150209,1
20150210,1
20150211,1
20150212,3
20150220,1
20150223,1
20150224,2
20150225,2
20150226,2
20150303,2
20150304,1
20150305,2
20150306,2
20150308,1
20150310,1
20150312,2
20150313,1
20150315,2
20150316,1
20150317,2
20150318,1
20150323,2
20150327,1
20150331,1
20150401,1
20150402,3
20150408,1
20150410,1
20150412,1
20150414,1
20150415,1
20150420,1
20150422,1
20150424,3
20150427,2
20150428,8
