20050105,1
20050111,1
20050114,2
20050117,1
20050118,1
20050119,2
20050124,3
20050125,2
20050128,13
20050130,3
20050131,14
20050202,4
20050203,3
20050204,4
20050206,1
20050207,1
20050208,1
20050209,3
20050210,3
20050211,3
20050214,1
20050216,1
20050218,1
20050222,1
20050223,1
20050225,3
20050308,2
20050309,1
20050310,1
20050311,1
20050314,2
20050316,1
20050318,2
20050322,1
20050323,1
20050325,1
20050329,1
20050401,2
20050404,1
20050406,1
20050410,1
20050411,1
20050413,1
20050425,1
20050426,1
20050429,1
20050506,1
20050509,1
20050510,1
20050511,2
20050523,2
20050524,2
20050527,1
20050531,3
20050601,1
20050603,3
20050606,1
20050607,1
20050608,2
20050613,2
20050617,1
20050619,1
20050620,1
20050621,1
20050622,1
20050623,2
20050624,1
20050627,1
20050629,2
20050630,1
20050701,1
20050705,2
20050708,3
20050712,1
20050713,1
20050714,1
20050715,1
20050718,2
20050719,1
20050725,1
20050726,1
20050728,1
20050801,1
20050802,2
20050803,1
20050804,1
20050805,3
20050817,1
20050819,1
20050822,2
20050823,1
20050825,1
20050828,1
20050830,1
20050831,1
20050901,1
20050903,1
20050909,1
20050913,1
20050914,2
20050915,1
20050916,1
20050919,1
20050920,1
20050921,3
20050923,3
20050926,3
20050927,2
20050930,1
20051001,1
20051004,2
20051005,1
20051006,1
20051013,1
20051018,4
20051021,3
20051031,4
20051101,1
20051102,3
20051105,1
20051109,1
20051111,2
20051112,2
20051114,3
20051117,1
20051118,1
20051121,1
20051123,2
20051128,1
20051129,1
20051130,1
20051203,1
20051205,1
20051206,1
20051207,1
20051208,1
20051210,2
20051212,1
20051215,1
20051217,1
20051219,1
20051220,1
20051222,2
20051228,1
20051230,1
20060103,1
20060104,4
20060109,1
20060110,1
20060111,2
20060112,1
20060116,1
20060120,1
20060124,1
20060128,3
20060130,1
20060206,1
20060207,1
20060208,3
20060209,1
20060213,1
20060214,1
20060215,2
20060217,3
20060221,1
20060223,2
20060224,1
20060227,2
20060304,2
20060305,1
20060306,3
20060307,1
20060308,1
20060309,1
20060310,1
20060311,1
20060312,1
20060313,1
20060314,2
20060318,1
20060322,1
20060327,1
20060329,3
20060331,1
20060403,1
20060410,2
20060411,1
20060412,1
20060414,1
20060418,3
20060420,1
20060425,5
20060426,2
20060427,1
20060428,1
20060502,1
20060504,2
20060505,1
20060506,1
20060508,1
20060509,1
20060510,1
20060519,1
20060520,1
20060522,1
20060523,1
20060525,3
20060531,3
20060602,1
20060606,1
20060607,1
20060609,1
20060612,1
20060613,1
20060615,2
20060620,1
20060621,1
20060622,1
20060626,2
20060627,1
20060628,1
20060629,1
20060701,1
20060706,1
20060707,2
20060710,3
20060712,2
20060715,1
20060717,1
20060719,1
20060724,2
20060728,1
20060802,1
20060803,2
20060804,2
20060814,2
20060821,1
20060824,1
20060826,1
20060831,1
20060904,1
20060905,1
20060911,1
20060913,1
20060914,2
20060918,1
20060919,1
20060920,1
20060922,1
20060925,2
20060926,1
20060930,1
20061002,1
20061006,2
20061007,1
20061010,2
20061012,1
20061016,3
20061019,1
20061020,2
20061021,1
20061024,1
20061026,1
20061027,1
20061101,3
20061104,1
20061106,1
20061107,1
20061111,1
20061113,1
20061120,2
20061121,1
20061128,1
20061211,1
20061215,2
20061218,1
20061219,3
20061221,1
20061222,1
20070104,1
20070111,1
20070112,1
20070118,1
20070119,1
20070122,2
20070126,1
20070127,1
20070129,1
20070130,2
20070131,1
20070203,2
20070206,1
20070208,1
20070209,2
20070210,1
20070212,2
20070214,1
20070220,1
20070222,1
20070226,1
20070301,4
20070303,2
20070305,1
20070309,1
20070313,2
20070314,1
20070315,1
20070319,2
20070321,1
20070322,1
20070326,1
20070331,1
20070404,1
20070408,1
20070409,1
20070411,1
20070412,2
20070413,2
20070416,1
20070417,1
20070419,2
20070424,1
20070425,3
20070428,2
20070430,2
20070501,1
20070502,3
20070504,1
20070508,1
20070509,1
20070514,2
20070515,1
20070516,3
20070605,1
20070608,1
20070613,2
20070614,1
20070615,3
20070616,1
20070618,2
20070623,1
20070626,1
20070702,1
20070705,1
20070711,1
20070714,1
20070716,2
20070717,2
20070719,2
20070723,1
20070725,1
20070730,1
20070802,1
20070803,1
20070804,1
20070807,1
20070809,1
20070815,1
20070816,1
20070817,1
20070820,1
20070821,1
20070823,1
20070828,1
20070905,1
20070910,1
20070912,1
20070914,1
20070915,1
20070917,1
20070919,2
20070920,1
20070921,1
20070922,1
20070924,1
20070925,1
20070927,2
20070929,1
20071001,1
20071002,1
20071003,3
20071005,2
20071009,3
20071010,1
20071013,1
20071016,1
20071019,1
20071020,1
20071029,3
20071030,3
20071031,1
20071101,2
20071103,1
20071105,1
20071106,1
20071107,1
20071108,1
20071109,1
20071112,2
20071114,1
20071119,4
20071120,1
20071126,2
20071130,1
20071201,1
20071210,1
20071211,1
20071214,4
20071227,1
20080108,1
20080115,1
20080117,1
20080122,1
20080129,1
20080130,1
20080201,1
20080204,3
20080207,1
20080208,1
20080209,1
20080212,1
20080213,1
20080214,2
20080216,3
20080226,1
20080227,2
20080228,3
20080229,2
20080301,2
20080305,1
20080306,2
20080307,1
20080310,3
20080317,1
20080318,2
20080319,2
20080323,1
20080324,2
20080326,1
20080328,2
20080401,1
20080403,1
20080409,1
20080414,1
20080415,1
20080417,1
20080418,1
20080421,1
20080422,3
20080423,1
20080426,1
20080429,1
20080501,2
20080503,1
20080505,1
20080506,1
20080515,2
20080519,1
20080521,1
20080522,1
20080524,1
20080528,2
20080529,1
20080602,1
20080604,2
20080605,1
20080609,2
20080612,1
20080613,1
20080616,1
20080619,2
20080623,1
20080624,1
20080630,1
20080703,1
20080705,1
20080707,1
20080709,2
20080710,2
20080711,1
20080716,1
20080718,1
20080722,1
20080723,1
20080729,1
20080730,1
20080804,2
20080805,2
20080806,1
20080812,1
20080818,1
20080819,2
20080826,1
20080829,1
20080904,1
20080905,1
20080908,1
20080909,1
20080911,1
20080916,2
20080918,2
20080919,2
20080923,1
20080927,1
20080929,1
20080930,1
20081006,1
20081007,3
20081009,2
20081013,3
20081015,2
20081017,1
20081021,1
20081024,2
20081025,1
20081028,2
20081029,2
20081030,3
20081031,4
20081103,1
20081104,3
20081105,1
20081106,3
20081107,1
20081110,2
20081112,2
20081113,1
20081119,2
20081120,1
20081125,1
20081201,1
20081203,1
20081204,2
20081212,1
20081213,1
20081215,1
20081219,1
20081226,1
20081229,1
20090105,3
20090113,2
20090114,1
20090119,1
20090126,1
20090129,1
20090130,1
20090131,1
20090203,1
20090204,1
20090205,2
20090206,1
20090209,1
20090210,1
20090217,1
20090218,4
20090220,1
20090221,1
20090223,2
20090224,1
20090226,1
20090304,1
20090307,1
20090309,1
20090310,2
20090311,1
20090318,1
20090319,2
20090320,1
20090323,1
20090326,1
20090327,1
20090330,1
20090402,2
20090406,1
20090415,1
20090416,1
20090420,1
20090421,1
20090423,3
20090425,1
20090428,1
20090429,1
20090430,1
20090504,2
20090505,3
20090506,1
20090507,2
20090508,1
20090513,1
20090526,2
20090528,1
20090529,1
20090602,1
20090603,1
20090605,2
20090609,2
20090610,1
20090611,2
20090612,1
20090616,1
20090619,2
20090626,2
20090629,1
20090701,2
20090702,2
20090706,1
20090707,1
20090714,1
20090717,1
20090722,1
20090805,1
20090806,4
20090807,2
20090814,1
20090815,1
20090817,1
20090824,3
20090825,2
20090826,1
20090827,1
20090828,1
20090829,1
20090831,1
20090902,1
20090904,2
20090910,1
20090911,1
20090914,1
20090916,3
20090917,1
20090922,1
20090923,3
20090929,1
20091001,2
20091003,1
20091009,2
20091011,1
20091013,1
20091015,1
20091019,1
20091020,1
20091023,1
20091026,2
20091028,1
20091029,2
20091030,2
20091103,1
20091104,1
20091105,2
20091106,1
20091109,1
20091111,1
20091114,1
20091118,3
20091120,2
20091130,2
20091201,1
20091203,1
20091207,1
20091208,2
20091209,3
20091212,2
20091214,1
20091216,1
20091218,2
20091221,1
20091222,2
20091228,1
20100104,2
20100107,2
20100108,1
20100111,1
20100112,2
20100113,2
20100114,1
20100115,2
20100119,1
20100120,2
20100125,2
20100128,2
20100129,1
20100131,1
20100202,1
20100203,1
20100204,1
20100205,1
20100211,1
20100212,1
20100216,2
20100217,3
20100218,2
20100219,1
20100220,2
20100226,1
20100227,2
20100305,1
20100308,1
20100310,1
20100311,2
20100312,1
20100317,2
20100318,2
20100323,1
20100331,1
20100406,1
20100407,3
20100408,1
20100409,1
20100412,1
20100413,2
20100415,2
20100421,1
20100422,1
20100423,1
20100424,1
20100426,1
20100428,1
20100429,1
20100430,1
20100503,1
20100505,2
20100506,2
20100507,4
20100508,1
20100514,2
20100515,1
20100517,1
20100518,1
20100520,1
20100525,2
20100527,1
20100528,1
20100601,1
20100603,1
20100609,1
20100610,1
20100611,1
20100614,1
20100617,1
20100618,3
20100621,1
20100622,1
20100624,3
20100628,1
20100630,1
20100701,1
20100705,1
20100706,2
20100707,1
20100712,2
20100713,1
20100716,1
20100720,1
20100722,1
20100723,1
20100726,2
20100727,2
20100729,3
20100730,1
20100802,1
20100803,1
20100804,2
20100806,2
20100807,1
20100816,1
20100817,3
20100818,1
20100819,1
20100821,1
20100823,1
20100825,1
20100826,1
20100829,1
20100831,1
20100901,1
20100902,2
20100907,2
20100913,1
20100915,1
20100916,1
20100919,1
20100923,1
20100924,1
20100925,1
20100927,1
20100928,1
20100930,2
20101001,1
20101003,1
20101005,1
20101006,3
20101007,1
20101018,1
20101020,1
20101021,2
20101022,1
20101025,2
20101026,1
20101028,1
20101031,1
20101104,1
20101106,1
20101108,1
20101109,1
20101110,1
20101116,3
20101117,2
20101118,1
20101123,1
20101124,1
20101126,1
20101207,1
20101209,2
20101210,1
20101217,1
20101220,1
20101221,1
20101223,2
20101227,2
20101230,1
20101231,1
20110103,2
20110104,1
20110107,1
20110110,1
20110111,1
20110114,1
20110118,1
20110119,1
20110120,1
20110121,1
20110124,2
20110125,1
20110126,4
20110127,1
20110128,2
20110129,1
20110131,2
20110201,2
20110202,2
20110203,4
20110208,2
20110209,2
20110210,1
20110214,1
20110216,3
20110222,1
20110223,3
20110224,1
20110228,2
20110301,2
20110302,1
20110303,2
20110304,1
20110305,3
20110308,1
20110309,2
20110315,1
20110318,1
20110319,1
20110321,1
20110322,1
20110323,2
20110324,1
20110325,2
20110326,1
20110329,1
20110330,2
20110331,1
20110401,1
20110404,1
20110405,1
20110406,1
20110410,2
20110411,1
20110412,3
20110413,1
20110414,1
20110415,1
20110420,1
20110425,3
20110426,2
20110428,4
20110429,2
20110502,2
20110503,1
20110504,1
20110505,1
20110506,1
20110507,1
20110508,1
20110510,3
20110511,1
20110513,1
20110516,1
20110518,1
20110519,1
20110520,1
20110524,1
20110525,2
20110529,1
20110601,2
20110603,1
20110607,2
20110608,1
20110609,1
20110610,1
20110616,1
20110627,2
20110629,2
20110701,1
20110705,1
20110707,1
20110711,1
20110712,3
20110713,2
20110715,1
20110716,1
20110719,1
20110721,1
20110722,1
20110723,1
20110728,2
20110729,1
20110730,1
20110801,2
20110802,1
20110803,1
20110805,2
20110806,2
20110807,1
20110809,1
20110810,1
20110811,2
20110815,3
20110817,1
20110818,1
20110829,1
20110831,1
20110902,1
20110910,1
20110912,3
20110915,1
20110916,1
20110921,1
20110923,1
20110927,2
20110928,1
20111001,1
20111002,1
20111003,1
20111011,1
20111016,1
20111018,2
20111021,1
20111024,1
20111025,1
20111026,2
20111027,2
20111028,4
20111030,1
20111031,2
20111101,3
20111102,1
20111103,1
20111104,1
20111108,1
20111109,1
20111110,1
20111111,3
20111113,1
20111118,1
20111120,1
20111121,2
20111122,1
20111123,1
20111124,1
20111129,1
20111130,1
20111201,1
20111205,1
20111208,1
20111209,1
20111212,4
20111213,1
20111215,1
20111216,1
20111219,1
20111220,1
20111221,1
20111227,1
20120103,3
20120104,1
20120109,1
20120110,1
20120111,1
20120112,1
20120113,1
20120117,1
20120120,1
20120123,4
20120124,2
20120125,1
20120126,1
20120127,1
20120128,1
20120131,1
20120201,2
20120202,2
20120203,1
20120206,1
20120208,2
20120209,2
20120210,1
20120214,2
20120215,4
20120216,1
20120223,2
20120224,2
20120227,1
20120229,3
20120301,2
20120302,1
20120308,1
20120309,2
20120315,1
20120320,4
20120321,1
20120322,1
20120325,1
20120326,2
20120327,1
20120328,2
20120329,3
20120402,1
20120403,2
20120404,2
20120405,2
20120409,2
20120411,1
20120412,3
20120413,2
20120416,2
20120417,1
20120420,1
20120423,1
20120424,2
20120425,1
20120426,2
20120427,2
20120429,1
20120430,3
20120501,1
20120502,2
20120503,1
20120506,1
20120507,1
20120508,2
20120509,1
20120510,3
20120514,2
20120515,5
20120516,3
20120517,2
20120521,1
20120522,4
20120523,5
20120524,3
20120525,5
20120529,3
20120530,3
20120531,1
20120601,2
20120603,1
20120604,1
20120605,4
20120606,2
20120607,3
20120608,3
20120610,1
20120611,3
20120612,1
20120613,4
20120614,1
20120615,8
20120618,4
20120620,2
20120621,2
20120626,2
20120629,1
20120706,1
20120708,1
20120709,2
20120712,2
20120713,3
20120714,1
20120716,2
20120717,1
20120718,1
20120719,3
20120723,1
20120725,1
20120726,2
20120727,1
20120730,2
20120731,4
20120801,2
20120802,1
20120803,1
20120805,2
20120807,1
20120809,1
20120810,1
20120813,1
20120814,3
20120815,1
20120816,2
20120821,2
20120823,1
20120824,1
20120828,3
20120829,2
20120830,1
20120906,1
20120907,2
20120909,1
20120910,1
20120911,1
20120912,1
20120914,4
20120920,1
20120924,1
20120927,1
20121001,2
20121002,1
20121003,1
20121004,1
20121009,1
20121010,1
20121012,2
20121015,2
20121016,1
20121017,1
20121018,1
20121019,1
20121021,1
20121022,2
20121023,2
20121024,7
20121025,6
20121030,1
20121101,1
20121114,1
20121115,2
20121118,5
20121120,1
20121128,2
20121202,1
20121203,1
20121204,2
20121205,2
20121211,2
20121212,1
20121214,1
20121218,1
20121219,1
20121220,3
20121225,1
20121230,1
20130101,1
20130109,2
20130113,1
20130115,1
20130116,1
20130119,1
20130121,2
20130122,2
20130123,3
20130124,2
20130125,5
20130131,2
20130203,1
20130205,3
20130207,2
20130209,1
20130210,1
20130211,1
20130212,1
20130213,1
20130214,3
20130215,1
20130218,1
20130220,1
20130222,3
20130226,1
20130228,1
20130304,1
20130305,1
20130306,1
20130311,1
20130312,1
20130314,1
20130317,1
20130318,1
20130320,2
20130327,1
20130328,2
20130331,1
20130403,1
20130407,3
20130415,1
20130416,1
20130417,1
20130419,3
20130422,1
20130424,4
20130425,5
20130426,1
20130428,1
20130430,3
20130501,3
20130502,1
20130508,1
20130515,1
20130516,3
20130523,4
20130524,5
20130530,1
20130602,1
20130604,2
20130605,1
20130606,1
20130612,1
20130613,2
20130616,1
20130617,1
20130619,1
20130623,1
20130624,1
20130701,1
20130703,1
20130704,1
20130708,1
20130711,2
20130721,2
20130723,1
20130724,1
20130725,2
20130727,1
20130728,5
20130729,1
20130731,6
20130801,3
20130802,1
20130807,1
20130809,1
20130814,2
20130815,1
20130818,1
20130821,1
20130822,1
20130823,3
20130824,1
20130825,1
20130826,1
20130827,1
20130830,1
20130903,3
20130904,3
20130908,1
20130909,1
20130911,1
20130916,1
20130917,1
20130918,1
20130922,1
20130923,1
20130926,4
20130930,1
20131007,1
20131014,1
20131021,1
20131022,6
20131023,2
20131024,3
20131025,2
20131028,1
20131029,1
20131031,1
20131103,1
20131106,1
20131107,1
20131110,1
20131111,2
20131112,1
20131114,1
20131118,2
20131119,2
20131120,1
20131124,1
20131201,2
20131203,1
20131204,1
20131210,3
20131212,1
20131213,3
20131215,2
20131222,1
20131223,1
20131231,1
20140101,1
20140103,1
20140105,2
20140109,3
20140121,1
20140122,1
20140123,1
20140124,2
20140126,1
20140128,3
20140129,1
20140130,1
20140131,1
20140202,2
20140204,2
20140205,1
20140207,1
20140210,1
20140211,1
20140212,4
20140214,5
20140217,1
20140218,2
20140220,1
20140223,1
20140224,2
20140225,1
20140227,2
20140302,1
20140307,1
20140310,1
20140314,1
20140320,1
20140326,1
20140401,2
20140403,1
20140406,1
20140407,2
20140409,3
20140410,2
20140414,2
20140416,1
20140417,1
20140418,2
20140423,1
20140424,3
20140425,1
20140428,1
20140429,1
20140430,2
20140501,1
20140502,1
20140505,1
20140508,2
20140511,1
20140512,1
20140514,2
20140515,2
20140519,2
20140521,1
20140527,1
20140601,1
20140602,1
20140604,1
20140605,1
20140609,1
20140610,4
20140611,1
20140615,1
20140617,1
20140623,1
20140624,1
20140629,1
20140630,1
20140701,2
20140703,1
20140707,2
20140711,2
20140716,1
20140717,3
20140718,1
20140721,5
20140722,3
20140723,4
20140727,1
20140729,2
20140730,1
20140731,3
20140801,5
20140803,2
20140804,1
20140805,3
20140806,2
20140807,3
20140808,2
20140811,1
20140812,1
20140813,1
20140817,1
20140818,3
20140819,1
20140822,1
20140825,1
20140826,1
20140829,2
20140907,1
20140908,2
20140911,1
20140912,1
20140916,3
20140917,1
20140919,5
20140922,1
20140923,4
20140924,1
20140930,1
20141008,2
20141012,1
20141021,3
20141022,3
20141023,7
20141024,8
20141027,2
20141029,1
20141102,1
20141103,3
20141104,2
20141105,1
20141109,2
20141110,1
20141112,1
20141113,5
20141114,6
20141117,1
20141119,1
20141121,2
20141125,1
20141201,2
20141202,3
20141204,2
20141205,2
20141212,1
20141218,1
20141219,2
20141222,4
20141223,3
20141228,1
20141230,2
20150101,2
20150104,1
20150106,1
20150108,1
20150109,1
20150113,1
20150116,1
20150120,6
20150121,1
20150122,3
20150123,1
20150126,2
20150127,7
20150128,3
20150129,2
20150201,1
20150203,1
20150204,2
20150208,1
20150210,3
20150211,1
20150212,2
20150219,2
20150226,1
20150302,2
20150310,1
20150311,1
20150313,1
20150315,1
20150316,1
20150319,1
20150323,1
20150326,1
20150327,1
20150331,2
20150401,1
20150407,1
20150413,1
20150414,6
20150416,1
20150417,1
20150420,3
20150421,2
20150423,6
20150424,1
20150427,4
20150428,1
20150430,1
