20050102,2
20050103,15
20050104,13
20050105,14
20050106,11
20050107,16
20050109,4
20050110,24
20050111,29
20050112,27
20050113,26
20050114,20
20050116,3
20050117,25
20050118,17
20050119,36
20050120,40
20050121,36
20050123,6
20050124,27
20050125,34
20050126,46
20050127,38
20050128,44
20050130,3
20050131,28
20050201,29
20050202,29
20050203,43
20050204,30
20050205,1
20050206,1
20050207,35
20050208,39
20050209,31
20050210,25
20050211,33
20050213,2
20050214,25
20050215,27
20050216,26
20050217,31
20050218,39
20050220,1
20050221,11
20050222,28
20050223,36
20050224,15
20050225,31
20050226,1
20050227,4
20050228,27
20050301,36
20050302,30
20050303,23
20050304,25
20050306,3
20050307,24
20050308,36
20050309,31
20050310,28
20050311,37
20050313,3
20050314,23
20050315,28
20050316,28
20050317,26
20050318,37
20050320,2
20050321,24
20050322,18
20050323,22
20050324,21
20050325,12
20050327,2
20050328,12
20050329,17
20050330,23
20050331,19
20050401,25
20050403,4
20050404,23
20050405,22
20050406,17
20050407,27
20050408,24
20050409,1
20050410,1
20050411,22
20050412,23
20050413,31
20050414,21
20050415,30
20050417,2
20050418,25
20050419,30
20050420,39
20050421,39
20050422,35
20050424,3
20050425,37
20050426,28
20050427,44
20050428,40
20050429,45
20050501,4
20050502,30
20050503,25
20050504,40
20050505,23
20050506,27
20050508,2
20050509,25
20050510,35
20050511,37
20050512,24
20050513,24
20050515,3
20050516,23
20050517,28
20050518,29
20050519,24
20050520,21
20050522,3
20050523,20
20050524,20
20050525,24
20050526,24
20050527,24
20050529,3
20050530,6
20050531,14
20050601,19
20050602,20
20050603,20
20050605,2
20050606,18
20050607,16
20050608,15
20050609,22
20050610,18
20050612,1
20050613,15
20050614,23
20050615,16
20050616,32
20050617,17
20050619,5
20050620,16
20050621,18
20050622,24
20050623,15
20050624,19
20050626,2
20050627,20
20050628,20
20050629,22
20050630,25
20050701,29
20050703,2
20050704,3
20050705,12
20050706,19
20050707,16
20050708,18
20050711,16
20050712,19
20050713,20
20050714,23
20050715,23
20050717,3
20050718,19
20050719,30
20050720,40
20050721,40
20050722,34
20050723,1
20050724,2
20050725,21
20050726,33
20050727,42
20050728,51
20050729,37
20050731,6
20050801,25
20050802,28
20050803,38
20050804,40
20050805,38
20050807,2
20050808,18
20050809,27
20050810,38
20050811,26
20050812,36
20050814,1
20050815,25
20050816,31
20050817,47
20050818,33
20050819,33
20050821,3
20050822,15
20050823,21
20050824,27
20050825,22
20050826,22
20050829,20
20050830,19
20050831,23
20050901,16
20050902,14
20050903,1
20050904,2
20050905,7
20050906,12
20050907,25
20050908,26
20050909,27
20050911,2
20050912,15
20050913,20
20050914,27
20050915,33
20050916,27
20050917,6
20050918,3
20050919,24
20050920,24
20050921,25
20050922,24
20050923,30
20050924,8
20050925,2
20050926,22
20050927,15
20050928,27
20050929,29
20050930,27
20051001,11
20051002,2
20051003,17
20051004,21
20051005,25
20051006,17
20051007,13
20051008,5
20051009,1
20051010,20
20051011,26
20051012,28
20051013,16
20051014,17
20051015,12
20051016,1
20051017,20
20051018,23
20051019,37
20051020,37
20051021,46
20051022,10
20051023,5
20051024,26
20051025,26
20051026,42
20051027,57
20051028,26
20051029,8
20051030,2
20051031,31
20051101,34
20051102,33
20051103,38
20051104,25
20051105,6
20051106,1
20051107,20
20051108,24
20051109,35
20051110,29
20051111,41
20051112,11
20051113,3
20051114,20
20051115,27
20051116,36
20051117,30
20051118,36
20051119,12
20051120,3
20051121,23
20051122,25
20051123,20
20051124,8
20051125,22
20051126,7
20051127,1
20051128,21
20051129,16
20051130,25
20051201,22
20051202,21
20051203,8
20051204,1
20051205,18
20051206,20
20051207,19
20051208,23
20051209,16
20051210,9
20051211,2
20051212,11
20051213,12
20051214,18
20051215,19
20051216,17
20051217,6
20051218,1
20051219,18
20051220,18
20051221,23
20051222,21
20051223,10
20051224,6
20051225,3
20051226,1
20051227,11
20051228,22
20051229,14
20051230,12
20051231,4
20060101,1
20060102,1
20060103,16
20060104,10
20060105,26
20060106,15
20060107,6
20060108,4
20060109,16
20060110,21
20060111,27
20060112,19
20060113,36
20060114,13
20060115,1
20060116,22
20060117,9
20060118,26
20060119,34
20060120,30
20060121,13
20060122,4
20060123,15
20060124,32
20060125,36
20060126,36
20060127,39
20060128,16
20060129,6
20060130,19
20060131,34
20060201,36
20060202,32
20060203,28
20060204,20
20060205,2
20060206,22
20060207,21
20060208,34
20060209,34
20060210,33
20060211,14
20060212,2
20060213,19
20060214,15
20060215,29
20060216,39
20060217,32
20060218,5
20060219,1
20060220,11
20060221,21
20060222,37
20060223,32
20060224,34
20060225,10
20060226,2
20060227,27
20060228,29
20060301,44
20060302,27
20060303,28
20060304,13
20060305,3
20060306,18
20060307,18
20060308,26
20060309,26
20060310,22
20060311,15
20060313,17
20060314,21
20060315,27
20060316,29
20060317,30
20060318,7
20060319,2
20060320,13
20060321,17
20060322,27
20060323,26
20060324,23
20060325,6
20060326,3
20060327,25
20060328,16
20060329,29
20060330,29
20060331,17
20060401,8
20060402,1
20060403,22
20060404,13
20060405,26
20060406,16
20060407,20
20060408,14
20060409,4
20060410,14
20060411,16
20060412,34
20060413,30
20060414,16
20060415,9
20060416,5
20060417,11
20060418,33
20060419,41
20060420,43
20060421,50
20060422,17
20060423,3
20060424,21
20060425,37
20060426,40
20060427,43
20060428,50
20060429,12
20060430,2
20060501,20
20060502,21
20060503,31
20060504,34
20060505,35
20060506,12
20060507,3
20060508,14
20060509,31
20060510,37
20060511,33
20060512,28
20060513,8
20060514,1
20060515,23
20060516,24
20060517,27
20060518,21
20060519,31
20060520,6
20060521,1
20060522,14
20060523,25
20060524,28
20060525,20
20060526,25
20060527,7
20060528,1
20060529,3
20060530,19
20060531,27
20060601,26
20060602,30
20060603,4
20060604,1
20060605,13
20060606,12
20060607,17
20060608,20
20060609,19
20060610,9
20060611,2
20060612,15
20060613,25
20060614,16
20060615,24
20060616,24
20060617,8
20060618,1
20060619,15
20060620,18
20060621,22
20060622,27
20060623,22
20060624,3
20060625,1
20060626,18
20060627,14
20060628,22
20060629,16
20060630,19
20060701,9
20060702,4
20060703,20
20060704,10
20060705,25
20060706,18
20060707,28
20060708,12
20060709,3
20060710,23
20060711,29
20060712,23
20060713,26
20060714,31
20060715,6
20060716,3
20060717,20
20060718,26
20060719,38
20060720,41
20060721,41
20060722,16
20060723,2
20060724,24
20060725,40
20060726,46
20060727,46
20060728,47
20060729,10
20060730,3
20060731,31
20060801,48
20060802,44
20060803,38
20060804,39
20060805,11
20060806,2
20060807,18
20060808,26
20060809,38
20060810,34
20060811,28
20060812,6
20060813,1
20060814,19
20060815,20
20060816,30
20060817,19
20060818,33
20060819,6
20060820,4
20060821,19
20060822,20
20060823,21
20060824,26
20060825,30
20060826,3
20060827,3
20060828,19
20060829,27
20060830,25
20060831,23
20060901,25
20060902,7
20060904,4
20060905,17
20060906,22
20060907,21
20060908,30
20060909,10
20060910,4
20060911,19
20060912,31
20060913,27
20060914,21
20060915,21
20060916,10
20060917,3
20060918,19
20060919,17
20060920,23
20060921,22
20060922,24
20060923,5
20060925,15
20060926,20
20060927,18
20060928,17
20060929,14
20060930,13
20061001,1
20061002,16
20061003,21
20061004,24
20061005,17
20061006,25
20061007,11
20061008,3
20061009,19
20061010,13
20061011,23
20061012,27
20061013,25
20061014,12
20061015,2
20061016,21
20061017,26
20061018,41
20061019,33
20061020,45
20061021,13
20061022,3
20061023,25
20061024,36
20061025,40
20061026,47
20061027,55
20061028,9
20061029,3
20061030,20
20061031,27
20061101,42
20061102,32
20061103,28
20061104,11
20061105,1
20061106,18
20061107,21
20061108,28
20061109,32
20061110,40
20061111,8
20061112,4
20061113,19
20061114,24
20061115,35
20061116,21
20061117,32
20061118,8
20061119,2
20061120,22
20061121,20
20061122,24
20061123,13
20061124,24
20061125,10
20061126,3
20061127,20
20061128,16
20061129,27
20061130,19
20061201,19
20061202,12
20061203,1
20061204,16
20061205,17
20061206,23
20061207,22
20061208,19
20061209,8
20061211,10
20061212,20
20061213,17
20061214,18
20061215,18
20061216,9
20061217,2
20061218,17
20061219,18
20061220,29
20061221,19
20061222,24
20061223,6
20061224,2
20061226,13
20061227,11
20061228,11
20061229,13
20061230,10
20061231,4
20070101,3
20070102,17
20070103,10
20070104,18
20070105,23
20070106,9
20070107,3
20070108,17
20070109,26
20070110,24
20070111,29
20070112,30
20070113,9
20070114,2
20070115,6
20070116,31
20070117,27
20070118,35
20070119,30
20070120,10
20070121,2
20070122,21
20070123,27
20070124,40
20070125,44
20070126,43
20070127,9
20070128,2
20070129,23
20070130,32
20070131,47
20070201,47
20070202,30
20070203,14
20070204,1
20070205,25
20070206,23
20070207,43
20070208,30
20070209,50
20070210,9
20070211,3
20070212,15
20070213,22
20070214,36
20070215,37
20070216,30
20070217,9
20070218,3
20070219,5
20070220,17
20070221,39
20070222,27
20070223,29
20070224,11
20070225,4
20070226,26
20070227,29
20070228,33
20070301,41
20070302,25
20070303,11
20070304,4
20070305,11
20070306,15
20070307,35
20070308,29
20070309,28
20070310,6
20070311,3
20070312,21
20070313,28
20070314,32
20070315,20
20070316,28
20070317,8
20070318,2
20070319,21
20070320,18
20070321,29
20070322,36
20070323,25
20070324,10
20070325,3
20070326,18
20070327,21
20070328,23
20070329,30
20070330,25
20070331,12
20070401,4
20070402,13
20070403,20
20070404,20
20070405,23
20070406,14
20070407,11
20070409,12
20070410,19
20070411,36
20070412,19
20070413,23
20070414,16
20070415,2
20070416,21
20070417,29
20070418,43
20070419,34
20070420,39
20070421,12
20070422,1
20070423,29
20070424,44
20070425,58
20070426,49
20070427,43
20070428,15
20070429,1
20070430,42
20070501,24
20070502,30
20070503,46
20070504,41
20070505,14
20070506,5
20070507,30
20070508,26
20070509,49
20070510,41
20070511,34
20070512,17
20070513,3
20070514,19
20070515,32
20070516,35
20070517,33
20070518,21
20070519,10
20070520,1
20070521,21
20070522,24
20070523,21
20070524,33
20070525,25
20070526,3
20070527,3
20070528,3
20070529,25
20070530,27
20070531,29
20070601,20
20070602,8
20070603,1
20070604,21
20070605,19
20070606,26
20070607,15
20070608,19
20070609,5
20070610,2
20070611,17
20070612,22
20070613,18
20070614,19
20070615,22
20070616,8
20070617,3
20070618,17
20070619,21
20070620,22
20070621,24
20070622,16
20070623,8
20070624,3
20070625,12
20070626,17
20070627,20
20070628,23
20070629,23
20070630,5
20070701,1
20070702,17
20070703,14
20070704,8
20070705,13
20070706,22
20070707,7
20070708,1
20070709,21
20070710,19
20070711,23
20070712,23
20070713,28
20070714,6
20070715,4
20070716,18
20070717,25
20070718,42
20070719,37
20070720,44
20070721,17
20070722,4
20070723,28
20070724,34
20070725,50
20070726,51
20070727,43
20070728,20
20070729,4
20070730,27
20070731,40
20070801,42
20070802,51
20070803,41
20070804,14
20070805,1
20070806,24
20070807,25
20070808,37
20070809,30
20070810,36
20070811,6
20070812,2
20070813,10
20070814,18
20070815,30
20070816,31
20070817,27
20070818,8
20070819,5
20070820,13
20070821,25
20070822,22
20070823,39
20070824,26
20070825,10
20070826,1
20070827,18
20070828,18
20070829,27
20070830,32
20070831,37
20070901,11
20070902,1
20070903,9
20070904,16
20070905,25
20070906,28
20070907,17
20070908,9
20070909,3
20070910,17
20070911,20
20070912,25
20070913,25
20070914,25
20070915,10
20070916,1
20070917,14
20070918,26
20070919,23
20070920,29
20070921,32
20070922,10
20070923,4
20070924,17
20070925,23
20070926,15
20070927,22
20070928,23
20070929,10
20070930,4
20071001,30
20071002,27
20071003,31
20071004,31
20071005,22
20071006,8
20071007,4
20071008,17
20071009,20
20071010,32
20071011,28
20071012,24
20071013,8
20071015,18
20071016,42
20071017,35
20071018,37
20071019,40
20071020,16
20071021,2
20071022,27
20071023,37
20071024,45
20071025,46
20071026,54
20071027,18
20071028,2
20071029,30
20071030,33
20071031,38
20071101,39
20071102,34
20071103,10
20071104,4
20071105,25
20071106,37
20071107,41
20071108,34
20071109,29
20071110,4
20071112,20
20071113,31
20071114,37
20071115,34
20071116,29
20071117,5
20071119,16
20071120,37
20071121,26
20071122,9
20071123,15
20071124,8
20071126,10
20071127,16
20071128,23
20071129,24
20071130,38
20071201,15
20071202,1
20071203,17
20071204,19
20071205,20
20071206,21
20071207,25
20071208,8
20071209,1
20071210,14
20071211,26
20071212,15
20071213,22
20071214,19
20071215,4
20071216,1
20071217,20
20071218,31
20071219,31
20071220,26
20071221,32
20071222,8
20071223,1
20071224,12
20071225,1
20071226,11
20071227,13
20071228,6
20071229,5
20071230,2
20071231,6
20080102,14
20080103,19
20080104,17
20080105,6
20080107,16
20080108,17
20080109,22
20080110,24
20080111,25
20080112,10
20080113,2
20080114,23
20080115,26
20080116,24
20080117,40
20080118,38
20080119,5
20080120,3
20080121,9
20080122,22
20080123,38
20080124,36
20080125,34
20080126,11
20080127,1
20080128,26
20080129,47
20080130,45
20080131,55
20080201,45
20080202,12
20080203,1
20080204,20
20080205,34
20080206,43
20080207,37
20080208,25
20080209,11
20080211,21
20080212,32
20080213,33
20080214,27
20080215,36
20080216,12
20080217,1
20080218,5
20080219,20
20080220,40
20080221,30
20080222,30
20080223,5
20080225,31
20080226,32
20080227,36
20080228,29
20080229,42
20080301,9
20080302,2
20080303,29
20080304,30
20080305,28
20080306,28
20080307,30
20080308,6
20080309,1
20080310,19
20080311,28
20080312,23
20080313,25
20080314,26
20080315,4
20080316,3
20080317,22
20080318,29
20080319,27
20080320,43
20080321,14
20080322,5
20080323,5
20080324,19
20080325,24
20080326,35
20080327,25
20080328,32
20080329,7
20080330,2
20080331,10
20080401,29
20080402,31
20080403,29
20080404,28
20080405,5
20080406,2
20080407,18
20080408,20
20080409,27
20080410,25
20080411,29
20080412,12
20080413,1
20080414,18
20080415,38
20080416,38
20080417,39
20080418,36
20080419,10
20080420,2
20080421,28
20080422,35
20080423,44
20080424,62
20080425,55
20080426,12
20080427,3
20080428,35
20080429,36
20080430,45
20080501,44
20080502,29
20080503,9
20080504,2
20080505,22
20080506,21
20080507,40
20080508,33
20080509,35
20080510,9
20080511,2
20080512,20
20080513,32
20080514,37
20080515,33
20080516,26
20080517,17
20080518,1
20080519,26
20080520,22
20080521,29
20080522,31
20080523,29
20080524,5
20080525,2
20080526,3
20080527,17
20080528,28
20080529,37
20080530,25
20080531,11
20080601,3
20080602,18
20080603,31
20080604,17
20080605,22
20080606,21
20080607,7
20080608,2
20080609,21
20080610,23
20080611,15
20080612,24
20080613,19
20080614,3
20080616,15
20080617,12
20080618,26
20080619,30
20080620,28
20080621,5
20080622,3
20080623,16
20080624,19
20080625,26
20080626,33
20080627,20
20080628,11
20080630,24
20080701,32
20080702,14
20080703,29
20080704,8
20080705,5
20080706,1
20080707,20
20080708,14
20080709,24
20080710,28
20080711,31
20080712,18
20080713,1
20080714,22
20080715,31
20080716,28
20080717,43
20080718,32
20080719,9
20080720,2
20080721,19
20080722,37
20080723,37
20080724,46
20080725,40
20080726,12
20080727,2
20080728,36
20080729,36
20080730,45
20080731,54
20080801,59
20080802,23
20080803,1
20080804,17
20080805,37
20080806,46
20080807,41
20080808,37
20080809,9
20080810,2
20080811,11
20080812,31
20080813,36
20080814,35
20080815,24
20080816,9
20080817,2
20080818,23
20080819,27
20080820,32
20080821,36
20080822,28
20080823,12
20080824,2
20080825,16
20080826,31
20080827,36
20080828,44
20080829,43
20080830,14
20080831,3
20080901,9
20080902,21
20080903,21
20080904,19
20080905,25
20080906,9
20080907,2
20080908,16
20080909,15
20080910,21
20080911,16
20080912,20
20080913,7
20080915,14
20080916,16
20080917,25
20080918,21
20080919,23
20080920,7
20080922,10
20080923,21
20080924,18
20080925,26
20080926,28
20080927,10
20080928,2
20080929,10
20080930,10
20081001,23
20081002,27
20081003,21
20081004,8
20081005,3
20081006,12
20081007,18
20081008,18
20081009,18
20081010,22
20081011,10
20081013,24
20081014,16
20081015,35
20081016,21
20081017,29
20081018,8
20081019,2
20081020,13
20081021,28
20081022,37
20081023,43
20081024,51
20081025,13
20081026,2
20081027,19
20081028,39
20081029,36
20081030,50
20081031,45
20081101,18
20081102,2
20081103,16
20081104,24
20081105,30
20081106,32
20081107,29
20081108,18
20081110,27
20081111,29
20081112,32
20081113,38
20081114,39
20081115,12
20081116,1
20081117,20
20081118,20
20081119,38
20081120,24
20081121,13
20081122,8
20081123,3
20081124,10
20081125,17
20081126,23
20081127,8
20081128,18
20081129,8
20081130,1
20081201,14
20081202,16
20081203,31
20081204,23
20081205,13
20081206,10
20081207,1
20081208,16
20081209,19
20081210,22
20081211,17
20081212,21
20081213,5
20081214,2
20081215,15
20081216,19
20081217,28
20081218,24
20081219,22
20081220,7
20081222,13
20081223,13
20081224,11
20081226,9
20081227,1
20081229,7
20081230,9
20081231,12
20090101,1
20090102,11
20090103,7
20090104,2
20090105,16
20090106,20
20090107,24
20090108,31
20090109,23
20090110,9
20090111,1
20090112,20
20090113,18
20090114,26
20090115,23
20090116,27
20090117,8
20090118,1
20090119,3
20090120,22
20090121,24
20090122,46
20090123,38
20090124,10
20090125,2
20090126,17
20090127,40
20090128,33
20090129,43
20090130,39
20090131,11
20090201,2
20090202,22
20090203,33
20090204,35
20090205,43
20090206,52
20090207,8
20090208,1
20090209,21
20090210,27
20090211,36
20090212,30
20090213,39
20090214,10
20090215,2
20090216,10
20090217,25
20090218,32
20090219,32
20090220,42
20090221,13
20090222,1
20090223,17
20090224,29
20090225,33
20090226,40
20090227,43
20090228,6
20090302,18
20090303,29
20090304,29
20090305,32
20090306,25
20090307,6
20090308,1
20090309,19
20090310,17
20090311,26
20090312,35
20090313,22
20090314,9
20090315,1
20090316,12
20090317,18
20090318,28
20090319,34
20090320,33
20090321,10
20090322,3
20090323,14
20090324,24
20090325,32
20090326,29
20090327,33
20090328,10
20090329,1
20090330,15
20090331,13
20090401,31
20090402,12
20090403,13
20090404,7
20090406,22
20090407,18
20090408,28
20090409,23
20090410,16
20090411,5
20090413,18
20090414,23
20090415,30
20090416,34
20090417,35
20090418,7
20090419,3
20090420,23
20090421,38
20090422,54
20090423,61
20090424,53
20090425,6
20090426,3
20090427,22
20090428,50
20090429,48
20090430,45
20090501,30
20090502,14
20090503,3
20090504,25
20090505,33
20090506,40
20090507,38
20090508,30
20090509,5
20090510,3
20090511,30
20090512,29
20090513,29
20090514,30
20090515,27
20090516,9
20090518,17
20090519,25
20090520,29
20090521,28
20090522,27
20090523,13
20090524,1
20090525,6
20090526,15
20090527,19
20090528,25
20090529,26
20090530,8
20090531,1
20090601,15
20090602,17
20090603,22
20090604,21
20090605,15
20090606,5
20090608,11
20090609,20
20090610,23
20090611,18
20090612,16
20090613,5
20090615,13
20090616,15
20090617,26
20090618,21
20090619,18
20090620,6
20090621,2
20090622,26
20090623,21
20090624,25
20090625,18
20090626,20
20090627,6
20090628,2
20090629,12
20090630,13
20090701,18
20090702,15
20090703,13
20090704,1
20090705,1
20090706,13
20090707,22
20090708,16
20090709,13
20090710,18
20090711,5
20090712,3
20090713,23
20090714,23
20090715,34
20090716,32
20090717,36
20090718,12
20090719,2
20090720,19
20090721,36
20090722,49
20090723,48
20090724,51
20090725,8
20090726,4
20090727,28
20090728,42
20090729,42
20090730,70
20090731,66
20090801,12
20090802,2
20090803,29
20090804,30
20090805,58
20090806,57
20090807,45
20090808,6
20090809,3
20090810,21
20090811,21
20090812,26
20090813,37
20090814,35
20090815,7
20090817,25
20090818,30
20090819,31
20090820,36
20090821,41
20090822,4
20090824,24
20090825,25
20090826,31
20090827,39
20090828,40
20090829,12
20090830,2
20090831,25
20090901,25
20090902,21
20090903,23
20090904,26
20090905,7
20090906,2
20090908,15
20090909,15
20090910,16
20090911,24
20090912,8
20090913,1
20090914,14
20090915,12
20090916,26
20090917,16
20090918,19
20090919,7
20090920,1
20090921,13
20090922,13
20090923,14
20090924,23
20090925,23
20090926,6
20090928,18
20090929,18
20090930,28
20091001,12
20091002,11
20091003,4
20091004,3
20091005,12
20091006,23
20091007,26
20091008,20
20091009,27
20091010,5
20091011,4
20091012,18
20091013,15
20091014,27
20091015,31
20091016,36
20091017,13
20091018,3
20091019,35
20091020,49
20091021,50
20091022,64
20091023,46
20091024,10
20091025,5
20091026,36
20091027,51
20091028,64
20091029,76
20091030,47
20091031,6
20091101,1
20091102,19
20091103,39
20091104,42
20091105,48
20091106,36
20091107,10
20091108,1
20091109,29
20091110,31
20091111,42
20091112,32
20091113,35
20091114,8
20091115,4
20091116,20
20091117,28
20091118,33
20091119,34
20091120,20
20091121,2
20091122,4
20091123,23
20091124,21
20091125,33
20091126,12
20091127,16
20091128,6
20091129,5
20091130,14
20091201,18
20091202,15
20091203,24
20091204,22
20091205,9
20091206,1
20091207,18
20091208,20
20091209,21
20091210,20
20091211,16
20091212,2
20091213,7
20091214,13
20091215,22
20091216,29
20091217,24
20091218,21
20091219,10
20091220,3
20091221,23
20091222,21
20091223,21
20091224,9
20091225,2
20091226,2
20091227,1
20091228,14
20091229,12
20091230,18
20091231,7
20100101,1
20100102,3
20100103,1
20100104,12
20100105,15
20100106,14
20100107,34
20100108,22
20100109,7
20100110,3
20100111,22
20100112,35
20100113,29
20100114,32
20100115,27
20100116,6
20100117,1
20100118,16
20100119,27
20100120,40
20100121,46
20100122,43
20100123,10
20100124,9
20100125,38
20100126,45
20100127,46
20100128,53
20100129,44
20100130,6
20100131,5
20100201,39
20100202,43
20100203,49
20100204,42
20100205,55
20100206,11
20100207,1
20100208,29
20100209,28
20100210,35
20100211,43
20100212,29
20100213,10
20100214,4
20100215,14
20100216,31
20100217,35
20100218,50
20100219,24
20100220,8
20100221,8
20100222,21
20100223,56
20100224,38
20100225,39
20100226,26
20100227,6
20100228,4
20100301,29
20100302,35
20100303,30
20100304,35
20100305,28
20100306,5
20100307,1
20100308,27
20100309,25
20100310,35
20100311,47
20100312,13
20100313,7
20100314,2
20100315,21
20100316,16
20100317,30
20100318,38
20100319,28
20100320,10
20100321,4
20100322,21
20100323,29
20100324,27
20100325,27
20100326,23
20100327,6
20100328,4
20100329,17
20100330,27
20100331,34
20100401,22
20100402,13
20100403,4
20100404,2
20100405,9
20100406,18
20100407,26
20100408,26
20100409,17
20100410,10
20100411,5
20100412,24
20100413,31
20100414,26
20100415,26
20100416,17
20100417,15
20100418,4
20100419,25
20100420,42
20100421,49
20100422,51
20100423,42
20100424,17
20100425,7
20100426,25
20100427,57
20100428,51
20100429,71
20100430,34
20100501,16
20100502,7
20100503,15
20100504,34
20100505,40
20100506,39
20100507,23
20100508,10
20100509,8
20100510,33
20100511,41
20100512,37
20100513,40
20100514,34
20100515,12
20100516,3
20100517,28
20100518,24
20100519,23
20100520,29
20100521,24
20100522,14
20100523,3
20100524,19
20100525,27
20100526,23
20100527,32
20100528,23
20100529,13
20100530,4
20100531,6
20100601,22
20100602,21
20100603,21
20100604,19
20100605,8
20100606,1
20100607,14
20100608,20
20100609,33
20100610,28
20100611,24
20100612,7
20100613,4
20100614,26
20100615,17
20100616,26
20100617,28
20100618,19
20100619,7
20100620,3
20100621,25
20100622,28
20100623,29
20100624,33
20100625,34
20100626,11
20100627,4
20100628,21
20100629,22
20100630,28
20100701,33
20100702,20
20100703,6
20100704,2
20100705,10
20100706,18
20100707,26
20100708,24
20100709,26
20100710,1
20100711,4
20100712,23
20100713,35
20100714,30
20100715,30
20100716,37
20100717,17
20100718,4
20100719,27
20100720,37
20100721,40
20100722,85
20100723,45
20100724,10
20100725,8
20100726,31
20100727,52
20100728,63
20100729,74
20100730,65
20100731,17
20100801,3
20100802,51
20100803,61
20100804,61
20100805,56
20100806,43
20100807,16
20100808,5
20100809,20
20100810,38
20100811,35
20100812,50
20100813,33
20100814,10
20100815,4
20100816,22
20100817,34
20100818,39
20100819,36
20100820,25
20100821,13
20100822,6
20100823,27
20100824,31
20100825,33
20100826,37
20100827,37
20100828,8
20100829,4
20100830,19
20100831,40
20100901,23
20100902,32
20100903,20
20100904,11
20100905,7
20100906,10
20100907,33
20100908,30
20100909,30
20100910,19
20100911,7
20100913,27
20100914,27
20100915,32
20100916,29
20100917,27
20100918,9
20100919,4
20100920,22
20100921,32
20100922,25
20100923,23
20100924,25
20100925,6
20100926,8
20100927,19
20100928,23
20100929,28
20100930,42
20101001,20
20101002,11
20101003,6
20101004,18
20101005,28
20101006,30
20101007,17
20101008,29
20101009,5
20101010,7
20101011,25
20101012,23
20101013,30
20101014,29
20101015,36
20101016,7
20101017,6
20101018,27
20101019,40
20101020,44
20101021,61
20101022,52
20101023,14
20101024,6
20101025,36
20101026,51
20101027,62
20101028,85
20101029,67
20101030,15
20101031,9
20101101,24
20101102,57
20101103,51
20101104,48
20101105,33
20101106,11
20101107,6
20101108,27
20101109,54
20101110,52
20101111,35
20101112,34
20101113,8
20101114,6
20101115,22
20101116,27
20101117,28
20101118,51
20101119,24
20101120,7
20101121,3
20101122,22
20101123,25
20101124,24
20101125,11
20101126,21
20101127,11
20101128,5
20101129,24
20101130,31
20101201,28
20101202,28
20101203,18
20101204,6
20101205,2
20101206,19
20101207,28
20101208,35
20101209,29
20101210,17
20101211,7
20101212,4
20101213,15
20101214,24
20101215,29
20101216,22
20101217,23
20101218,13
20101219,3
20101220,15
20101221,30
20101222,26
20101223,20
20101224,10
20101226,3
20101227,16
20101228,8
20101229,10
20101230,15
20101231,8
20110101,2
20110102,4
20110103,13
20110104,18
20110105,25
20110106,35
20110107,26
20110108,13
20110109,2
20110110,31
20110111,32
20110112,28
20110113,30
20110114,37
20110115,17
20110116,2
20110117,15
20110118,41
20110119,53
20110120,46
20110121,36
20110122,15
20110123,3
20110124,31
20110125,55
20110126,48
20110127,66
20110128,48
20110129,14
20110130,8
20110131,45
20110201,50
20110202,46
20110203,54
20110204,43
20110205,12
20110206,1
20110207,28
20110208,44
20110209,48
20110210,64
20110211,39
20110212,7
20110213,6
20110214,29
20110215,38
20110216,46
20110217,46
20110218,31
20110219,9
20110220,2
20110221,18
20110222,33
20110223,49
20110224,59
20110225,42
20110226,17
20110227,7
20110228,35
20110301,29
20110302,37
20110303,36
20110304,38
20110305,10
20110306,4
20110307,25
20110308,32
20110309,39
20110310,42
20110311,24
20110312,4
20110313,6
20110314,25
20110315,25
20110316,21
20110317,33
20110318,24
20110319,11
20110320,6
20110321,21
20110322,47
20110323,39
20110324,34
20110325,33
20110326,12
20110327,5
20110328,24
20110329,43
20110330,41
20110331,36
20110401,16
20110402,5
20110403,2
20110404,18
20110405,26
20110406,26
20110407,31
20110408,33
20110409,7
20110410,7
20110411,34
20110412,34
20110413,30
20110414,33
20110415,39
20110416,16
20110417,3
20110418,35
20110419,47
20110420,52
20110421,75
20110422,33
20110423,11
20110424,2
20110425,37
20110426,62
20110427,63
20110428,85
20110429,44
20110430,16
20110501,7
20110502,37
20110503,59
20110504,51
20110505,64
20110506,36
20110507,6
20110508,2
20110509,40
20110510,54
20110511,40
20110512,44
20110513,45
20110514,9
20110515,2
20110516,34
20110517,47
20110518,49
20110519,51
20110520,38
20110521,11
20110522,1
20110523,32
20110524,40
20110525,45
20110526,40
20110527,32
20110528,12
20110529,5
20110530,10
20110531,28
20110601,46
20110602,39
20110603,40
20110604,12
20110605,6
20110606,27
20110607,33
20110608,29
20110609,25
20110610,28
20110611,9
20110612,5
20110613,34
20110614,36
20110615,42
20110616,39
20110617,26
20110618,10
20110619,3
20110620,29
20110621,27
20110622,35
20110623,33
20110624,31
20110625,5
20110626,3
20110627,36
20110628,35
20110629,51
20110630,24
20110701,28
20110702,10
20110703,3
20110704,7
20110705,38
20110706,29
20110707,27
20110708,22
20110709,7
20110710,4
20110711,25
20110712,25
20110713,38
20110714,41
20110715,38
20110716,12
20110717,4
20110718,31
20110719,50
20110720,66
20110721,63
20110722,66
20110723,12
20110724,1
20110725,47
20110726,67
20110727,69
20110728,99
20110729,65
20110730,10
20110731,1
20110801,34
20110802,49
20110803,51
20110804,64
20110805,56
20110806,8
20110807,3
20110808,35
20110809,48
20110810,59
20110811,49
20110812,44
20110813,8
20110814,1
20110815,41
20110816,36
20110817,44
20110818,48
20110819,32
20110820,13
20110821,3
20110822,28
20110823,32
20110824,48
20110825,38
20110826,29
20110827,10
20110828,4
20110829,24
20110830,32
20110831,41
20110901,40
20110902,37
20110903,7
20110904,2
20110905,5
20110906,31
20110907,28
20110908,31
20110909,27
20110910,11
20110911,2
20110912,24
20110913,36
20110914,23
20110915,45
20110916,24
20110917,10
20110918,1
20110919,25
20110920,33
20110921,38
20110922,37
20110923,25
20110924,10
20110925,5
20110926,28
20110927,22
20110928,28
20110929,38
20110930,28
20111001,6
20111002,4
20111003,20
20111004,30
20111005,32
20111006,32
20111007,30
20111008,6
20111009,1
20111010,28
20111011,30
20111012,37
20111013,34
20111014,37
20111015,8
20111017,37
20111018,49
20111019,48
20111020,52
20111021,46
20111022,5
20111023,1
20111024,33
20111025,50
20111026,65
20111027,68
20111028,66
20111029,8
20111030,1
20111031,42
20111101,51
20111102,51
20111103,55
20111104,53
20111105,8
20111106,2
20111107,39
20111108,42
20111109,40
20111110,56
20111111,49
20111112,10
20111113,4
20111114,25
20111115,49
20111116,35
20111117,40
20111118,32
20111119,8
20111120,2
20111121,18
20111122,41
20111123,35
20111124,13
20111125,23
20111126,2
20111127,3
20111128,15
20111129,35
20111130,32
20111201,26
20111202,23
20111203,5
20111204,2
20111205,29
20111206,22
20111207,27
20111208,35
20111209,21
20111210,6
20111211,1
20111212,29
20111213,28
20111214,36
20111215,36
20111216,30
20111217,12
20111218,1
20111219,27
20111220,24
20111221,32
20111222,19
20111223,16
20111224,6
20111225,3
20111226,1
20111227,12
20111228,12
20111229,9
20111230,13
20111231,12
20120101,1
20120102,1
20120103,25
20120104,22
20120105,28
20120106,33
20120107,8
20120108,2
20120109,31
20120110,51
20120111,38
20120112,30
20120113,65
20120114,9
20120115,1
20120116,7
20120117,34
20120118,40
20120119,79
20120120,51
20120121,10
20120122,3
20120123,41
20120124,50
20120125,69
20120126,54
20120127,54
20120128,8
20120129,4
20120130,44
20120131,54
20120201,65
20120202,84
20120203,53
20120204,12
20120205,5
20120206,45
20120207,54
20120208,85
20120209,62
20120210,60
20120211,9
20120212,6
20120213,40
20120214,51
20120215,35
20120216,67
20120217,45
20120218,8
20120219,2
20120220,15
20120221,34
20120222,42
20120223,48
20120224,53
20120225,10
20120226,2
20120227,39
20120228,43
20120229,52
20120301,37
20120302,19
20120303,5
20120304,5
20120305,29
20120306,40
20120307,41
20120308,41
20120309,37
20120310,3
20120311,10
20120312,33
20120313,32
20120314,32
20120315,34
20120316,24
20120317,5
20120318,6
20120319,21
20120320,36
20120321,33
20120322,42
20120323,16
20120325,13
20120326,26
20120327,35
20120328,39
20120329,48
20120330,20
20120331,3
20120401,8
20120402,37
20120403,31
20120404,31
20120405,38
20120406,17
20120407,1
20120408,6
20120409,27
20120410,36
20120411,32
20120412,43
20120413,34
20120414,3
20120415,11
20120416,37
20120417,52
20120418,61
20120419,54
20120420,43
20120421,4
20120422,6
20120423,45
20120424,66
20120425,63
20120426,83
20120427,62
20120428,8
20120429,15
20120430,46
20120501,48
20120502,64
20120503,55
20120504,41
20120505,4
20120506,7
20120507,35
20120508,44
20120509,48
20120510,58
20120511,33
20120512,1
20120513,15
20120514,44
20120515,52
20120516,27
20120517,47
20120518,33
20120519,3
20120520,3
20120521,35
20120522,33
20120523,45
20120524,45
20120525,27
20120526,1
20120527,3
20120528,15
20120529,39
20120530,32
20120531,39
20120601,13
20120603,5
20120604,21
20120605,22
20120606,26
20120607,36
20120608,17
20120609,3
20120610,10
20120611,25
20120612,29
20120613,32
20120614,32
20120615,23
20120616,1
20120617,8
20120618,27
20120619,27
20120620,26
20120621,20
20120622,12
20120624,8
20120625,15
20120626,27
20120627,35
20120628,41
20120629,37
20120630,1
20120701,9
20120702,17
20120703,30
20120704,14
20120705,27
20120706,20
20120707,1
20120708,8
20120709,36
20120710,32
20120711,31
20120712,30
20120713,48
20120714,3
20120715,6
20120716,52
20120717,60
20120718,51
20120719,54
20120720,38
20120721,1
20120722,6
20120723,51
20120724,52
20120725,75
20120726,84
20120727,52
20120729,10
20120730,52
20120731,64
20120801,49
20120802,71
20120803,48
20120804,3
20120805,8
20120806,32
20120807,53
20120808,45
20120809,49
20120810,29
20120811,1
20120812,7
20120813,43
20120814,58
20120815,41
20120816,37
20120817,36
20120818,1
20120819,7
20120820,22
20120821,29
20120822,37
20120823,37
20120824,29
20120825,3
20120826,5
20120827,31
20120828,26
20120829,32
20120830,32
20120831,32
20120901,2
20120902,2
20120903,15
20120904,27
20120905,40
20120906,29
20120907,32
20120908,1
20120909,9
20120910,29
20120911,30
20120912,26
20120913,25
20120914,25
20120916,7
20120917,19
20120918,31
20120919,24
20120920,23
20120921,29
20120922,4
20120923,6
20120924,22
20120925,33
20120926,34
20120927,37
20120928,25
20120929,6
20120930,4
20121001,21
20121002,35
20121003,39
20121004,32
20121005,37
20121006,1
20121007,12
20121008,24
20121009,40
20121010,31
20121011,33
20121012,29
20121013,1
20121014,10
20121015,39
20121016,52
20121017,48
20121018,58
20121019,39
20121020,2
20121021,10
20121022,59
20121023,56
20121024,60
20121025,70
20121026,51
20121027,1
20121028,15
20121029,35
20121030,45
20121031,53
20121101,46
20121102,35
20121104,9
20121105,40
20121106,47
20121107,60
20121108,52
20121109,44
20121110,1
20121111,10
20121112,41
20121113,40
20121114,34
20121115,39
20121116,26
20121117,1
20121118,14
20121119,30
20121120,31
20121121,26
20121122,14
20121123,13
20121125,8
20121126,20
20121127,28
20121128,29
20121129,30
20121130,25
20121202,9
20121203,24
20121204,41
20121205,42
20121206,24
20121207,26
20121208,1
20121209,7
20121210,23
20121211,29
20121212,38
20121213,26
20121214,24
20121215,2
20121216,7
20121217,22
20121218,22
20121219,37
20121220,46
20121221,22
20121223,8
20121224,10
20121225,6
20121226,19
20121227,13
20121228,11
20121229,2
20121230,9
20121231,7
20130101,7
20130102,26
20130103,23
20130104,22
20130105,2
20130106,8
20130107,25
20130108,40
20130109,37
20130110,40
20130111,40
20130112,3
20130113,9
20130114,41
20130115,38
20130116,39
20130117,57
20130118,53
20130119,1
20130120,3
20130121,24
20130122,45
20130123,50
20130124,65
20130125,38
20130127,7
20130128,50
20130129,54
20130130,58
20130131,53
20130201,45
20130202,4
20130203,9
20130204,39
20130205,56
20130206,50
20130207,59
20130208,40
20130209,1
20130210,9
20130211,23
20130212,42
20130213,50
20130214,68
20130215,37
20130216,2
20130217,5
20130218,21
20130219,34
20130220,48
20130221,44
20130222,33
20130224,10
20130225,31
20130226,40
20130227,36
20130228,47
20130301,34
20130302,2
20130303,13
20130304,29
20130305,44
20130306,30
20130307,36
20130308,17
20130309,2
20130310,9
20130311,28
20130312,28
20130313,31
20130314,31
20130315,25
20130317,8
20130318,30
20130319,28
20130320,46
20130321,34
20130322,45
20130323,3
20130324,14
20130325,29
20130326,30
20130327,30
20130328,42
20130329,23
20130331,7
20130401,23
20130402,31
20130403,35
20130404,21
20130405,14
20130406,1
20130407,16
20130408,29
20130409,34
20130410,38
20130411,31
20130412,43
20130414,9
20130415,26
20130416,41
20130417,38
20130418,70
20130419,38
20130420,2
20130421,15
20130422,41
20130423,63
20130424,87
20130425,73
20130426,60
20130427,1
20130428,11
20130429,41
20130430,64
20130501,52
20130502,69
20130503,41
20130505,12
20130506,32
20130507,44
20130508,74
20130509,53
20130510,39
20130511,1
20130512,18
20130513,39
20130514,42
20130515,42
20130516,58
20130517,52
20130518,2
20130519,5
20130520,44
20130521,30
20130522,42
20130523,55
20130524,35
20130526,3
20130527,12
20130528,27
20130529,45
20130530,35
20130531,18
20130601,2
20130602,8
20130603,27
20130604,27
20130605,23
20130606,30
20130607,23
20130608,3
20130609,7
20130610,30
20130611,31
20130612,26
20130613,33
20130614,24
20130616,7
20130617,17
20130618,6
20130619,33
20130620,21
20130621,24
20130622,1
20130623,7
20130624,28
20130625,35
20130626,29
20130627,33
20130628,28
20130630,11
20130701,31
20130702,28
20130703,16
20130704,17
20130705,18
20130707,12
20130708,27
20130709,37
20130710,25
20130711,32
20130712,30
20130714,8
20130715,41
20130716,44
20130717,58
20130718,66
20130719,49
20130720,2
20130721,14
20130722,34
20130723,56
20130724,55
20130725,77
20130726,49
20130727,1
20130728,7
20130729,48
20130730,67
20130731,59
20130801,76
20130802,40
20130803,1
20130804,9
20130805,41
20130806,55
20130807,56
20130808,64
20130809,43
20130810,1
20130811,8
20130812,31
20130813,43
20130814,45
20130815,43
20130816,28
20130817,3
20130818,13
20130819,39
20130820,42
20130821,51
20130822,34
20130823,35
20130824,1
20130825,12
20130826,27
20130827,33
20130828,37
20130829,38
20130830,27
20130831,1
20130901,2
20130902,12
20130903,22
20130904,30
20130905,24
20130906,20
20130907,1
20130908,9
20130909,29
20130910,28
20130911,27
20130912,32
20130913,21
20130915,9
20130916,45
20130917,34
20130918,40
20130919,31
20130920,24
20130921,2
20130922,8
20130923,23
20130924,31
20130925,32
20130926,25
20130927,13
20130928,1
20130929,5
20130930,34
20131001,30
20131002,22
20131003,23
20131004,40
20131005,2
20131006,7
20131007,28
20131008,27
20131009,32
20131010,28
20131011,25
20131012,3
20131013,11
20131014,19
20131015,48
20131016,56
20131017,59
20131018,48
20131019,1
20131020,14
20131021,49
20131022,58
20131023,65
20131024,81
20131025,55
20131026,2
20131027,14
20131028,45
20131029,78
20131030,66
20131031,78
20131101,47
20131103,10
20131104,38
20131105,50
20131106,56
20131107,46
20131108,31
20131109,3
20131110,16
20131111,33
20131112,36
20131113,61
20131114,53
20131115,36
20131116,3
20131117,11
20131118,25
20131119,43
20131120,46
20131121,50
20131122,29
20131123,2
20131124,8
20131125,22
20131126,47
20131127,36
20131128,11
20131129,15
20131130,3
20131201,4
20131202,25
20131203,42
20131204,38
20131205,46
20131206,28
20131207,1
20131208,9
20131209,23
20131210,38
20131211,30
20131212,43
20131213,24
20131214,2
20131215,9
20131216,26
20131217,28
20131218,35
20131219,52
20131220,27
20131222,8
20131223,13
20131224,13
20131225,6
20131226,16
20131227,8
20131228,2
20131229,9
20131230,13
20131231,14
20140101,14
20140102,27
20140103,25
20140104,1
20140105,9
20140106,36
20140107,42
20140108,46
20140109,35
20140110,37
20140111,1
20140112,7
20140113,46
20140114,42
20140115,48
20140116,56
20140117,49
20140118,4
20140119,7
20140120,25
20140121,61
20140122,50
20140123,62
20140124,38
20140125,3
20140126,7
20140127,52
20140128,77
20140129,91
20140130,99
20140131,52
20140201,1
20140202,12
20140203,39
20140204,77
20140205,53
20140206,80
20140207,43
20140208,2
20140209,7
20140210,51
20140211,59
20140212,77
20140213,74
20140214,42
20140215,1
20140216,6
20140217,21
20140218,51
20140219,53
20140220,72
20140221,49
20140222,3
20140223,10
20140224,43
20140225,60
20140226,64
20140227,84
20140228,39
20140301,3
20140302,7
20140303,25
20140304,34
20140305,37
20140306,33
20140307,35
20140308,2
20140309,10
20140310,40
20140311,34
20140312,43
20140313,38
20140314,26
20140315,2
20140316,15
20140317,25
20140318,36
20140319,43
20140320,44
20140321,27
20140322,1
20140323,8
20140324,33
20140325,56
20140326,43
20140327,47
20140328,40
20140330,13
20140331,33
20140401,32
20140402,33
20140403,33
20140404,24
20140405,2
20140406,14
20140407,25
20140408,30
20140409,22
20140410,30
20140411,34
20140413,13
20140414,33
20140415,42
20140416,68
20140417,74
20140418,18
20140419,1
20140420,5
20140421,34
20140422,64
20140423,75
20140424,110
20140425,65
20140426,2
20140427,11
20140428,52
20140429,105
20140430,86
20140501,62
20140502,48
20140503,1
20140504,18
20140505,49
20140506,68
20140507,89
20140508,76
20140509,41
20140510,1
20140511,10
20140512,28
20140513,43
20140514,58
20140515,45
20140516,26
20140518,12
20140519,19
20140520,48
20140521,42
20140522,47
20140523,29
20140525,2
20140526,12
20140527,26
20140528,34
20140529,49
20140530,27
20140601,6
20140602,26
20140603,25
20140604,35
20140605,38
20140606,19
20140608,9
20140609,19
20140610,28
20140611,32
20140612,37
20140613,16
20140614,1
20140615,12
20140616,32
20140617,30
20140618,35
20140619,37
20140620,33
20140621,2
20140622,7
20140623,24
20140624,29
20140625,29
20140626,41
20140627,19
20140629,9
20140630,35
20140701,35
20140702,24
20140703,22
20140704,13
20140706,12
20140707,31
20140708,40
20140709,31
20140710,38
20140711,31
20140713,2
20140714,34
20140715,43
20140716,56
20140717,63
20140718,39
20140719,1
20140720,7
20140721,44
20140722,71
20140723,73
20140724,101
20140725,48
20140726,2
20140727,15
20140728,49
20140729,93
20140730,82
20140731,122
20140801,44
20140802,2
20140803,11
20140804,36
20140805,59
20140806,65
20140807,74
20140808,31
20140810,8
20140811,48
20140812,55
20140813,108
20140814,48
20140815,24
20140817,7
20140818,27
20140819,37
20140820,57
20140821,49
20140822,36
20140823,1
20140824,12
20140825,24
20140826,38
20140827,43
20140828,60
20140829,42
20140830,3
20140831,4
20140901,10
20140902,15
20140903,33
20140904,40
20140905,23
20140906,1
20140907,8
20140908,30
20140909,37
20140910,35
20140911,29
20140912,18
20140914,11
20140915,27
20140916,39
20140917,33
20140918,36
20140919,24
20140920,1
20140921,9
20140922,37
20140923,35
20140924,41
20140925,33
20140926,25
20140927,3
20140928,9
20140929,35
20140930,39
20141001,31
20141002,32
20141003,21
20141005,8
20141006,31
20141007,33
20141008,33
20141009,40
20141010,22
20141011,2
20141012,7
20141013,20
20141014,56
20141015,45
20141016,51
20141017,36
20141018,1
20141019,13
20141020,47
20141021,62
20141022,63
20141023,98
20141024,42
20141025,1
20141026,14
20141027,41
20141028,98
20141029,103
20141030,112
20141031,54
20141101,1
20141102,17
20141103,40
20141104,87
20141105,59
20141106,78
20141107,43
20141108,2
20141109,7
20141110,33
20141111,40
20141112,50
20141113,60
20141114,41
20141115,6
20141116,8
20141117,32
20141118,38
20141119,35
20141120,41
20141121,23
20141123,13
20141124,14
20141125,37
20141126,24
20141127,13
20141128,24
20141129,3
20141130,11
20141201,21
20141202,30
20141203,31
20141204,39
20141205,22
20141207,9
20141208,24
20141209,43
20141210,48
20141211,36
20141212,23
20141214,8
20141215,34
20141216,17
20141217,19
20141218,33
20141219,25
20141220,1
20141221,6
20141222,21
20141223,20
20141224,16
20141225,6
20141226,12
20141227,1
20141228,7
20141229,26
20141230,11
20141231,9
20150101,8
20150102,9
20150103,1
20150104,4
20150105,16
20150106,26
20150107,23
20150108,33
20150109,21
20150111,11
20150112,42
20150113,34
20150114,39
20150115,46
20150116,38
20150117,2
20150118,3
20150119,28
20150120,47
20150121,48
20150122,56
20150123,32
20150125,6
20150126,49
20150127,61
20150128,82
20150129,106
20150130,54
20150131,1
20150201,11
20150202,38
20150203,66
20150204,66
20150205,86
20150206,33
20150207,5
20150208,11
20150209,24
20150210,54
20150211,76
20150212,82
20150213,38
20150214,2
20150215,6
20150216,19
20150217,54
20150218,42
20150219,47
20150220,28
20150222,15
20150223,32
20150224,56
20150225,54
20150226,57
20150227,46
20150228,5
20150301,9
20150302,30
20150303,43
20150304,41
20150305,38
20150306,26
20150307,2
20150308,9
20150309,29
20150310,30
20150311,34
20150312,52
20150313,29
20150315,10
20150316,21
20150317,34
20150318,46
20150319,33
20150320,19
20150321,2
20150322,9
20150323,28
20150324,40
20150325,39
20150326,38
20150327,29
20150329,8
20150330,33
20150331,32
20150401,31
20150402,27
20150403,16
20150404,1
20150405,4
20150406,20
20150407,32
20150408,27
20150409,33
20150410,21
20150412,12
20150413,20
20150414,50
20150415,47
20150416,52
20150417,29
20150418,2
20150419,14
20150420,48
20150421,74
20150422,78
20150423,81
20150424,46
20150426,13
20150427,46
20150428,96
20150429,88
20150430,113
