20050131,2
20050203,1
20050207,1
20050223,1
20050309,1
20050314,1
20050412,1
20050415,1
20050426,2
20050429,1
20050502,1
20050510,1
20050518,1
20050524,1
20050614,1
20050617,1
20050621,1
20050627,1
20050628,2
20050728,1
20050810,1
20050812,1
20050909,1
20050922,1
20050923,1
20050926,1
20050930,1
20051010,1
20051013,1
20051020,1
20051114,1
20051116,1
20051117,1
20051201,1
20051214,1
20060123,1
20060130,1
20060201,1
20060206,1
20060223,1
20060309,1
20060403,1
20060428,1
20060504,1
20060505,1
20060518,2
20060526,1
20060603,1
20060607,1
20060608,1
20060609,1
20060614,2
20060616,1
20060711,1
20060727,1
20060728,1
20060816,1
20060828,1
20060913,1
20060920,1
20060925,1
20061024,1
20061109,1
20061127,1
20061128,1
20061208,1
20061218,1
20061221,1
20070103,1
20070120,1
20070201,1
20070208,1
20070410,1
20070411,1
20070425,2
20070518,1
20070611,1
20070613,1
20070614,1
20070630,1
20070717,1
20070730,1
20070810,1
20070831,1
20070917,1
20071113,1
20080122,9
20080213,1
20080219,1
20080305,1
20080323,1
20080407,1
20080418,5
20080424,1
20080425,1
20080508,1
20080509,1
20080716,1
20080718,1
20080721,1
20080905,1
20080924,1
20080927,1
20081006,1
20081010,1
20081024,1
20081116,1
20081121,1
20090123,1
20090128,3
20090130,1
20090214,1
20090318,1
20090324,1
20090407,1
20090415,1
20090424,1
20090427,1
20090518,1
20090724,2
20090824,1
20090918,1
20091112,1
20091221,1
20091228,1
20100108,1
20100122,1
20100128,1
20100201,1
20100209,1
20100216,2
20100223,1
20100225,1
20100302,1
20100311,1
20100331,1
20100601,1
20100719,1
20100829,1
20100912,1
20100913,1
20100929,1
20100930,1
20101008,1
20101014,1
20101022,1
20101028,1
20101111,1
20101220,1
20110106,1
20110323,1
20110427,1
20110523,1
20110601,1
20110625,1
20110628,1
20110629,1
20110714,1
20110902,1
20110916,1
20111024,1
20111031,1
20111205,1
20120103,1
20120123,1
20120209,1
20120211,1
20120327,1
20120413,1
20120503,2
20120507,1
20120717,1
20120723,1
20120823,1
20121011,1
20121019,1
20121023,1
20121101,1
20121108,1
20121123,1
20130108,1
20130124,1
20130205,1
20130218,1
20130425,1
20130501,1
20130515,1
20130523,1
20130612,2
20130722,1
20130823,2
20130825,1
20131020,1
20131021,1
20131024,1
20131107,1
20131203,1
20131212,1
20140115,1
20140123,1
20140128,1
20140228,1
20140304,1
20140318,1
20140320,1
20140321,1
20140327,1
20140417,1
20140423,1
20140424,1
20140425,1
20140505,1
20140516,3
20140523,2
20140527,1
20140530,1
20140602,1
20140702,1
20140704,1
20140715,1
20140716,1
20140720,1
20140724,2
20140728,1
20140809,1
20140818,2
20140828,1
20140925,2
20140926,1
20141002,1
20141006,1
20141023,2
20141104,1
20141105,1
20141106,1
20141107,4
20141209,1
20150107,1
20150109,1
20150127,1
20150129,2
20150206,1
20150217,1
20150330,1
20150420,4
20150421,1
20150429,1
