20050102,1
20050103,20
20050104,14
20050105,23
20050106,19
20050107,19
20050110,19
20050111,27
20050112,31
20050113,22
20050114,22
20050116,3
20050117,23
20050118,20
20050119,37
20050120,39
20050121,29
20050123,5
20050124,34
20050125,30
20050126,42
20050127,38
20050128,50
20050130,6
20050131,34
20050201,36
20050202,37
20050203,28
20050204,29
20050206,4
20050207,25
20050208,36
20050209,33
20050210,23
20050211,30
20050213,3
20050214,28
20050215,33
20050216,31
20050217,27
20050218,35
20050220,3
20050221,8
20050222,25
20050223,27
20050224,24
20050225,35
20050227,3
20050228,28
20050301,34
20050302,37
20050303,24
20050304,27
20050306,6
20050307,25
20050308,29
20050309,21
20050310,27
20050311,23
20050313,2
20050314,30
20050315,24
20050316,31
20050317,26
20050318,30
20050320,2
20050321,26
20050322,30
20050323,19
20050324,20
20050325,27
20050327,2
20050328,15
20050329,21
20050330,27
20050331,22
20050401,22
20050403,4
20050404,15
20050405,20
20050406,24
20050407,21
20050408,16
20050409,1
20050410,5
20050411,27
20050412,25
20050413,30
20050414,23
20050415,38
20050416,1
20050417,4
20050418,35
20050419,34
20050420,43
20050421,34
20050422,32
20050423,2
20050424,2
20050425,28
20050426,27
20050427,47
20050428,34
20050429,40
20050501,2
20050502,32
20050503,26
20050504,37
20050505,29
20050506,29
20050508,2
20050509,22
20050510,33
20050511,29
20050512,27
20050513,30
20050515,3
20050516,30
20050517,24
20050518,19
20050519,18
20050520,18
20050523,30
20050524,20
20050525,21
20050526,24
20050527,23
20050529,1
20050530,5
20050531,19
20050601,13
20050602,23
20050603,27
20050605,1
20050606,17
20050607,20
20050608,19
20050609,24
20050610,22
20050612,2
20050613,20
20050614,18
20050615,24
20050616,26
20050617,25
20050620,17
20050621,21
20050622,30
20050623,24
20050624,25
20050626,2
20050627,21
20050628,21
20050629,20
20050630,30
20050701,23
20050703,1
20050704,4
20050705,23
20050706,17
20050707,14
20050708,11
20050711,15
20050712,21
20050713,21
20050714,23
20050715,23
20050717,3
20050718,22
20050719,33
20050720,38
20050721,35
20050722,31
20050723,1
20050724,4
20050725,16
20050726,28
20050727,48
20050728,41
20050729,31
20050731,4
20050801,31
20050802,26
20050803,36
20050804,29
20050805,30
20050807,4
20050808,20
20050809,28
20050810,39
20050811,32
20050812,32
20050814,3
20050815,22
20050816,25
20050817,34
20050818,17
20050819,35
20050821,1
20050822,15
20050823,30
20050824,21
20050825,28
20050826,27
20050828,2
20050829,25
20050830,17
20050831,23
20050901,22
20050902,17
20050903,2
20050904,3
20050905,4
20050906,20
20050907,31
20050908,32
20050909,25
20050910,2
20050911,4
20050912,22
20050913,23
20050914,24
20050915,24
20050916,23
20050917,3
20050919,24
20050920,29
20050921,22
20050922,25
20050923,18
20050924,10
20050925,1
20050926,20
20050927,19
20050928,26
20050929,23
20050930,23
20051001,6
20051002,1
20051003,19
20051004,18
20051005,15
20051006,21
20051007,24
20051008,5
20051009,2
20051010,15
20051011,33
20051012,26
20051013,20
20051014,23
20051015,8
20051016,3
20051017,28
20051018,33
20051019,40
20051020,39
20051021,45
20051022,11
20051023,4
20051024,23
20051025,24
20051026,46
20051027,50
20051028,30
20051029,5
20051030,3
20051031,25
20051101,31
20051102,35
20051103,34
20051104,27
20051105,11
20051106,3
20051107,13
20051108,26
20051109,36
20051110,39
20051111,29
20051112,8
20051113,4
20051114,21
20051115,22
20051116,31
20051117,32
20051118,26
20051119,8
20051120,1
20051121,14
20051122,19
20051123,25
20051124,9
20051125,20
20051126,8
20051127,2
20051128,11
20051129,22
20051130,24
20051201,21
20051202,17
20051203,9
20051204,1
20051205,15
20051206,24
20051207,25
20051208,29
20051209,26
20051210,5
20051211,4
20051212,17
20051213,18
20051214,23
20051215,19
20051216,29
20051217,10
20051218,2
20051219,19
20051220,24
20051221,29
20051222,23
20051223,16
20051224,10
20051225,2
20051226,1
20051227,13
20051228,20
20051229,15
20051230,17
20051231,6
20060103,15
20060104,16
20060105,23
20060106,14
20060107,9
20060108,2
20060109,16
20060110,25
20060111,28
20060112,23
20060113,24
20060114,11
20060115,3
20060116,9
20060117,14
20060118,34
20060119,29
20060120,37
20060121,8
20060122,3
20060123,18
20060124,27
20060125,41
20060126,34
20060127,39
20060128,15
20060129,6
20060130,19
20060131,29
20060201,34
20060202,31
20060203,30
20060204,16
20060205,5
20060206,22
20060207,33
20060208,39
20060209,37
20060210,25
20060211,20
20060213,25
20060214,18
20060215,35
20060216,31
20060217,34
20060218,9
20060219,3
20060220,6
20060221,19
20060222,31
20060223,39
20060224,34
20060225,9
20060226,2
20060227,25
20060228,40
20060301,35
20060302,29
20060303,23
20060304,16
20060305,3
20060306,25
20060307,22
20060308,35
20060309,29
20060310,26
20060311,10
20060312,2
20060313,23
20060314,21
20060315,23
20060316,24
20060317,30
20060318,8
20060319,1
20060320,16
20060321,21
20060322,29
20060323,30
20060324,26
20060325,7
20060326,3
20060327,18
20060328,18
20060329,22
20060330,25
20060331,25
20060401,12
20060402,3
20060403,24
20060404,24
20060405,27
20060406,19
20060407,28
20060408,7
20060409,3
20060410,14
20060411,17
20060412,25
20060413,33
20060414,17
20060415,12
20060416,3
20060417,22
20060418,25
20060419,35
20060420,42
20060421,45
20060422,19
20060423,3
20060424,21
20060425,37
20060426,41
20060427,35
20060428,39
20060429,9
20060430,1
20060501,20
20060502,25
20060503,40
20060504,36
20060505,37
20060506,16
20060507,2
20060508,23
20060509,29
20060510,44
20060511,36
20060512,26
20060513,10
20060514,1
20060515,20
20060516,22
20060517,29
20060518,19
20060519,29
20060520,9
20060521,1
20060522,21
20060523,13
20060524,34
20060525,30
20060526,25
20060527,10
20060528,2
20060529,1
20060530,17
20060531,19
20060601,28
20060602,21
20060603,8
20060604,1
20060605,16
20060606,23
20060607,23
20060608,16
20060609,19
20060610,11
20060611,1
20060612,15
20060613,25
20060614,23
20060615,22
20060616,25
20060617,6
20060619,22
20060620,16
20060621,34
20060622,24
20060623,22
20060624,7
20060625,2
20060626,22
20060627,18
20060628,18
20060629,23
20060630,17
20060701,5
20060703,8
20060704,5
20060705,13
20060706,25
20060707,19
20060708,13
20060709,4
20060710,16
20060711,24
20060712,36
20060713,23
20060714,26
20060715,9
20060716,3
20060717,17
20060718,23
20060719,43
20060720,37
20060721,41
20060722,11
20060723,3
20060724,15
20060725,40
20060726,42
20060727,46
20060728,37
20060729,10
20060730,2
20060731,24
20060801,40
20060802,46
20060803,36
20060804,36
20060805,12
20060806,1
20060807,18
20060808,26
20060809,38
20060810,32
20060811,22
20060812,11
20060813,2
20060814,19
20060815,27
20060816,25
20060817,19
20060818,30
20060819,12
20060820,2
20060821,21
20060822,32
20060823,29
20060824,34
20060825,19
20060826,9
20060827,1
20060828,16
20060829,19
20060830,20
20060831,24
20060901,22
20060902,7
20060903,3
20060904,7
20060905,13
20060906,29
20060907,29
20060908,21
20060909,6
20060910,3
20060911,23
20060912,26
20060913,28
20060914,22
20060915,18
20060916,15
20060917,3
20060918,23
20060919,19
20060920,35
20060921,20
20060922,17
20060923,6
20060924,3
20060925,22
20060926,19
20060927,22
20060928,25
20060929,22
20060930,12
20061001,1
20061002,15
20061003,17
20061004,16
20061005,18
20061006,14
20061007,13
20061009,19
20061010,27
20061011,31
20061012,32
20061013,13
20061014,13
20061015,1
20061016,28
20061017,22
20061018,38
20061019,42
20061020,40
20061021,11
20061022,2
20061023,28
20061024,27
20061025,41
20061026,35
20061027,44
20061028,11
20061029,3
20061030,25
20061031,23
20061101,40
20061102,38
20061103,37
20061104,7
20061105,2
20061106,21
20061107,22
20061108,34
20061109,32
20061110,29
20061111,8
20061112,2
20061113,21
20061114,25
20061115,30
20061116,26
20061117,19
20061118,11
20061119,2
20061120,14
20061121,25
20061122,28
20061123,7
20061124,17
20061125,7
20061126,1
20061127,9
20061128,19
20061129,25
20061130,22
20061201,19
20061202,8
20061203,2
20061204,22
20061205,24
20061206,24
20061207,21
20061208,18
20061209,9
20061210,1
20061211,17
20061212,24
20061213,31
20061214,18
20061215,25
20061216,9
20061217,5
20061218,22
20061219,28
20061220,31
20061221,20
20061222,19
20061223,16
20061224,1
20061226,12
20061227,18
20061228,13
20061229,12
20061230,8
20061231,3
20070101,2
20070102,15
20070103,21
20070104,17
20070105,19
20070106,14
20070107,1
20070108,20
20070109,36
20070110,41
20070111,33
20070112,31
20070113,8
20070114,3
20070115,3
20070116,27
20070117,28
20070118,32
20070119,23
20070120,15
20070121,1
20070122,28
20070123,32
20070124,38
20070125,41
20070126,36
20070127,10
20070128,3
20070129,25
20070130,30
20070131,41
20070201,40
20070202,35
20070203,14
20070204,3
20070205,27
20070206,39
20070207,37
20070208,36
20070209,39
20070210,10
20070211,3
20070212,20
20070213,16
20070214,33
20070215,29
20070216,35
20070217,9
20070218,1
20070219,4
20070220,21
20070221,27
20070222,15
20070223,20
20070224,11
20070225,2
20070226,23
20070227,25
20070228,30
20070301,36
20070302,25
20070303,10
20070304,2
20070305,20
20070306,22
20070307,28
20070308,28
20070309,24
20070310,9
20070311,3
20070312,19
20070313,24
20070314,32
20070315,29
20070316,27
20070317,13
20070318,2
20070319,19
20070320,20
20070321,26
20070322,31
20070323,34
20070324,10
20070325,3
20070326,23
20070327,29
20070328,30
20070329,31
20070330,28
20070331,8
20070401,3
20070402,22
20070403,23
20070404,22
20070405,19
20070406,16
20070407,8
20070408,2
20070409,18
20070410,28
20070411,25
20070412,32
20070413,32
20070414,18
20070415,3
20070416,20
20070417,35
20070418,38
20070419,35
20070420,42
20070421,12
20070422,2
20070423,33
20070424,41
20070425,48
20070426,48
20070427,41
20070428,15
20070429,2
20070430,35
20070501,28
20070502,28
20070503,45
20070504,26
20070505,12
20070506,2
20070507,23
20070508,33
20070509,48
20070510,34
20070511,27
20070512,8
20070513,2
20070514,27
20070515,36
20070516,43
20070517,31
20070518,18
20070519,9
20070520,1
20070521,28
20070522,20
20070523,33
20070524,29
20070525,19
20070526,7
20070527,2
20070528,5
20070529,25
20070530,29
20070531,33
20070601,25
20070602,6
20070603,3
20070604,23
20070605,26
20070606,28
20070607,21
20070608,25
20070609,10
20070610,6
20070611,21
20070612,27
20070613,26
20070614,20
20070615,19
20070616,13
20070617,1
20070618,14
20070619,28
20070620,32
20070621,21
20070622,18
20070623,9
20070624,2
20070625,24
20070626,22
20070627,24
20070628,20
20070629,24
20070630,6
20070701,2
20070702,22
20070703,23
20070704,7
20070705,13
20070706,15
20070707,10
20070708,2
20070709,16
20070710,15
20070711,18
20070712,23
20070713,25
20070714,6
20070715,2
20070716,14
20070717,26
20070718,29
20070719,33
20070720,39
20070721,13
20070722,2
20070723,19
20070724,27
20070725,54
20070726,47
20070727,36
20070728,10
20070729,2
20070730,28
20070731,47
20070801,37
20070802,36
20070803,30
20070804,14
20070805,3
20070806,14
20070807,19
20070808,32
20070809,32
20070810,27
20070811,6
20070812,3
20070813,17
20070814,18
20070815,28
20070816,22
20070817,22
20070818,8
20070819,2
20070820,14
20070821,23
20070822,27
20070823,27
20070824,22
20070825,8
20070826,5
20070827,21
20070828,23
20070829,29
20070830,31
20070831,25
20070901,7
20070902,3
20070903,9
20070904,20
20070905,22
20070906,19
20070907,27
20070908,4
20070909,3
20070910,16
20070911,19
20070912,25
20070913,25
20070914,21
20070915,12
20070916,2
20070917,20
20070918,17
20070919,23
20070920,28
20070921,22
20070922,9
20070923,2
20070924,18
20070925,26
20070926,18
20070927,29
20070928,16
20070929,7
20070930,1
20071001,21
20071002,25
20071003,11
20071004,22
20071005,27
20071006,8
20071007,3
20071008,24
20071009,31
20071010,27
20071011,24
20071012,31
20071013,14
20071014,1
20071015,23
20071016,31
20071017,35
20071018,34
20071019,41
20071020,16
20071021,2
20071022,22
20071023,40
20071024,40
20071025,48
20071026,36
20071027,15
20071029,25
20071030,27
20071031,33
20071101,45
20071102,42
20071103,9
20071104,3
20071105,23
20071106,33
20071107,35
20071108,46
20071109,39
20071110,13
20071112,29
20071113,25
20071114,34
20071115,35
20071116,32
20071117,5
20071118,1
20071119,20
20071120,30
20071121,20
20071122,8
20071123,13
20071124,5
20071125,3
20071126,19
20071127,23
20071128,18
20071129,27
20071130,27
20071201,9
20071202,1
20071203,21
20071204,20
20071205,28
20071206,24
20071207,26
20071208,7
20071209,1
20071210,16
20071211,20
20071212,25
20071213,33
20071214,21
20071215,8
20071216,2
20071217,18
20071218,28
20071219,34
20071220,37
20071221,29
20071222,15
20071223,1
20071224,12
20071225,1
20071226,19
20071227,15
20071228,10
20071229,6
20071230,1
20071231,11
20080102,19
20080103,24
20080104,19
20080105,6
20080106,2
20080107,16
20080108,25
20080109,27
20080110,19
20080111,13
20080112,10
20080113,2
20080114,26
20080115,35
20080116,43
20080117,38
20080118,27
20080119,8
20080120,2
20080121,5
20080122,33
20080123,36
20080124,37
20080125,36
20080126,7
20080127,3
20080128,26
20080129,48
20080130,45
20080131,40
20080201,36
20080202,9
20080203,2
20080204,30
20080205,38
20080206,38
20080207,40
20080208,28
20080209,12
20080210,1
20080211,27
20080212,34
20080213,36
20080214,30
20080215,34
20080216,9
20080217,2
20080218,4
20080219,25
20080220,28
20080221,31
20080222,28
20080223,9
20080224,2
20080225,33
20080226,39
20080227,31
20080228,25
20080229,26
20080301,14
20080302,2
20080303,18
20080304,21
20080305,33
20080306,27
20080307,23
20080308,5
20080309,2
20080310,19
20080311,22
20080312,27
20080313,27
20080314,24
20080315,7
20080316,3
20080317,26
20080318,23
20080319,28
20080320,24
20080321,13
20080322,5
20080324,12
20080325,19
20080326,27
20080327,25
20080328,26
20080329,7
20080330,2
20080331,22
20080401,16
20080402,20
20080403,16
20080404,31
20080405,8
20080406,3
20080407,21
20080408,30
20080409,42
20080410,26
20080411,25
20080412,13
20080413,3
20080414,25
20080415,36
20080416,52
20080417,45
20080418,39
20080419,11
20080420,1
20080421,26
20080422,43
20080423,37
20080424,56
20080425,43
20080426,13
20080427,2
20080428,24
20080429,34
20080430,47
20080501,46
20080502,30
20080503,10
20080504,4
20080505,25
20080506,36
20080507,53
20080508,34
20080509,40
20080510,7
20080511,3
20080512,23
20080513,25
20080514,27
20080515,25
20080516,20
20080517,13
20080519,27
20080520,30
20080521,28
20080522,24
20080523,27
20080524,6
20080525,3
20080526,4
20080527,15
20080528,23
20080529,39
20080530,25
20080531,5
20080602,23
20080603,18
20080604,30
20080605,19
20080606,17
20080607,7
20080608,2
20080609,21
20080610,22
20080611,23
20080612,19
20080613,21
20080614,7
20080615,2
20080616,29
20080617,25
20080618,31
20080619,41
20080620,22
20080621,10
20080622,1
20080623,17
20080624,19
20080625,26
20080626,29
20080627,20
20080628,11
20080629,1
20080630,17
20080701,23
20080702,17
20080703,30
20080704,5
20080705,8
20080707,21
20080708,22
20080709,34
20080710,28
20080711,31
20080712,10
20080713,3
20080714,20
20080715,27
20080716,28
20080717,43
20080718,31
20080719,12
20080720,1
20080721,20
20080722,30
20080723,45
20080724,42
20080725,48
20080726,11
20080727,2
20080728,28
20080729,25
20080730,41
20080731,40
20080801,48
20080802,24
20080804,22
20080805,41
20080806,44
20080807,53
20080808,34
20080809,10
20080811,30
20080812,32
20080813,31
20080814,41
20080815,26
20080816,8
20080817,2
20080818,15
20080819,23
20080820,31
20080821,39
20080822,26
20080823,8
20080824,1
20080825,12
20080826,26
20080827,31
20080828,35
20080829,27
20080830,12
20080831,1
20080901,4
20080902,22
20080903,21
20080904,29
20080905,22
20080906,16
20080907,4
20080908,20
20080909,17
20080910,23
20080911,21
20080912,23
20080913,11
20080914,1
20080915,24
20080916,16
20080917,30
20080918,26
20080919,24
20080920,4
20080921,1
20080922,8
20080923,19
20080924,20
20080925,20
20080926,18
20080927,7
20080928,3
20080929,14
20080930,14
20081001,22
20081002,20
20081003,25
20081004,8
20081006,12
20081007,23
20081008,25
20081009,19
20081010,10
20081011,4
20081012,2
20081013,16
20081014,20
20081015,30
20081016,28
20081017,32
20081018,10
20081019,3
20081020,13
20081021,38
20081022,34
20081023,39
20081024,29
20081025,12
20081026,1
20081027,19
20081028,33
20081029,39
20081030,42
20081031,40
20081101,7
20081102,4
20081103,16
20081104,24
20081105,34
20081106,39
20081107,30
20081108,17
20081109,2
20081110,19
20081111,33
20081112,39
20081113,46
20081114,36
20081115,7
20081116,1
20081117,15
20081118,26
20081119,30
20081120,25
20081121,22
20081122,8
20081123,4
20081124,8
20081125,9
20081126,18
20081127,8
20081128,13
20081129,5
20081130,2
20081201,8
20081202,18
20081203,26
20081204,20
20081205,27
20081206,5
20081207,4
20081208,22
20081209,28
20081210,24
20081211,20
20081212,24
20081213,6
20081214,1
20081215,14
20081216,24
20081217,29
20081218,31
20081219,20
20081220,10
20081221,4
20081222,16
20081223,26
20081224,23
20081226,15
20081227,4
20081228,1
20081229,5
20081230,10
20081231,10
20090101,2
20090102,12
20090103,7
20090104,2
20090105,14
20090106,15
20090107,33
20090108,35
20090109,23
20090110,3
20090111,1
20090112,22
20090113,22
20090114,34
20090115,24
20090116,25
20090117,11
20090118,1
20090119,5
20090120,30
20090121,27
20090122,44
20090123,40
20090124,14
20090125,2
20090126,23
20090127,28
20090128,36
20090129,36
20090130,41
20090131,16
20090201,3
20090202,24
20090203,36
20090204,40
20090205,47
20090206,35
20090207,11
20090208,2
20090209,23
20090210,35
20090211,40
20090212,34
20090213,32
20090214,14
20090215,6
20090216,8
20090217,32
20090218,30
20090219,40
20090220,36
20090221,13
20090222,2
20090223,24
20090224,30
20090225,35
20090226,44
20090227,49
20090228,4
20090302,27
20090303,33
20090304,41
20090305,24
20090306,26
20090307,8
20090308,2
20090309,33
20090310,28
20090311,37
20090312,39
20090313,21
20090314,3
20090316,21
20090317,30
20090318,36
20090319,28
20090320,36
20090321,12
20090322,1
20090323,21
20090324,23
20090325,34
20090326,28
20090327,34
20090328,7
20090329,4
20090330,17
20090331,23
20090401,28
20090402,21
20090403,30
20090404,11
20090405,3
20090406,20
20090407,34
20090408,33
20090409,24
20090410,24
20090411,6
20090412,2
20090413,26
20090414,29
20090415,38
20090416,38
20090417,39
20090418,10
20090419,2
20090420,33
20090421,38
20090422,57
20090423,69
20090424,38
20090425,15
20090426,2
20090427,15
20090428,50
20090429,47
20090430,44
20090501,35
20090502,12
20090503,1
20090504,24
20090505,42
20090506,40
20090507,46
20090508,45
20090509,15
20090510,3
20090511,25
20090512,43
20090513,41
20090514,38
20090515,46
20090516,7
20090517,1
20090518,24
20090519,34
20090520,33
20090521,24
20090522,29
20090523,11
20090524,2
20090525,10
20090526,33
20090527,29
20090528,32
20090529,23
20090530,11
20090531,1
20090601,17
20090602,31
20090603,25
20090604,27
20090605,21
20090606,3
20090607,3
20090608,18
20090609,19
20090610,17
20090611,17
20090612,23
20090613,4
20090614,2
20090615,15
20090616,22
20090617,25
20090618,22
20090619,23
20090620,14
20090621,1
20090622,24
20090623,22
20090624,19
20090625,28
20090626,23
20090627,13
20090628,2
20090629,17
20090630,22
20090701,21
20090702,24
20090703,23
20090704,5
20090706,17
20090707,21
20090708,22
20090709,26
20090710,19
20090711,10
20090712,5
20090713,23
20090714,28
20090715,39
20090716,31
20090717,36
20090718,7
20090720,29
20090721,33
20090722,49
20090723,54
20090724,54
20090725,10
20090726,3
20090727,25
20090728,40
20090729,45
20090730,71
20090731,52
20090801,11
20090802,3
20090803,25
20090804,20
20090805,60
20090806,45
20090807,45
20090808,5
20090809,3
20090810,21
20090811,26
20090812,30
20090813,31
20090814,37
20090815,10
20090816,1
20090817,26
20090818,30
20090819,32
20090820,40
20090821,28
20090822,6
20090823,3
20090824,26
20090825,15
20090826,30
20090827,34
20090828,42
20090829,12
20090830,2
20090831,27
20090901,33
20090902,32
20090903,23
20090904,26
20090905,9
20090906,3
20090907,9
20090908,22
20090909,18
20090910,23
20090911,34
20090912,14
20090913,5
20090914,23
20090915,20
20090916,36
20090917,28
20090918,25
20090919,12
20090921,19
20090922,21
20090923,26
20090924,29
20090925,31
20090926,8
20090927,5
20090928,23
20090929,32
20090930,29
20091001,25
20091002,15
20091003,8
20091004,1
20091005,21
20091006,27
20091007,21
20091008,40
20091009,29
20091010,8
20091011,11
20091012,23
20091013,29
20091014,31
20091015,38
20091016,39
20091017,11
20091018,2
20091019,34
20091020,51
20091021,60
20091022,53
20091023,52
20091024,13
20091025,11
20091026,35
20091027,52
20091028,57
20091029,66
20091030,46
20091031,10
20091101,3
20091102,26
20091103,33
20091104,45
20091105,56
20091106,35
20091107,3
20091108,4
20091109,36
20091110,39
20091111,34
20091112,37
20091113,35
20091114,9
20091115,10
20091116,38
20091117,28
20091118,33
20091119,41
20091120,23
20091121,3
20091122,7
20091123,39
20091124,31
20091125,42
20091126,10
20091127,20
20091128,5
20091129,4
20091130,25
20091201,29
20091202,24
20091203,28
20091204,25
20091205,9
20091206,5
20091207,22
20091208,41
20091209,29
20091210,32
20091211,26
20091212,4
20091213,9
20091214,20
20091215,28
20091216,36
20091217,31
20091218,28
20091219,8
20091220,4
20091221,25
20091222,33
20091223,22
20091224,21
20091225,3
20091226,3
20091228,15
20091229,21
20091230,18
20091231,17
20100101,1
20100102,10
20100103,4
20100104,17
20100105,25
20100106,26
20100107,33
20100108,26
20100109,14
20100110,3
20100111,22
20100112,36
20100113,37
20100114,38
20100115,39
20100116,14
20100117,4
20100118,21
20100119,39
20100120,58
20100121,51
20100122,40
20100123,13
20100124,7
20100125,37
20100126,45
20100127,52
20100128,67
20100129,43
20100130,13
20100131,9
20100201,44
20100202,52
20100203,46
20100204,54
20100205,49
20100206,10
20100207,9
20100208,34
20100209,34
20100210,44
20100211,54
20100212,29
20100213,7
20100214,5
20100215,12
20100216,29
20100217,41
20100218,48
20100219,30
20100220,9
20100221,9
20100222,37
20100223,55
20100224,48
20100225,53
20100226,46
20100227,9
20100228,6
20100301,39
20100302,40
20100303,38
20100304,31
20100305,33
20100306,5
20100307,8
20100308,27
20100309,35
20100310,30
20100311,54
20100312,23
20100313,13
20100314,10
20100315,21
20100316,22
20100317,37
20100318,43
20100319,32
20100320,9
20100321,4
20100322,33
20100323,41
20100324,32
20100325,29
20100326,22
20100327,6
20100328,8
20100329,18
20100330,34
20100331,27
20100401,34
20100402,13
20100403,5
20100404,3
20100405,20
20100406,15
20100407,26
20100408,31
20100409,22
20100410,9
20100411,5
20100412,30
20100413,30
20100414,20
20100415,32
20100416,23
20100417,16
20100418,6
20100419,27
20100420,48
20100421,46
20100422,49
20100423,35
20100424,17
20100425,9
20100426,31
20100427,48
20100428,59
20100429,77
20100430,40
20100501,14
20100502,11
20100503,18
20100504,43
20100505,48
20100506,58
20100507,18
20100508,15
20100509,5
20100510,30
20100511,38
20100512,37
20100513,41
20100514,22
20100515,18
20100516,8
20100517,32
20100518,27
20100519,33
20100520,26
20100521,32
20100522,18
20100523,5
20100524,18
20100525,26
20100526,28
20100527,30
20100528,23
20100529,14
20100530,2
20100531,9
20100601,24
20100602,34
20100603,37
20100604,20
20100605,19
20100607,21
20100608,31
20100609,41
20100610,38
20100611,26
20100612,9
20100613,5
20100614,31
20100615,28
20100616,36
20100617,37
20100618,32
20100619,6
20100620,5
20100621,35
20100622,30
20100623,32
20100624,32
20100625,29
20100626,14
20100627,4
20100628,21
20100629,27
20100630,34
20100701,43
20100702,32
20100703,9
20100704,4
20100705,11
20100706,26
20100707,28
20100708,26
20100709,32
20100710,12
20100711,1
20100712,27
20100713,42
20100714,36
20100715,47
20100716,31
20100717,19
20100718,4
20100719,24
20100720,48
20100721,47
20100722,69
20100723,59
20100724,13
20100725,7
20100726,35
20100727,49
20100728,74
20100729,81
20100730,55
20100731,14
20100801,4
20100802,34
20100803,59
20100804,55
20100805,45
20100806,38
20100807,15
20100808,7
20100809,27
20100810,40
20100811,35
20100812,54
20100813,29
20100814,11
20100815,8
20100816,36
20100817,39
20100818,47
20100819,36
20100820,32
20100821,11
20100822,9
20100823,28
20100824,28
20100825,34
20100826,41
20100827,38
20100828,15
20100829,8
20100830,21
20100831,41
20100901,38
20100902,33
20100903,22
20100904,11
20100905,7
20100906,17
20100907,32
20100908,39
20100909,27
20100910,28
20100911,12
20100912,2
20100913,28
20100914,35
20100915,37
20100916,40
20100917,37
20100918,10
20100919,8
20100920,23
20100921,37
20100922,37
20100923,30
20100924,34
20100925,10
20100926,8
20100927,31
20100928,30
20100929,33
20100930,37
20101001,29
20101002,5
20101003,7
20101004,37
20101005,43
20101006,41
20101007,28
20101008,33
20101009,8
20101010,10
20101011,30
20101012,41
20101013,51
20101014,35
20101015,48
20101016,13
20101017,11
20101018,47
20101019,62
20101020,65
20101021,63
20101022,62
20101023,13
20101024,6
20101025,46
20101026,67
20101027,60
20101028,83
20101029,64
20101030,13
20101031,5
20101101,39
20101102,54
20101103,52
20101104,40
20101105,43
20101106,12
20101107,7
20101108,40
20101109,64
20101110,53
20101111,49
20101112,41
20101113,13
20101114,11
20101115,45
20101116,43
20101117,41
20101118,58
20101119,34
20101120,5
20101121,8
20101122,37
20101123,33
20101124,27
20101125,14
20101126,25
20101127,5
20101128,7
20101129,31
20101130,39
20101201,43
20101202,42
20101203,27
20101204,11
20101205,4
20101206,39
20101207,40
20101208,42
20101209,48
20101210,34
20101211,10
20101212,6
20101213,29
20101214,40
20101215,34
20101216,49
20101217,29
20101218,16
20101219,8
20101220,29
20101221,39
20101222,29
20101223,16
20101224,18
20101226,4
20101227,14
20101228,19
20101229,16
20101230,28
20101231,13
20110101,2
20110102,10
20110103,32
20110104,32
20110105,31
20110106,42
20110107,31
20110108,16
20110109,6
20110110,38
20110111,33
20110112,44
20110113,39
20110114,48
20110115,17
20110116,3
20110117,16
20110118,48
20110119,71
20110120,63
20110121,56
20110122,16
20110123,9
20110124,54
20110125,57
20110126,60
20110127,93
20110128,42
20110129,20
20110130,10
20110131,40
20110201,63
20110202,59
20110203,65
20110204,39
20110205,15
20110206,5
20110207,37
20110208,63
20110209,65
20110210,74
20110211,45
20110212,8
20110213,9
20110214,45
20110215,51
20110216,50
20110217,68
20110218,43
20110219,17
20110220,4
20110221,15
20110222,42
20110223,47
20110224,64
20110225,50
20110226,15
20110227,13
20110228,43
20110301,47
20110302,56
20110303,47
20110304,35
20110305,12
20110306,4
20110307,44
20110308,40
20110309,41
20110310,52
20110311,33
20110312,16
20110313,4
20110314,37
20110315,30
20110316,47
20110317,50
20110318,34
20110319,10
20110320,4
20110321,34
20110322,47
20110323,37
20110324,44
20110325,36
20110326,9
20110327,6
20110328,46
20110329,47
20110330,44
20110331,38
20110401,34
20110402,12
20110403,6
20110404,41
20110405,49
20110406,38
20110407,43
20110408,39
20110409,11
20110410,5
20110411,39
20110412,44
20110413,44
20110414,60
20110415,58
20110416,18
20110417,5
20110418,52
20110419,62
20110420,73
20110421,89
20110422,35
20110423,12
20110424,2
20110425,33
20110426,60
20110427,69
20110428,95
20110429,49
20110430,18
20110501,6
20110502,42
20110503,56
20110504,70
20110505,65
20110506,49
20110507,7
20110508,2
20110509,51
20110510,75
20110511,55
20110512,49
20110513,43
20110514,19
20110515,4
20110516,41
20110517,44
20110518,49
20110519,51
20110520,38
20110521,11
20110522,1
20110523,47
20110524,37
20110525,63
20110526,55
20110527,42
20110528,9
20110529,1
20110530,7
20110531,35
20110601,51
20110602,54
20110603,34
20110604,18
20110605,7
20110606,44
20110607,44
20110608,43
20110609,46
20110610,37
20110611,11
20110612,3
20110613,43
20110614,44
20110615,51
20110616,36
20110617,37
20110618,14
20110619,4
20110620,33
20110621,47
20110622,51
20110623,51
20110624,47
20110625,12
20110626,8
20110627,47
20110628,53
20110629,53
20110630,48
20110701,43
20110702,12
20110703,5
20110704,10
20110705,51
20110706,42
20110707,57
20110708,45
20110709,11
20110710,9
20110711,42
20110712,47
20110713,50
20110714,55
20110715,68
20110716,16
20110717,3
20110718,40
20110719,65
20110720,83
20110721,75
20110722,69
20110723,12
20110724,8
20110725,50
20110726,60
20110727,73
20110728,99
20110729,71
20110730,10
20110731,8
20110801,47
20110802,69
20110803,64
20110804,62
20110805,50
20110806,19
20110807,6
20110808,38
20110809,51
20110810,66
20110811,56
20110812,39
20110813,11
20110814,3
20110815,43
20110816,40
20110817,39
20110818,55
20110819,36
20110820,15
20110821,2
20110822,36
20110823,37
20110824,56
20110825,46
20110826,28
20110827,12
20110828,1
20110829,32
20110830,46
20110831,29
20110901,34
20110902,39
20110903,10
20110904,1
20110905,12
20110906,41
20110907,46
20110908,62
20110909,55
20110910,14
20110911,5
20110912,45
20110913,33
20110914,32
20110915,46
20110916,34
20110917,10
20110918,7
20110919,42
20110920,43
20110921,40
20110922,39
20110923,29
20110924,15
20110925,5
20110926,41
20110927,34
20110928,36
20110929,51
20110930,31
20111001,9
20111002,4
20111003,36
20111004,44
20111005,38
20111006,29
20111007,28
20111008,7
20111009,1
20111010,40
20111011,47
20111012,46
20111013,62
20111014,38
20111015,14
20111016,1
20111017,42
20111018,76
20111019,72
20111020,69
20111021,58
20111022,16
20111023,6
20111024,47
20111025,59
20111026,61
20111027,84
20111028,54
20111029,11
20111030,7
20111031,51
20111101,58
20111102,46
20111103,57
20111104,57
20111105,9
20111106,7
20111107,29
20111108,53
20111109,57
20111110,56
20111111,39
20111112,15
20111113,2
20111114,36
20111115,59
20111116,48
20111117,52
20111118,43
20111119,9
20111120,5
20111121,38
20111122,44
20111123,41
20111124,8
20111125,22
20111126,7
20111127,7
20111128,35
20111129,40
20111130,33
20111201,40
20111202,39
20111203,11
20111204,3
20111205,36
20111206,35
20111207,42
20111208,42
20111209,40
20111210,8
20111211,2
20111212,44
20111213,41
20111214,40
20111215,59
20111216,37
20111217,11
20111218,4
20111219,25
20111220,49
20111221,45
20111222,41
20111223,23
20111224,13
20111226,5
20111227,23
20111228,22
20111229,16
20111230,18
20111231,10
20120101,3
20120102,3
20120103,30
20120104,30
20120105,46
20120106,39
20120107,14
20120108,4
20120109,45
20120110,39
20120111,40
20120112,32
20120113,49
20120114,11
20120115,2
20120116,4
20120117,47
20120118,50
20120119,82
20120120,55
20120121,9
20120122,4
20120123,35
20120124,56
20120125,70
20120126,53
20120127,44
20120128,11
20120129,6
20120130,34
20120131,60
20120201,75
20120202,90
20120203,51
20120204,11
20120205,5
20120206,49
20120207,62
20120208,75
20120209,61
20120210,49
20120211,11
20120212,5
20120213,39
20120214,56
20120215,53
20120216,63
20120217,44
20120218,9
20120219,6
20120220,11
20120221,38
20120222,53
20120223,58
20120224,51
20120225,9
20120226,7
20120227,43
20120228,45
20120229,67
20120301,64
20120302,33
20120303,4
20120304,4
20120305,35
20120306,46
20120307,50
20120308,42
20120309,38
20120310,5
20120311,9
20120312,52
20120313,46
20120314,44
20120315,41
20120316,27
20120317,5
20120318,8
20120319,41
20120320,50
20120321,49
20120322,46
20120323,18
20120324,3
20120325,8
20120326,37
20120327,48
20120328,36
20120329,57
20120330,34
20120331,4
20120401,13
20120402,53
20120403,47
20120404,47
20120405,40
20120406,14
20120407,5
20120408,11
20120409,48
20120410,37
20120411,41
20120412,49
20120413,58
20120414,5
20120415,15
20120416,51
20120417,78
20120418,63
20120419,69
20120420,52
20120421,4
20120422,11
20120423,65
20120424,66
20120425,67
20120426,78
20120427,55
20120428,9
20120429,12
20120430,46
20120501,53
20120502,65
20120503,61
20120504,46
20120505,2
20120506,12
20120507,46
20120508,52
20120509,48
20120510,75
20120511,40
20120512,1
20120513,24
20120514,38
20120515,64
20120516,47
20120517,48
20120518,56
20120520,9
20120521,42
20120522,58
20120523,63
20120524,61
20120525,48
20120526,5
20120527,4
20120528,22
20120529,36
20120530,47
20120531,43
20120601,26
20120602,2
20120603,10
20120604,36
20120605,38
20120606,36
20120607,38
20120608,29
20120609,1
20120610,6
20120611,40
20120612,60
20120613,32
20120614,32
20120615,34
20120616,2
20120617,12
20120618,47
20120619,38
20120620,39
20120621,38
20120622,23
20120623,1
20120624,12
20120625,20
20120626,47
20120627,61
20120628,56
20120629,51
20120630,2
20120701,11
20120702,40
20120703,31
20120704,19
20120705,31
20120706,28
20120707,3
20120708,7
20120709,38
20120710,44
20120711,42
20120712,50
20120713,46
20120714,5
20120715,7
20120716,48
20120717,62
20120718,70
20120719,77
20120720,34
20120721,1
20120722,13
20120723,47
20120724,60
20120725,76
20120726,100
20120727,52
20120728,3
20120729,11
20120730,55
20120731,70
20120801,56
20120802,51
20120803,47
20120804,5
20120805,14
20120806,37
20120807,63
20120808,51
20120809,56
20120810,36
20120811,4
20120812,10
20120813,62
20120814,53
20120815,42
20120816,49
20120817,41
20120819,11
20120820,31
20120821,37
20120822,49
20120823,39
20120824,23
20120825,6
20120826,7
20120827,31
20120828,41
20120829,33
20120830,48
20120831,27
20120901,5
20120902,5
20120903,23
20120904,38
20120905,42
20120906,31
20120907,34
20120908,3
20120909,19
20120910,35
20120911,47
20120912,32
20120913,23
20120914,30
20120915,2
20120916,11
20120917,33
20120918,49
20120919,36
20120920,58
20120921,27
20120922,2
20120923,7
20120924,36
20120925,40
20120926,36
20120927,56
20120928,44
20120929,9
20120930,9
20121001,45
20121002,41
20121003,44
20121004,46
20121005,41
20121007,19
20121008,49
20121009,43
20121010,43
20121011,45
20121012,51
20121013,3
20121014,8
20121015,45
20121016,49
20121017,62
20121018,86
20121019,50
20121020,5
20121021,11
20121022,125
20121023,75
20121024,77
20121025,83
20121026,65
20121028,18
20121029,39
20121030,48
20121031,55
20121101,56
20121102,46
20121103,2
20121104,13
20121105,59
20121106,40
20121107,55
20121108,67
20121109,65
20121110,2
20121111,19
20121112,53
20121113,70
20121114,52
20121115,57
20121116,66
20121117,1
20121118,16
20121119,52
20121120,54
20121121,41
20121122,16
20121123,26
20121124,2
20121125,12
20121126,40
20121127,51
20121128,55
20121129,39
20121130,48
20121201,2
20121202,20
20121203,34
20121204,58
20121205,59
20121206,41
20121207,38
20121208,2
20121209,15
20121210,41
20121211,40
20121212,35
20121213,43
20121214,41
20121215,5
20121216,13
20121217,39
20121218,42
20121219,50
20121220,52
20121221,37
20121222,1
20121223,15
20121224,16
20121225,10
20121226,24
20121227,22
20121228,17
20121229,4
20121230,14
20121231,18
20130101,16
20130102,47
20130103,29
20130104,35
20130105,2
20130106,17
20130107,40
20130108,36
20130109,45
20130110,49
20130111,38
20130112,1
20130113,13
20130114,48
20130115,41
20130116,56
20130117,56
20130118,54
20130120,7
20130121,26
20130122,66
20130123,78
20130124,69
20130125,39
20130126,2
20130127,14
20130128,56
20130129,57
20130130,60
20130131,68
20130201,52
20130202,3
20130203,11
20130204,49
20130205,55
20130206,64
20130207,62
20130208,48
20130209,2
20130210,13
20130211,26
20130212,56
20130213,64
20130214,63
20130215,40
20130217,5
20130218,25
20130219,52
20130220,60
20130221,57
20130222,48
20130223,2
20130224,16
20130225,43
20130226,64
20130227,57
20130228,79
20130301,50
20130302,3
20130303,24
20130304,52
20130305,55
20130306,63
20130307,63
20130308,43
20130309,1
20130310,12
20130311,48
20130312,45
20130313,56
20130314,55
20130315,24
20130316,4
20130317,14
20130318,44
20130319,43
20130320,51
20130321,60
20130322,42
20130323,2
20130324,14
20130325,27
20130326,42
20130327,48
20130328,41
20130329,32
20130330,2
20130331,12
20130401,31
20130402,36
20130403,47
20130404,44
20130405,41
20130406,1
20130407,21
20130408,54
20130409,57
20130410,54
20130411,56
20130412,56
20130413,2
20130414,19
20130415,46
20130416,58
20130417,60
20130418,102
20130419,47
20130420,3
20130421,18
20130422,71
20130423,65
20130424,96
20130425,66
20130426,48
20130427,1
20130428,21
20130429,48
20130430,69
20130501,67
20130502,71
20130503,37
20130504,1
20130505,16
20130506,48
20130507,52
20130508,73
20130509,60
20130510,52
20130512,19
20130513,53
20130514,75
20130515,83
20130516,76
20130517,70
20130518,5
20130519,20
20130520,95
20130521,68
20130522,77
20130523,58
20130524,48
20130525,2
20130526,5
20130527,13
20130528,51
20130529,67
20130530,40
20130531,36
20130601,3
20130602,14
20130603,35
20130604,43
20130605,54
20130606,45
20130607,46
20130608,3
20130609,14
20130610,48
20130611,46
20130612,57
20130613,46
20130614,39
20130615,1
20130616,12
20130617,31
20130618,8
20130619,45
20130620,47
20130621,51
20130622,3
20130623,15
20130624,40
20130625,58
20130626,49
20130627,48
20130628,40
20130629,2
20130630,10
20130701,34
20130702,45
20130703,25
20130704,29
20130705,25
20130707,16
20130708,35
20130709,39
20130710,51
20130711,44
20130712,47
20130713,2
20130714,11
20130715,56
20130716,61
20130717,70
20130718,87
20130719,66
20130720,2
20130721,19
20130722,66
20130723,71
20130724,70
20130725,89
20130726,56
20130727,4
20130728,12
20130729,66
20130730,84
20130731,89
20130801,77
20130802,49
20130803,8
20130804,13
20130805,44
20130806,59
20130807,62
20130808,67
20130809,42
20130810,4
20130811,10
20130812,38
20130813,40
20130814,42
20130815,59
20130816,37
20130817,2
20130818,17
20130819,38
20130820,45
20130821,41
20130822,52
20130823,34
20130824,4
20130825,15
20130826,38
20130827,44
20130828,31
20130829,41
20130830,41
20130831,1
20130901,9
20130902,20
20130903,29
20130904,42
20130905,47
20130906,24
20130907,2
20130908,17
20130909,38
20130910,40
20130911,32
20130912,53
20130913,26
20130914,1
20130915,11
20130916,52
20130917,45
20130918,45
20130919,44
20130920,49
20130921,4
20130922,10
20130923,47
20130924,39
20130925,42
20130926,67
20130927,39
20130928,4
20130929,18
20130930,49
20131001,63
20131002,56
20131003,51
20131004,48
20131005,7
20131006,17
20131007,33
20131008,48
20131009,56
20131010,51
20131011,46
20131012,6
20131013,14
20131014,46
20131015,76
20131016,80
20131017,82
20131018,64
20131019,4
20131020,29
20131021,49
20131022,73
20131023,69
20131024,85
20131025,72
20131026,2
20131027,14
20131028,69
20131029,85
20131030,96
20131031,77
20131101,53
20131103,19
20131104,60
20131105,66
20131106,79
20131107,87
20131108,46
20131109,3
20131110,19
20131111,56
20131112,60
20131113,70
20131114,62
20131115,44
20131116,1
20131117,13
20131118,39
20131119,60
20131120,43
20131121,57
20131122,41
20131123,5
20131124,21
20131125,47
20131126,55
20131127,47
20131128,20
20131129,18
20131130,4
20131201,19
20131202,42
20131203,50
20131204,46
20131205,66
20131206,31
20131207,1
20131208,15
20131209,46
20131210,66
20131211,44
20131212,58
20131213,38
20131215,20
20131216,60
20131217,47
20131218,64
20131219,61
20131220,54
20131221,1
20131222,13
20131223,20
20131224,16
20131225,7
20131226,16
20131227,16
20131228,1
20131229,11
20131230,14
20131231,18
20140101,9
20140102,39
20140103,34
20140104,1
20140105,16
20140106,55
20140107,48
20140108,58
20140109,51
20140110,39
20140111,5
20140112,17
20140113,56
20140114,51
20140115,68
20140116,91
20140117,66
20140118,5
20140119,7
20140120,29
20140121,57
20140122,69
20140123,79
20140124,50
20140125,4
20140126,15
20140127,60
20140128,81
20140129,76
20140130,104
20140131,73
20140201,3
20140202,14
20140203,53
20140204,82
20140205,87
20140206,101
20140207,48
20140208,2
20140209,16
20140210,44
20140211,75
20140212,79
20140213,66
20140214,52
20140215,2
20140216,6
20140217,25
20140218,58
20140219,63
20140220,82
20140221,56
20140222,3
20140223,8
20140224,50
20140225,78
20140226,83
20140227,73
20140228,61
20140301,6
20140302,12
20140303,45
20140304,76
20140305,69
20140306,63
20140307,40
20140308,2
20140309,21
20140310,47
20140311,45
20140312,63
20140313,56
20140314,49
20140315,5
20140316,14
20140317,43
20140318,56
20140319,49
20140320,60
20140321,40
20140322,2
20140323,10
20140324,49
20140325,59
20140326,68
20140327,72
20140328,57
20140329,4
20140330,16
20140331,56
20140401,46
20140402,53
20140403,55
20140404,39
20140405,2
20140406,20
20140407,55
20140408,53
20140409,54
20140410,52
20140411,61
20140412,2
20140413,15
20140414,64
20140415,87
20140416,104
20140417,94
20140418,37
20140420,11
20140421,55
20140422,78
20140423,111
20140424,129
20140425,70
20140426,5
20140427,10
20140428,65
20140429,96
20140430,97
20140501,87
20140502,57
20140503,1
20140504,18
20140505,60
20140506,85
20140507,102
20140508,86
20140509,57
20140510,3
20140511,16
20140512,43
20140513,62
20140514,86
20140515,74
20140516,36
20140517,2
20140518,26
20140519,33
20140520,64
20140521,69
20140522,62
20140523,47
20140524,3
20140525,3
20140526,17
20140527,54
20140528,67
20140529,53
20140530,45
20140531,1
20140601,14
20140602,44
20140603,35
20140604,52
20140605,56
20140606,32
20140607,1
20140608,12
20140609,39
20140610,62
20140611,63
20140612,49
20140613,49
20140614,2
20140615,21
20140616,48
20140617,56
20140618,66
20140619,52
20140620,47
20140621,2
20140622,9
20140623,48
20140624,55
20140625,51
20140626,65
20140627,45
20140628,1
20140629,10
20140630,40
20140701,47
20140702,42
20140703,32
20140704,12
20140705,1
20140706,13
20140707,44
20140708,54
20140709,42
20140710,63
20140711,49
20140712,1
20140713,14
20140714,63
20140715,76
20140716,95
20140717,76
20140718,57
20140719,2
20140720,20
20140721,65
20140722,97
20140723,81
20140724,103
20140725,64
20140726,2
20140727,15
20140728,52
20140729,100
20140730,94
20140731,113
20140801,57
20140802,4
20140803,13
20140804,51
20140805,72
20140806,74
20140807,78
20140808,35
20140809,3
20140810,12
20140811,53
20140812,58
20140813,136
20140814,40
20140815,35
20140816,3
20140817,11
20140818,37
20140819,56
20140820,51
20140821,44
20140822,38
20140823,5
20140824,16
20140825,41
20140826,39
20140827,56
20140828,59
20140829,47
20140830,7
20140831,4
20140901,17
20140902,42
20140903,52
20140904,60
20140905,29
20140906,3
20140907,18
20140908,52
20140909,52
20140910,55
20140911,56
20140912,40
20140913,1
20140914,11
20140915,45
20140916,59
20140917,38
20140918,45
20140919,34
20140920,3
20140921,16
20140922,51
20140923,38
20140924,47
20140925,41
20140926,43
20140927,4
20140928,9
20140929,45
20140930,52
20141001,60
20141002,48
20141003,41
20141004,1
20141005,18
20141006,52
20141007,43
20141008,42
20141009,50
20141010,34
20141011,4
20141012,17
20141013,42
20141014,67
20141015,70
20141016,82
20141017,54
20141018,5
20141019,17
20141020,68
20141021,82
20141022,64
20141023,109
20141024,50
20141025,2
20141026,16
20141027,53
20141028,120
20141029,113
20141030,116
20141031,58
20141101,3
20141102,21
20141103,58
20141104,99
20141105,93
20141106,98
20141107,55
20141108,5
20141109,16
20141110,63
20141111,51
20141112,70
20141113,97
20141114,49
20141115,7
20141116,13
20141117,51
20141118,60
20141119,62
20141120,51
20141121,49
20141122,1
20141123,14
20141124,40
20141125,54
20141126,28
20141127,31
20141128,23
20141129,4
20141130,14
20141201,37
20141202,55
20141203,60
20141204,64
20141205,30
20141207,17
20141208,59
20141209,69
20141210,65
20141211,63
20141212,33
20141213,3
20141214,17
20141215,60
20141216,43
20141217,45
20141218,63
20141219,46
20141220,2
20141221,12
20141222,36
20141223,27
20141224,17
20141225,13
20141226,11
20141227,1
20141228,18
20141229,36
20141230,29
20141231,17
20150101,19
20150102,28
20150103,5
20150104,17
20150105,46
20150106,42
20150107,34
20150108,36
20150109,33
20150110,1
20150111,17
20150112,48
20150113,54
20150114,62
20150115,59
20150116,42
20150117,4
20150118,4
20150119,27
20150120,91
20150121,86
20150122,60
20150123,56
20150124,2
20150125,13
20150126,74
20150127,96
20150128,101
20150129,127
20150130,62
20150131,4
20150201,27
20150202,74
20150203,77
20150204,70
20150205,95
20150206,68
20150207,4
20150208,16
20150209,40
20150210,62
20150211,101
20150212,89
20150213,61
20150214,2
20150215,7
20150216,17
20150217,63
20150218,70
20150219,70
20150220,49
20150222,20
20150223,55
20150224,59
20150225,82
20150226,75
20150227,60
20150228,10
20150301,14
20150302,61
20150303,68
20150304,62
20150305,44
20150306,36
20150308,17
20150309,42
20150310,53
20150311,59
20150312,71
20150313,42
20150315,12
20150316,36
20150317,65
20150318,63
20150319,63
20150320,42
20150321,1
20150322,16
20150323,35
20150324,45
20150325,48
20150326,59
20150327,42
20150328,1
20150329,16
20150330,47
20150331,51
20150401,62
20150402,47
20150403,25
20150404,3
20150405,11
20150406,33
20150407,44
20150408,50
20150409,35
20150410,39
20150412,24
20150413,50
20150414,67
20150415,78
20150416,66
20150417,51
20150418,1
20150419,16
20150420,70
20150421,101
20150422,97
20150423,106
20150424,56
20150425,1
20150426,19
20150427,60
20150428,117
20150429,102
20150430,107
