20050102,5
20050103,16
20050104,21
20050105,22
20050106,18
20050107,22
20050108,1
20050109,2
20050110,27
20050111,28
20050112,13
20050113,30
20050114,25
20050116,3
20050117,11
20050118,17
20050119,21
20050120,18
20050121,21
20050123,4
20050124,19
20050125,23
20050126,16
20050127,19
20050128,22
20050130,1
20050131,18
20050201,20
20050202,25
20050203,12
20050204,15
20050206,3
20050207,20
20050208,28
20050209,18
20050210,19
20050211,12
20050213,3
20050214,14
20050215,17
20050216,21
20050217,24
20050218,19
20050219,1
20050220,2
20050221,7
20050222,25
20050223,21
20050224,18
20050225,22
20050226,1
20050227,5
20050228,18
20050301,25
20050302,25
20050303,26
20050304,27
20050306,4
20050307,20
20050308,21
20050309,27
20050310,21
20050311,19
20050313,4
20050314,17
20050315,23
20050316,22
20050317,21
20050318,21
20050320,3
20050321,20
20050322,27
20050323,20
20050324,24
20050325,18
20050327,1
20050328,17
20050329,19
20050330,25
20050331,22
20050401,24
20050403,6
20050404,20
20050405,28
20050406,24
20050407,34
20050408,23
20050409,1
20050410,2
20050411,23
20050412,22
20050413,20
20050414,21
20050415,13
20050417,2
20050418,25
20050419,24
20050420,21
20050421,19
20050422,21
20050423,1
20050424,4
20050425,15
20050426,23
20050427,15
20050428,18
20050429,20
20050501,1
20050502,21
20050503,23
20050504,24
20050505,17
20050506,14
20050507,1
20050508,3
20050509,22
20050510,14
20050511,25
20050512,22
20050513,20
20050515,4
20050516,20
20050517,25
20050518,16
20050519,28
20050520,25
20050522,2
20050523,28
20050524,18
20050525,22
20050526,22
20050527,23
20050528,1
20050529,4
20050530,5
20050531,23
20050601,19
20050602,12
20050603,13
20050605,2
20050606,16
20050607,21
20050608,17
20050609,23
20050610,18
20050612,2
20050613,22
20050614,19
20050615,28
20050616,28
20050617,14
20050619,1
20050620,27
20050621,20
20050622,19
20050623,24
20050624,18
20050626,1
20050627,25
20050628,21
20050629,20
20050630,16
20050701,23
20050703,3
20050704,4
20050705,30
20050706,22
20050707,18
20050708,23
20050710,3
20050711,14
20050712,24
20050713,13
20050714,18
20050715,17
20050717,1
20050718,18
20050719,22
20050720,22
20050721,30
20050722,15
20050724,2
20050725,16
20050726,14
20050727,17
20050728,16
20050729,23
20050731,3
20050801,19
20050802,10
20050803,26
20050804,13
20050805,26
20050807,3
20050808,10
20050809,25
20050810,28
20050811,23
20050812,14
20050813,1
20050814,1
20050815,21
20050816,17
20050817,20
20050818,14
20050819,21
20050821,2
20050822,17
20050823,22
20050824,24
20050825,18
20050826,25
20050827,1
20050828,5
20050829,30
20050830,21
20050831,17
20050901,14
20050902,18
20050903,2
20050904,4
20050905,2
20050906,22
20050907,22
20050908,24
20050909,19
20050910,1
20050911,2
20050912,17
20050913,17
20050914,14
20050915,16
20050916,17
20050917,12
20050918,1
20050919,8
20050920,16
20050921,13
20050922,28
20050923,28
20050924,7
20050925,2
20050926,20
20050927,30
20050928,22
20050929,20
20050930,23
20051001,10
20051002,2
20051003,18
20051004,21
20051005,21
20051006,26
20051007,15
20051008,10
20051009,3
20051010,23
20051011,26
20051012,32
20051013,11
20051014,15
20051015,15
20051016,1
20051017,18
20051018,20
20051019,24
20051020,12
20051021,27
20051022,7
20051023,2
20051024,22
20051025,24
20051026,12
20051027,31
20051028,14
20051029,5
20051030,2
20051031,15
20051101,24
20051102,21
20051103,15
20051104,22
20051105,7
20051106,2
20051107,11
20051108,22
20051109,22
20051110,22
20051111,23
20051112,9
20051113,4
20051114,13
20051115,17
20051116,16
20051117,15
20051118,23
20051119,16
20051120,1
20051121,14
20051122,20
20051123,17
20051124,4
20051125,13
20051126,10
20051127,1
20051128,16
20051129,15
20051130,23
20051201,27
20051202,18
20051203,11
20051204,3
20051205,11
20051206,27
20051207,19
20051208,21
20051209,27
20051210,5
20051211,3
20051212,29
20051213,25
20051214,16
20051215,18
20051216,10
20051217,8
20051218,4
20051219,17
20051220,18
20051221,17
20051222,7
20051223,12
20051224,9
20051225,2
20051226,2
20051227,9
20051228,15
20051229,18
20051230,10
20051231,7
20060101,2
20060102,2
20060103,15
20060104,17
20060105,18
20060106,13
20060107,6
20060108,1
20060109,15
20060110,23
20060111,23
20060112,20
20060113,25
20060114,12
20060115,2
20060116,17
20060117,20
20060118,19
20060119,20
20060120,11
20060121,15
20060122,2
20060123,16
20060124,18
20060125,17
20060126,26
20060127,20
20060128,7
20060129,5
20060130,22
20060131,22
20060201,22
20060202,10
20060203,13
20060204,7
20060205,3
20060206,14
20060207,19
20060208,18
20060209,17
20060210,19
20060211,9
20060212,1
20060213,20
20060214,23
20060215,25
20060216,27
20060217,17
20060218,15
20060219,4
20060220,3
20060221,22
20060222,23
20060223,24
20060224,23
20060225,11
20060226,3
20060227,20
20060228,19
20060301,21
20060302,19
20060303,12
20060304,11
20060305,3
20060306,15
20060307,22
20060308,21
20060309,14
20060310,16
20060311,13
20060312,4
20060313,21
20060314,21
20060315,25
20060316,20
20060317,21
20060318,9
20060319,3
20060320,21
20060321,17
20060322,24
20060323,21
20060324,12
20060325,6
20060326,3
20060327,14
20060328,14
20060329,13
20060330,17
20060331,16
20060401,9
20060402,4
20060403,24
20060404,20
20060405,15
20060406,21
20060407,24
20060408,9
20060409,4
20060410,12
20060411,22
20060412,17
20060413,19
20060414,13
20060415,12
20060416,4
20060417,15
20060418,25
20060419,20
20060420,18
20060421,16
20060422,6
20060423,4
20060424,11
20060425,21
20060426,12
20060427,16
20060428,22
20060429,15
20060430,5
20060501,10
20060502,17
20060503,23
20060504,25
20060505,17
20060506,11
20060507,4
20060508,23
20060509,24
20060510,16
20060511,20
20060512,20
20060513,8
20060514,5
20060515,15
20060516,21
20060517,19
20060518,21
20060519,18
20060520,10
20060521,2
20060522,15
20060523,18
20060524,34
20060525,21
20060526,19
20060527,10
20060528,2
20060529,5
20060530,22
20060531,29
20060601,13
20060602,20
20060603,9
20060604,2
20060605,15
20060606,23
20060607,25
20060608,24
20060609,21
20060610,11
20060611,3
20060612,22
20060613,23
20060614,25
20060615,17
20060616,23
20060617,6
20060618,4
20060619,10
20060620,27
20060621,15
20060622,13
20060623,23
20060624,10
20060625,3
20060626,16
20060627,17
20060628,16
20060629,17
20060630,23
20060701,9
20060703,19
20060704,9
20060705,27
20060706,17
20060707,18
20060708,8
20060709,1
20060710,20
20060711,13
20060712,22
20060713,27
20060714,17
20060715,7
20060716,2
20060717,14
20060718,9
20060719,28
20060720,21
20060721,18
20060722,7
20060723,2
20060724,18
20060725,22
20060726,14
20060727,21
20060728,14
20060729,9
20060730,1
20060731,12
20060801,19
20060802,15
20060803,18
20060804,24
20060805,14
20060806,3
20060807,15
20060808,15
20060809,20
20060810,18
20060811,21
20060812,9
20060813,4
20060814,17
20060815,20
20060816,19
20060817,16
20060818,21
20060819,10
20060820,1
20060821,12
20060822,14
20060823,19
20060824,19
20060825,12
20060826,10
20060827,1
20060828,13
20060829,23
20060830,20
20060831,16
20060901,16
20060902,10
20060903,4
20060904,3
20060905,23
20060906,22
20060907,24
20060908,17
20060909,8
20060910,3
20060911,16
20060912,17
20060913,27
20060914,18
20060915,27
20060916,8
20060917,3
20060918,16
20060919,16
20060920,19
20060921,24
20060922,18
20060923,12
20060924,2
20060925,22
20060926,21
20060927,22
20060928,13
20060929,18
20060930,12
20061001,4
20061002,19
20061003,16
20061004,25
20061005,17
20061006,17
20061007,10
20061008,2
20061009,18
20061010,16
20061011,21
20061012,21
20061013,24
20061014,10
20061015,4
20061016,13
20061017,22
20061018,21
20061019,15
20061020,10
20061021,14
20061022,3
20061023,13
20061024,20
20061025,21
20061026,20
20061027,15
20061028,11
20061029,2
20061030,15
20061031,15
20061101,22
20061102,19
20061103,26
20061104,11
20061105,2
20061106,20
20061107,18
20061108,20
20061109,12
20061110,17
20061111,10
20061112,5
20061113,26
20061114,15
20061115,16
20061116,22
20061117,15
20061118,6
20061119,5
20061120,18
20061121,16
20061122,16
20061123,5
20061124,15
20061125,10
20061126,1
20061127,16
20061128,21
20061129,28
20061130,14
20061201,13
20061202,14
20061203,3
20061204,19
20061205,14
20061206,21
20061207,22
20061208,21
20061209,11
20061210,4
20061211,15
20061212,21
20061213,26
20061214,23
20061215,19
20061216,14
20061217,3
20061218,15
20061219,15
20061220,18
20061221,22
20061222,16
20061223,10
20061224,3
20061226,16
20061227,19
20061228,15
20061229,15
20061230,10
20061231,1
20070101,3
20070102,17
20070103,20
20070104,24
20070105,18
20070106,10
20070107,3
20070108,15
20070109,16
20070110,21
20070111,23
20070112,17
20070113,7
20070116,15
20070117,20
20070118,15
20070119,21
20070120,13
20070121,1
20070122,14
20070123,20
20070124,19
20070125,14
20070126,19
20070127,13
20070128,3
20070129,19
20070130,12
20070131,20
20070201,17
20070202,20
20070203,13
20070204,2
20070205,13
20070206,18
20070207,30
20070208,22
20070209,24
20070210,13
20070211,2
20070212,17
20070213,14
20070214,28
20070215,18
20070216,11
20070217,10
20070218,3
20070219,2
20070220,18
20070221,28
20070222,21
20070223,16
20070224,14
20070225,1
20070226,26
20070227,18
20070228,26
20070301,26
20070302,23
20070303,19
20070304,4
20070305,27
20070306,21
20070307,27
20070308,21
20070309,18
20070310,8
20070311,5
20070312,14
20070313,30
20070314,17
20070315,31
20070316,27
20070317,10
20070318,1
20070319,22
20070320,22
20070321,19
20070322,20
20070323,19
20070324,10
20070325,2
20070326,24
20070327,27
20070328,27
20070329,22
20070330,19
20070331,14
20070401,4
20070402,26
20070403,22
20070404,23
20070405,20
20070406,12
20070407,7
20070408,2
20070409,17
20070410,20
20070411,27
20070412,13
20070413,20
20070414,7
20070415,4
20070416,19
20070417,26
20070418,27
20070419,28
20070420,20
20070421,12
20070422,4
20070423,15
20070424,24
20070425,17
20070426,18
20070427,21
20070428,12
20070429,1
20070430,16
20070501,18
20070502,24
20070503,24
20070504,17
20070505,6
20070506,5
20070507,29
20070508,28
20070509,21
20070510,25
20070511,19
20070512,7
20070513,2
20070514,18
20070515,25
20070516,20
20070517,17
20070518,27
20070519,10
20070520,2
20070521,34
20070522,31
20070523,25
20070524,29
20070525,22
20070526,7
20070528,2
20070529,34
20070530,34
20070531,31
20070601,19
20070602,9
20070603,4
20070604,22
20070605,24
20070606,28
20070607,23
20070608,24
20070609,9
20070610,1
20070611,30
20070612,22
20070613,22
20070614,26
20070615,23
20070616,16
20070617,1
20070618,25
20070619,17
20070620,31
20070621,19
20070622,20
20070623,10
20070624,5
20070625,21
20070626,27
20070627,35
20070628,31
20070629,21
20070630,9
20070701,3
20070702,32
20070703,34
20070704,6
20070705,17
20070706,14
20070707,12
20070708,3
20070709,19
20070710,20
20070711,21
20070712,33
20070713,22
20070714,12
20070715,4
20070716,13
20070717,20
20070718,32
20070719,24
20070720,33
20070721,11
20070722,4
20070723,22
20070724,31
20070725,23
20070726,26
20070727,34
20070728,11
20070729,7
20070730,31
20070731,25
20070801,32
20070802,32
20070803,31
20070804,10
20070805,3
20070806,41
20070807,30
20070808,31
20070809,41
20070810,27
20070811,16
20070812,3
20070813,23
20070814,38
20070815,49
20070816,36
20070817,31
20070818,14
20070819,6
20070820,35
20070821,39
20070822,34
20070823,33
20070824,27
20070825,14
20070826,8
20070827,41
20070828,24
20070829,36
20070830,31
20070831,35
20070901,10
20070902,4
20070903,9
20070904,28
20070905,26
20070906,35
20070907,37
20070908,10
20070909,3
20070910,26
20070911,27
20070912,39
20070913,26
20070914,26
20070915,19
20070916,1
20070917,26
20070918,34
20070919,31
20070920,27
20070921,29
20070922,13
20070923,5
20070924,29
20070925,29
20070926,24
20070927,31
20070928,19
20070929,13
20071001,27
20071002,31
20071003,23
20071004,29
20071005,24
20071006,15
20071007,3
20071008,21
20071009,36
20071010,26
20071011,23
20071012,17
20071013,10
20071014,5
20071015,22
20071016,30
20071017,36
20071018,31
20071019,22
20071020,10
20071021,3
20071022,21
20071023,30
20071024,42
20071025,32
20071026,24
20071027,14
20071028,1
20071029,18
20071030,30
20071031,31
20071101,23
20071102,28
20071103,9
20071104,3
20071105,39
20071106,36
20071107,36
20071108,29
20071109,36
20071110,9
20071111,3
20071112,31
20071113,36
20071114,31
20071115,35
20071116,31
20071117,14
20071118,2
20071119,33
20071120,30
20071121,30
20071122,4
20071123,23
20071124,11
20071125,3
20071126,30
20071127,26
20071128,30
20071129,28
20071130,28
20071201,18
20071202,6
20071203,33
20071204,26
20071205,36
20071206,29
20071207,23
20071208,17
20071209,5
20071210,22
20071211,39
20071212,34
20071213,29
20071214,34
20071215,12
20071216,4
20071217,26
20071218,23
20071219,34
20071220,27
20071221,21
20071222,15
20071223,2
20071224,14
20071226,18
20071227,23
20071228,20
20071229,10
20071230,2
20071231,15
20080102,27
20080103,24
20080104,24
20080105,11
20080106,1
20080107,29
20080108,30
20080109,28
20080110,22
20080111,26
20080112,18
20080113,2
20080114,24
20080115,36
20080116,36
20080117,40
20080118,36
20080119,10
20080120,1
20080121,3
20080122,49
20080123,46
20080124,48
20080125,45
20080126,17
20080127,6
20080128,29
20080129,50
20080130,40
20080131,41
20080201,24
20080202,12
20080203,4
20080204,24
20080205,31
20080206,29
20080207,34
20080208,19
20080209,12
20080210,4
20080211,23
20080212,34
20080213,32
20080214,35
20080215,28
20080216,14
20080217,3
20080218,9
20080219,35
20080220,43
20080221,30
20080222,33
20080223,13
20080224,3
20080225,32
20080226,31
20080227,30
20080228,35
20080229,35
20080301,9
20080302,2
20080303,33
20080304,23
20080305,26
20080306,39
20080307,37
20080308,15
20080309,3
20080310,34
20080311,27
20080312,34
20080313,40
20080314,33
20080315,17
20080316,9
20080317,30
20080318,49
20080319,38
20080320,37
20080321,22
20080322,13
20080323,5
20080324,25
20080325,25
20080326,36
20080327,43
20080328,19
20080329,14
20080330,5
20080331,33
20080401,49
20080402,38
20080403,34
20080404,30
20080405,15
20080406,3
20080407,26
20080408,34
20080409,39
20080410,37
20080411,45
20080412,18
20080413,3
20080414,26
20080415,37
20080416,35
20080417,29
20080418,45
20080419,19
20080420,2
20080421,30
20080422,36
20080423,24
20080424,29
20080425,33
20080426,9
20080427,3
20080428,25
20080429,30
20080430,30
20080501,23
20080502,27
20080503,11
20080504,1
20080505,25
20080506,23
20080507,29
20080508,30
20080509,29
20080510,7
20080511,2
20080512,33
20080513,36
20080514,25
20080515,27
20080516,34
20080517,9
20080518,3
20080519,27
20080520,19
20080521,23
20080522,27
20080523,34
20080524,8
20080525,2
20080526,5
20080527,23
20080528,27
20080529,35
20080530,25
20080531,9
20080601,3
20080602,31
20080603,30
20080604,35
20080605,26
20080606,31
20080607,10
20080608,4
20080609,34
20080610,49
20080611,30
20080612,28
20080613,29
20080614,6
20080615,2
20080616,27
20080617,32
20080618,33
20080619,28
20080620,33
20080621,11
20080622,3
20080623,26
20080624,32
20080625,36
20080626,30
20080627,26
20080628,14
20080629,2
20080630,23
20080701,25
20080702,27
20080703,32
20080704,7
20080705,10
20080706,4
20080707,27
20080708,40
20080709,23
20080710,36
20080711,31
20080712,11
20080713,4
20080714,30
20080715,25
20080716,33
20080717,32
20080718,28
20080719,11
20080720,2
20080721,29
20080722,31
20080723,31
20080724,32
20080725,22
20080726,14
20080727,7
20080728,25
20080729,19
20080730,37
20080731,27
20080801,37
20080802,13
20080803,3
20080804,26
20080805,26
20080806,31
20080807,30
20080808,19
20080809,14
20080810,4
20080811,26
20080812,29
20080813,28
20080814,28
20080815,18
20080816,12
20080817,3
20080818,17
20080819,32
20080820,26
20080821,29
20080822,27
20080823,15
20080824,3
20080825,25
20080826,11
20080827,26
20080828,25
20080829,31
20080830,19
20080831,3
20080901,10
20080902,36
20080903,34
20080904,26
20080905,17
20080906,10
20080907,5
20080908,29
20080909,28
20080910,27
20080911,29
20080912,35
20080913,9
20080914,5
20080915,40
20080916,46
20080917,43
20080918,45
20080919,41
20080920,19
20080921,5
20080922,43
20080923,49
20080924,32
20080925,41
20080926,33
20080927,21
20080928,3
20080929,34
20080930,32
20081001,38
20081002,33
20081003,40
20081004,10
20081005,4
20081006,31
20081007,41
20081008,35
20081009,33
20081010,44
20081011,17
20081012,3
20081013,33
20081014,41
20081015,45
20081016,37
20081017,35
20081018,20
20081019,4
20081020,32
20081021,32
20081022,28
20081023,36
20081024,49
20081025,14
20081026,3
20081027,22
20081028,33
20081029,28
20081030,34
20081031,33
20081101,9
20081102,2
20081103,33
20081104,24
20081105,41
20081106,24
20081107,23
20081108,10
20081109,5
20081110,20
20081111,28
20081112,36
20081113,36
20081114,26
20081115,16
20081116,4
20081117,25
20081118,25
20081119,31
20081120,29
20081121,34
20081122,12
20081123,2
20081124,30
20081125,21
20081126,31
20081127,7
20081128,23
20081129,15
20081130,2
20081201,31
20081202,20
20081203,36
20081204,36
20081205,24
20081206,9
20081207,3
20081208,25
20081209,32
20081210,32
20081211,23
20081212,25
20081213,11
20081214,6
20081215,22
20081216,33
20081217,40
20081218,29
20081219,21
20081220,18
20081221,4
20081222,16
20081223,31
20081224,15
20081226,11
20081227,7
20081228,1
20081229,21
20081230,18
20081231,30
20090101,3
20090102,27
20090103,13
20090104,1
20090105,27
20090106,25
20090107,30
20090108,43
20090109,22
20090110,15
20090111,2
20090112,22
20090113,21
20090114,37
20090115,29
20090116,33
20090117,11
20090118,3
20090119,7
20090120,24
20090121,33
20090122,29
20090123,25
20090124,11
20090125,2
20090126,25
20090127,33
20090128,32
20090129,24
20090130,30
20090131,11
20090201,5
20090202,28
20090203,26
20090204,31
20090205,31
20090206,30
20090207,15
20090208,4
20090209,23
20090210,33
20090211,42
20090212,27
20090213,25
20090214,11
20090215,4
20090216,10
20090217,39
20090218,34
20090219,35
20090220,29
20090221,12
20090222,4
20090223,29
20090224,31
20090225,33
20090226,37
20090227,32
20090228,10
20090301,2
20090302,34
20090303,31
20090304,36
20090305,32
20090306,32
20090307,15
20090308,2
20090309,45
20090310,30
20090311,32
20090312,30
20090313,24
20090314,17
20090316,29
20090317,25
20090318,40
20090319,40
20090320,26
20090321,16
20090322,5
20090323,34
20090324,37
20090325,32
20090326,36
20090327,33
20090328,11
20090329,3
20090330,33
20090331,29
20090401,29
20090402,30
20090403,45
20090404,19
20090405,5
20090406,29
20090407,36
20090408,33
20090409,36
20090410,18
20090411,13
20090412,2
20090413,24
20090414,29
20090415,37
20090416,25
20090417,35
20090418,12
20090419,5
20090420,22
20090421,39
20090422,28
20090423,30
20090424,28
20090425,12
20090426,2
20090427,29
20090428,32
20090429,28
20090430,41
20090501,35
20090502,12
20090503,1
20090504,29
20090505,37
20090506,38
20090507,32
20090508,36
20090509,11
20090511,33
20090512,28
20090513,31
20090514,26
20090515,31
20090516,8
20090517,3
20090518,20
20090519,40
20090520,39
20090521,30
20090522,29
20090523,13
20090524,2
20090525,6
20090526,42
20090527,32
20090528,29
20090529,20
20090530,14
20090531,7
20090601,26
20090602,29
20090603,35
20090604,29
20090605,21
20090606,7
20090607,1
20090608,17
20090609,30
20090610,38
20090611,28
20090612,35
20090613,7
20090614,2
20090615,30
20090616,38
20090617,37
20090618,31
20090619,45
20090620,18
20090621,1
20090622,29
20090623,20
20090624,38
20090625,25
20090626,26
20090627,7
20090628,2
20090629,24
20090630,25
20090701,30
20090702,17
20090703,22
20090704,4
20090705,1
20090706,24
20090707,25
20090708,20
20090709,29
20090710,29
20090711,11
20090712,3
20090713,30
20090714,23
20090715,30
20090716,33
20090717,31
20090718,6
20090719,1
20090720,23
20090721,29
20090722,30
20090723,34
20090724,31
20090725,9
20090726,5
20090727,17
20090728,28
20090729,25
20090730,24
20090731,26
20090801,11
20090802,3
20090803,26
20090804,36
20090805,37
20090806,38
20090807,22
20090808,4
20090809,4
20090810,20
20090811,26
20090812,29
20090813,37
20090814,20
20090815,9
20090816,5
20090817,27
20090818,45
20090819,26
20090820,25
20090821,24
20090822,9
20090823,8
20090824,32
20090825,22
20090826,25
20090827,17
20090828,31
20090829,16
20090830,3
20090831,21
20090901,26
20090902,36
20090903,26
20090904,28
20090905,14
20090906,1
20090907,16
20090908,30
20090909,28
20090910,33
20090911,32
20090912,13
20090913,9
20090914,30
20090915,25
20090916,27
20090917,37
20090918,35
20090919,14
20090920,2
20090921,23
20090922,29
20090923,28
20090924,30
20090925,30
20090926,15
20090927,8
20090928,30
20090929,26
20090930,31
20091001,27
20091002,28
20091003,11
20091004,9
20091005,27
20091006,30
20091007,30
20091008,26
20091009,27
20091010,10
20091011,6
20091012,26
20091013,26
20091014,28
20091015,33
20091016,28
20091017,13
20091018,8
20091019,25
20091020,29
20091021,39
20091022,32
20091023,30
20091024,5
20091025,7
20091026,31
20091027,31
20091028,31
20091029,35
20091030,38
20091031,9
20091101,6
20091102,29
20091103,28
20091104,46
20091105,34
20091106,27
20091107,8
20091108,4
20091109,40
20091110,43
20091111,43
20091112,39
20091113,33
20091114,4
20091115,7
20091116,34
20091117,37
20091118,37
20091119,39
20091120,41
20091121,6
20091122,10
20091123,50
20091124,45
20091125,35
20091126,18
20091127,40
20091128,8
20091129,13
20091130,38
20091201,41
20091202,42
20091203,43
20091204,27
20091205,11
20091206,5
20091207,23
20091208,40
20091209,37
20091210,34
20091211,25
20091212,7
20091213,7
20091214,39
20091215,45
20091216,47
20091217,45
20091218,29
20091219,14
20091220,3
20091221,23
20091222,34
20091223,27
20091224,22
20091226,6
20091227,6
20091228,29
20091229,26
20091230,26
20091231,20
20100101,4
20100102,11
20100103,9
20100104,38
20100105,25
20100106,30
20100107,29
20100108,27
20100109,6
20100110,9
20100111,34
20100112,44
20100113,46
20100114,42
20100115,32
20100116,9
20100117,8
20100118,23
20100119,30
20100120,48
20100121,56
20100122,55
20100123,18
20100124,14
20100125,40
20100126,50
20100127,48
20100128,39
20100129,37
20100130,15
20100131,12
20100201,41
20100202,34
20100203,29
20100204,43
20100205,40
20100206,18
20100207,9
20100208,47
20100209,51
20100210,43
20100211,43
20100212,40
20100213,12
20100214,7
20100215,20
20100216,39
20100217,33
20100218,41
20100219,27
20100220,10
20100221,12
20100222,45
20100223,53
20100224,46
20100225,42
20100226,28
20100227,14
20100228,9
20100301,39
20100302,41
20100303,39
20100304,43
20100305,38
20100306,6
20100307,8
20100308,45
20100309,41
20100310,35
20100311,55
20100312,37
20100313,11
20100314,7
20100315,36
20100316,44
20100317,35
20100318,40
20100319,31
20100320,14
20100321,9
20100322,37
20100323,38
20100324,29
20100325,32
20100326,21
20100327,14
20100328,7
20100329,21
20100330,36
20100331,22
20100401,27
20100402,23
20100403,7
20100404,5
20100405,31
20100406,28
20100407,28
20100408,24
20100409,24
20100410,11
20100411,7
20100412,33
20100413,38
20100414,38
20100415,25
20100416,27
20100417,18
20100418,8
20100419,34
20100420,36
20100421,37
20100422,23
20100423,33
20100424,21
20100425,9
20100426,38
20100427,41
20100428,42
20100429,39
20100430,28
20100501,21
20100502,10
20100503,29
20100504,40
20100505,38
20100506,30
20100507,36
20100508,19
20100509,7
20100510,36
20100511,29
20100512,35
20100513,32
20100514,24
20100515,13
20100516,5
20100517,37
20100518,33
20100519,31
20100520,47
20100521,33
20100522,12
20100523,6
20100524,22
20100525,47
20100526,29
20100527,36
20100528,31
20100529,12
20100530,5
20100531,12
20100601,33
20100602,32
20100603,22
20100604,31
20100605,20
20100606,4
20100607,36
20100608,39
20100609,37
20100610,57
20100611,45
20100612,16
20100613,10
20100614,54
20100615,44
20100616,41
20100617,39
20100618,47
20100619,16
20100620,17
20100621,52
20100622,59
20100623,36
20100624,43
20100625,60
20100626,30
20100627,8
20100628,44
20100629,51
20100630,36
20100701,36
20100702,32
20100703,13
20100704,6
20100705,14
20100706,43
20100707,41
20100708,35
20100709,28
20100710,19
20100711,8
20100712,35
20100713,50
20100714,44
20100715,50
20100716,26
20100717,16
20100718,11
20100719,16
20100720,29
20100721,41
20100722,40
20100723,43
20100724,17
20100725,5
20100726,34
20100727,46
20100728,32
20100729,36
20100730,33
20100731,15
20100801,4
20100802,38
20100803,31
20100804,44
20100805,32
20100806,37
20100807,16
20100808,4
20100809,32
20100810,33
20100811,35
20100812,32
20100813,33
20100814,12
20100815,9
20100816,47
20100817,46
20100818,37
20100819,37
20100820,26
20100821,14
20100822,6
20100823,28
20100824,43
20100825,41
20100826,37
20100827,37
20100828,13
20100829,8
20100830,29
20100831,28
20100901,37
20100902,45
20100903,27
20100904,25
20100905,7
20100906,17
20100907,44
20100908,33
20100909,42
20100910,30
20100911,17
20100912,10
20100913,54
20100914,42
20100915,38
20100916,42
20100917,28
20100918,11
20100919,8
20100920,39
20100921,43
20100922,33
20100923,55
20100924,35
20100925,9
20100926,8
20100927,47
20100928,40
20100929,42
20100930,56
20101001,39
20101002,21
20101003,11
20101004,37
20101005,51
20101006,43
20101007,36
20101008,42
20101009,10
20101010,6
20101011,31
20101012,41
20101013,43
20101014,39
20101015,24
20101016,17
20101017,11
20101018,43
20101019,45
20101020,42
20101021,42
20101022,34
20101023,16
20101024,11
20101025,37
20101026,36
20101027,44
20101028,35
20101029,42
20101030,10
20101031,8
20101101,26
20101102,43
20101103,35
20101104,44
20101105,43
20101106,20
20101107,11
20101108,50
20101109,41
20101110,57
20101111,49
20101112,32
20101113,18
20101114,4
20101115,55
20101116,55
20101117,40
20101118,50
20101119,31
20101120,13
20101121,6
20101122,53
20101123,40
20101124,46
20101125,17
20101126,32
20101127,19
20101128,12
20101129,48
20101130,49
20101201,44
20101202,46
20101203,39
20101204,18
20101205,11
20101206,45
20101207,43
20101208,48
20101209,20
20101210,32
20101211,10
20101212,7
20101213,39
20101214,39
20101215,33
20101216,36
20101217,40
20101218,13
20101219,5
20101220,31
20101221,35
20101222,35
20101223,24
20101224,15
20101226,5
20101227,18
20101228,18
20101229,32
20101230,29
20101231,14
20110101,2
20110102,5
20110103,32
20110104,42
20110105,44
20110106,45
20110107,41
20110108,18
20110109,10
20110110,40
20110111,49
20110112,36
20110113,46
20110114,40
20110115,23
20110116,3
20110117,24
20110118,47
20110119,37
20110120,44
20110121,47
20110122,19
20110123,8
20110124,33
20110125,41
20110126,61
20110127,39
20110128,46
20110129,22
20110130,8
20110131,58
20110201,39
20110202,40
20110203,41
20110204,41
20110205,17
20110206,3
20110207,47
20110208,39
20110209,42
20110210,48
20110211,43
20110212,20
20110213,5
20110214,44
20110215,48
20110216,43
20110217,50
20110218,42
20110219,18
20110220,5
20110221,19
20110222,48
20110223,46
20110224,45
20110225,49
20110226,18
20110227,7
20110228,48
20110301,49
20110302,52
20110303,47
20110304,42
20110305,22
20110306,6
20110307,56
20110308,45
20110309,41
20110310,49
20110311,48
20110312,16
20110313,7
20110314,68
20110315,55
20110316,68
20110317,68
20110318,47
20110319,28
20110320,5
20110321,53
20110322,43
20110323,50
20110324,52
20110325,38
20110326,19
20110327,10
20110328,53
20110329,46
20110330,56
20110331,47
20110401,51
20110402,11
20110403,8
20110404,42
20110405,68
20110406,34
20110407,42
20110408,35
20110409,14
20110410,5
20110411,47
20110412,57
20110413,49
20110414,36
20110415,50
20110416,21
20110417,5
20110418,49
20110419,50
20110420,54
20110421,41
20110422,25
20110423,15
20110424,8
20110425,39
20110426,47
20110427,50
20110428,52
20110429,48
20110430,21
20110501,11
20110502,58
20110503,35
20110504,47
20110505,47
20110506,52
20110507,15
20110508,2
20110509,50
20110510,43
20110511,40
20110512,57
20110513,46
20110514,17
20110515,5
20110516,47
20110517,55
20110518,49
20110519,60
20110520,37
20110521,12
20110522,4
20110523,48
20110524,57
20110525,52
20110526,48
20110527,28
20110528,15
20110529,5
20110530,7
20110531,50
20110601,45
20110602,46
20110603,66
20110604,16
20110605,5
20110606,43
20110607,66
20110608,61
20110609,47
20110610,48
20110611,17
20110612,7
20110613,49
20110614,53
20110615,59
20110616,57
20110617,58
20110618,19
20110619,7
20110620,37
20110621,41
20110622,49
20110623,60
20110624,42
20110625,27
20110626,8
20110627,56
20110628,57
20110629,53
20110630,35
20110701,43
20110702,15
20110703,6
20110704,11
20110705,48
20110706,50
20110707,47
20110708,45
20110709,15
20110710,10
20110711,49
20110712,59
20110713,59
20110714,55
20110715,43
20110716,18
20110717,4
20110718,50
20110719,51
20110720,55
20110721,56
20110722,51
20110723,23
20110724,6
20110725,61
20110726,59
20110727,47
20110728,71
20110729,46
20110730,16
20110731,6
20110801,49
20110802,49
20110803,61
20110804,55
20110805,71
20110806,28
20110807,15
20110808,89
20110809,59
20110810,70
20110811,55
20110812,50
20110813,17
20110814,2
20110815,48
20110816,46
20110817,36
20110818,51
20110819,58
20110820,18
20110821,3
20110822,44
20110823,43
20110824,55
20110825,58
20110826,47
20110827,22
20110828,10
20110829,43
20110830,35
20110831,56
20110901,41
20110902,65
20110903,19
20110904,4
20110905,12
20110906,71
20110907,51
20110908,73
20110909,57
20110910,28
20110911,2
20110912,51
20110913,45
20110914,59
20110915,71
20110916,73
20110917,28
20110918,10
20110919,70
20110920,59
20110921,56
20110922,84
20110923,59
20110924,22
20110925,7
20110926,61
20110927,77
20110928,55
20110929,50
20110930,55
20111001,20
20111002,5
20111003,41
20111004,57
20111005,49
20111006,48
20111007,46
20111008,11
20111009,4
20111010,48
20111011,58
20111012,50
20111013,64
20111014,55
20111015,18
20111016,1
20111017,49
20111018,59
20111019,71
20111020,53
20111021,58
20111022,25
20111023,11
20111024,62
20111025,57
20111026,52
20111027,56
20111028,48
20111029,17
20111030,9
20111031,57
20111101,74
20111102,49
20111103,53
20111104,61
20111105,20
20111106,8
20111107,60
20111108,70
20111109,58
20111110,55
20111111,46
20111112,28
20111113,4
20111114,62
20111115,63
20111116,62
20111117,52
20111118,45
20111119,32
20111120,3
20111121,53
20111122,62
20111123,60
20111124,28
20111125,45
20111126,9
20111127,5
20111128,52
20111129,46
20111130,49
20111201,58
20111202,39
20111203,18
20111204,5
20111205,50
20111206,60
20111207,61
20111208,58
20111209,50
20111210,20
20111211,1
20111212,69
20111213,41
20111214,74
20111215,70
20111216,50
20111217,14
20111218,6
20111219,59
20111220,51
20111221,42
20111222,48
20111223,43
20111224,15
20111225,4
20111227,30
20111228,40
20111229,35
20111230,31
20111231,19
20120101,1
20120102,5
20120103,66
20120104,55
20120105,42
20120106,55
20120107,13
20120108,10
20120109,67
20120110,60
20120111,47
20120112,52
20120113,53
20120114,18
20120115,2
20120116,21
20120117,50
20120118,51
20120119,51
20120120,48
20120121,17
20120122,4
20120123,44
20120124,52
20120125,54
20120126,62
20120127,60
20120128,16
20120129,9
20120130,54
20120131,55
20120201,58
20120202,61
20120203,55
20120204,17
20120205,11
20120206,58
20120207,60
20120208,50
20120209,61
20120210,49
20120211,19
20120212,7
20120213,51
20120214,60
20120215,62
20120216,63
20120217,42
20120218,14
20120219,4
20120220,15
20120221,51
20120222,51
20120223,54
20120224,40
20120225,20
20120226,10
20120227,45
20120228,60
20120229,70
20120301,31
20120302,54
20120303,13
20120304,12
20120305,37
20120306,48
20120307,43
20120308,55
20120309,45
20120310,5
20120311,13
20120312,66
20120313,58
20120314,58
20120315,57
20120316,37
20120317,7
20120318,9
20120319,45
20120320,74
20120321,44
20120322,46
20120323,42
20120324,2
20120325,21
20120326,43
20120327,55
20120328,50
20120329,88
20120330,56
20120331,6
20120401,16
20120402,73
20120403,62
20120404,65
20120405,49
20120406,24
20120407,5
20120408,7
20120409,47
20120410,45
20120411,56
20120412,43
20120413,56
20120414,1
20120415,18
20120416,49
20120417,55
20120418,45
20120419,41
20120420,42
20120421,9
20120422,16
20120423,49
20120424,41
20120425,50
20120426,52
20120427,44
20120428,1
20120429,19
20120430,43
20120501,51
20120502,60
20120503,60
20120504,43
20120505,3
20120506,21
20120507,70
20120508,59
20120509,60
20120510,77
20120511,86
20120512,2
20120513,23
20120514,104
20120515,83
20120516,69
20120517,71
20120518,54
20120519,6
20120520,14
20120521,58
20120522,69
20120523,64
20120524,64
20120525,50
20120526,1
20120527,10
20120528,33
20120529,67
20120530,54
20120531,70
20120601,51
20120602,2
20120603,22
20120604,52
20120605,54
20120606,65
20120607,71
20120608,53
20120609,9
20120610,25
20120611,59
20120612,60
20120613,83
20120614,56
20120615,60
20120616,5
20120617,32
20120618,75
20120619,61
20120620,47
20120621,62
20120622,33
20120623,1
20120624,16
20120625,56
20120626,52
20120627,47
20120628,64
20120629,63
20120630,3
20120701,15
20120702,57
20120703,37
20120704,24
20120705,56
20120706,23
20120707,1
20120708,15
20120709,62
20120710,52
20120711,57
20120712,49
20120713,59
20120714,3
20120715,13
20120716,59
20120717,46
20120718,52
20120719,49
20120720,48
20120721,10
20120722,15
20120723,58
20120724,57
20120725,63
20120726,52
20120727,57
20120728,5
20120729,16
20120730,61
20120731,53
20120801,40
20120802,57
20120803,49
20120804,3
20120805,17
20120806,52
20120807,51
20120808,43
20120809,51
20120810,38
20120811,5
20120812,9
20120813,45
20120814,43
20120815,43
20120816,44
20120817,34
20120818,2
20120819,14
20120820,33
20120821,52
20120822,41
20120823,45
20120824,46
20120825,4
20120826,11
20120827,36
20120828,43
20120829,38
20120830,44
20120831,49
20120901,7
20120902,8
20120903,26
20120904,58
20120905,61
20120906,54
20120907,55
20120908,5
20120909,10
20120910,49
20120911,67
20120912,64
20120913,46
20120914,65
20120915,3
20120916,13
20120917,41
20120918,65
20120919,44
20120920,49
20120921,41
20120922,7
20120923,17
20120924,55
20120925,48
20120926,62
20120927,35
20120928,48
20120929,2
20120930,19
20121001,59
20121002,41
20121003,42
20121004,48
20121005,48
20121006,2
20121007,12
20121008,45
20121009,62
20121010,51
20121011,55
20121012,47
20121013,8
20121014,17
20121015,52
20121016,48
20121017,55
20121018,56
20121019,44
20121020,4
20121021,12
20121022,140
20121023,48
20121024,52
20121025,47
20121026,52
20121027,4
20121028,20
20121029,54
20121030,39
20121031,43
20121101,55
20121102,56
20121104,17
20121105,47
20121106,41
20121107,52
20121108,55
20121109,46
20121110,1
20121111,19
20121112,50
20121113,42
20121114,59
20121115,59
20121116,58
20121117,4
20121118,20
20121119,50
20121120,64
20121121,72
20121122,26
20121123,29
20121125,8
20121126,45
20121127,48
20121128,45
20121129,49
20121130,47
20121201,5
20121202,25
20121203,39
20121204,51
20121205,43
20121206,54
20121207,37
20121208,5
20121209,21
20121210,58
20121211,46
20121212,63
20121213,60
20121214,54
20121215,3
20121216,20
20121217,43
20121218,40
20121219,55
20121220,49
20121221,48
20121222,3
20121223,12
20121224,16
20121225,9
20121226,14
20121227,28
20121228,25
20121229,5
20121230,16
20121231,17
20130101,19
20130102,42
20130103,40
20130104,49
20130105,3
20130106,15
20130107,48
20130108,53
20130109,51
20130110,45
20130111,58
20130112,5
20130113,16
20130114,56
20130115,56
20130116,63
20130117,52
20130118,67
20130119,2
20130120,10
20130121,25
20130122,50
20130123,68
20130124,53
20130125,60
20130126,4
20130127,10
20130128,62
20130129,52
20130130,56
20130131,54
20130201,43
20130202,4
20130203,23
20130204,50
20130205,72
20130206,50
20130207,61
20130208,40
20130209,1
20130210,16
20130211,46
20130212,45
20130213,46
20130214,63
20130215,40
20130216,5
20130217,8
20130218,28
20130219,48
20130220,49
20130221,55
20130222,67
20130223,3
20130224,23
20130225,64
20130226,79
20130227,49
20130228,58
20130301,65
20130302,1
20130303,22
20130304,51
20130305,63
20130306,53
20130307,44
20130308,45
20130309,1
20130310,12
20130311,48
20130312,51
20130313,51
20130314,51
20130315,61
20130316,5
20130317,19
20130318,63
20130319,51
20130320,61
20130321,63
20130322,51
20130324,21
20130325,57
20130326,55
20130327,51
20130328,52
20130329,30
20130330,5
20130331,15
20130401,43
20130402,62
20130403,72
20130404,85
20130405,56
20130406,4
20130407,30
20130408,72
20130409,68
20130410,68
20130411,66
20130412,57
20130413,5
20130414,18
20130415,58
20130416,77
20130417,67
20130418,70
20130419,69
20130420,5
20130421,23
20130422,60
20130423,72
20130424,72
20130425,51
20130426,53
20130428,19
20130429,67
20130430,73
20130501,57
20130502,74
20130503,60
20130504,3
20130505,19
20130506,74
20130507,63
20130508,66
20130509,53
20130510,67
20130511,2
20130512,16
20130513,67
20130514,84
20130515,62
20130516,67
20130517,67
20130518,3
20130519,13
20130520,59
20130521,77
20130522,73
20130523,76
20130524,56
20130525,1
20130526,5
20130527,23
20130528,61
20130529,84
20130530,76
20130531,59
20130601,8
20130602,15
20130603,63
20130604,64
20130605,77
20130606,70
20130607,50
20130608,8
20130609,20
20130610,57
20130611,69
20130612,65
20130613,63
20130614,70
20130615,4
20130616,19
20130617,66
20130618,10
20130619,60
20130620,78
20130621,83
20130622,8
20130623,19
20130624,65
20130625,67
20130626,61
20130627,59
20130628,54
20130629,3
20130630,19
20130701,47
20130702,55
20130703,47
20130704,26
20130705,36
20130706,3
20130707,24
20130708,52
20130709,80
20130710,56
20130711,64
20130712,55
20130713,4
20130714,20
20130715,63
20130716,62
20130717,56
20130718,58
20130719,39
20130720,2
20130721,26
20130722,70
20130723,66
20130724,59
20130725,59
20130726,52
20130727,3
20130728,12
20130729,60
20130730,67
20130731,60
20130801,69
20130802,66
20130803,6
20130804,23
20130805,47
20130806,61
20130807,56
20130808,60
20130809,67
20130810,8
20130811,15
20130812,60
20130813,59
20130814,59
20130815,53
20130816,56
20130817,6
20130818,14
20130819,59
20130820,69
20130821,49
20130822,55
20130823,57
20130824,4
20130825,12
20130826,57
20130827,70
20130828,49
20130829,52
20130830,60
20130831,8
20130901,10
20130902,25
20130903,58
20130904,74
20130905,87
20130906,66
20130907,5
20130908,22
20130909,59
20130910,76
20130911,41
20130912,60
20130913,56
20130914,5
20130915,27
20130916,91
20130917,72
20130918,81
20130919,74
20130920,64
20130921,2
20130922,17
20130923,62
20130924,66
20130925,59
20130926,75
20130927,63
20130928,4
20130929,21
20130930,75
20131001,45
20131002,35
20131003,34
20131004,36
20131005,3
20131006,15
20131007,33
20131008,40
20131009,41
20131010,17
20131013,1
20131014,1
20131015,2
20131016,3
20131017,4
20131018,3
20131021,4
20131022,5
20131023,2
20131024,3
20131025,1
20131028,3
20131029,5
20131030,3
20131031,4
20131101,44
20131102,2
20131103,19
20131104,53
20131105,53
20131106,60
20131107,69
20131108,44
20131109,5
20131110,21
20131111,47
20131112,54
20131113,65
20131114,68
20131115,45
20131116,4
20131117,32
20131118,52
20131119,71
20131120,54
20131121,54
20131122,50
20131123,9
20131124,24
20131125,56
20131126,47
20131127,49
20131128,24
20131129,36
20131130,5
20131201,10
20131202,43
20131203,53
20131204,82
20131205,71
20131206,42
20131207,1
20131208,24
20131209,60
20131210,55
20131211,64
20131212,53
20131213,49
20131214,4
20131215,19
20131216,71
20131217,59
20131218,65
20131219,66
20131220,46
20131221,2
20131222,17
20131223,40
20131224,22
20131225,13
20131226,30
20131227,18
20131228,4
20131229,23
20131230,37
20131231,26
20140101,12
20140102,32
20140103,34
20140104,3
20140105,19
20140106,51
20140107,55
20140108,53
20140109,54
20140110,45
20140111,2
20140112,15
20140113,49
20140114,61
20140115,56
20140116,66
20140117,58
20140118,5
20140119,6
20140120,24
20140121,55
20140122,45
20140123,73
20140124,64
20140125,3
20140126,16
20140127,67
20140128,75
20140129,70
20140130,62
20140131,65
20140201,3
20140202,10
20140203,55
20140204,57
20140205,47
20140206,73
20140207,56
20140208,4
20140209,27
20140210,62
20140211,61
20140212,63
20140213,58
20140214,52
20140215,3
20140216,11
20140217,25
20140218,64
20140219,40
20140220,72
20140221,67
20140222,6
20140223,16
20140224,63
20140225,56
20140226,48
20140227,60
20140228,59
20140301,2
20140302,17
20140303,69
20140304,59
20140305,81
20140306,73
20140307,44
20140308,5
20140309,24
20140310,53
20140311,44
20140312,52
20140313,51
20140314,62
20140315,1
20140316,20
20140317,58
20140318,47
20140319,57
20140320,58
20140321,59
20140323,12
20140324,54
20140325,63
20140326,72
20140327,64
20140328,70
20140329,5
20140330,16
20140331,65
20140401,60
20140402,53
20140403,65
20140404,53
20140405,5
20140406,21
20140407,57
20140408,72
20140409,51
20140410,56
20140411,71
20140412,2
20140413,26
20140414,47
20140415,44
20140416,56
20140417,52
20140418,38
20140419,3
20140420,8
20140421,44
20140422,45
20140423,40
20140424,62
20140425,55
20140426,3
20140427,14
20140428,60
20140429,74
20140430,51
20140501,52
20140502,67
20140503,3
20140504,22
20140505,53
20140506,52
20140507,59
20140508,54
20140509,48
20140510,4
20140511,15
20140512,44
20140513,52
20140514,64
20140515,44
20140516,38
20140517,3
20140518,26
20140519,49
20140520,64
20140521,63
20140522,64
20140523,61
20140524,3
20140525,9
20140526,29
20140527,60
20140528,60
20140529,66
20140530,61
20140531,6
20140601,18
20140602,57
20140603,65
20140604,58
20140605,80
20140606,67
20140607,3
20140608,23
20140609,54
20140610,59
20140611,55
20140612,60
20140613,64
20140614,4
20140615,22
20140616,71
20140617,65
20140618,55
20140619,66
20140620,64
20140621,2
20140622,18
20140623,74
20140624,62
20140625,56
20140626,71
20140627,65
20140628,2
20140629,17
20140630,51
20140701,60
20140702,53
20140703,47
20140704,21
20140705,3
20140706,25
20140707,51
20140708,54
20140709,54
20140710,56
20140711,61
20140712,3
20140713,13
20140714,64
20140715,70
20140716,58
20140717,59
20140718,47
20140719,3
20140720,16
20140721,33
20140722,59
20140723,58
20140724,61
20140725,44
20140726,2
20140727,26
20140728,49
20140729,63
20140730,53
20140731,59
20140801,54
20140802,4
20140803,23
20140804,44
20140805,53
20140806,57
20140807,55
20140808,56
20140809,2
20140810,19
20140811,47
20140812,47
20140813,137
20140814,51
20140815,52
20140816,5
20140817,12
20140818,52
20140819,50
20140820,52
20140821,50
20140822,57
20140823,3
20140824,20
20140825,38
20140826,38
20140827,38
20140828,56
20140829,54
20140830,6
20140831,8
20140901,17
20140902,29
20140903,31
20140904,33
20140905,26
20140906,1
20140907,11
20140908,36
20140909,61
20140910,51
20140911,51
20140912,43
20140913,5
20140914,19
20140915,75
20140916,58
20140917,66
20140918,68
20140919,62
20140920,5
20140921,20
20140922,54
20140923,48
20140924,31
20140925,56
20140926,51
20140927,5
20140928,19
20140929,58
20140930,45
20141001,70
20141002,58
20141003,55
20141004,9
20141005,29
20141006,46
20141007,61
20141008,63
20141009,72
20141010,55
20141011,10
20141012,22
20141013,54
20141014,55
20141015,55
20141016,67
20141017,70
20141018,6
20141019,26
20141020,68
20141021,66
20141022,70
20141023,66
20141024,54
20141025,6
20141026,28
20141027,75
20141028,80
20141029,65
20141030,50
20141031,70
20141101,2
20141102,15
20141103,64
20141104,64
20141105,48
20141106,56
20141107,58
20141108,6
20141109,19
20141110,67
20141111,37
20141112,50
20141113,56
20141114,57
20141115,4
20141116,11
20141117,56
20141118,52
20141119,54
20141120,55
20141121,58
20141122,2
20141123,26
20141124,64
20141125,70
20141126,39
20141127,26
20141128,27
20141129,7
20141130,26
20141201,47
20141202,62
20141203,64
20141204,53
20141205,47
20141206,6
20141207,30
20141208,65
20141209,65
20141210,51
20141211,66
20141212,61
20141213,2
20141214,17
20141215,62
20141216,63
20141217,62
20141218,56
20141219,44
20141220,4
20141221,19
20141222,39
20141223,48
20141224,24
20141225,16
20141226,13
20141227,1
20141228,15
20141229,47
20141230,36
20141231,21
20150101,17
20150102,27
20150103,6
20150104,16
20150105,70
20150106,52
20150107,50
20150108,57
20150109,51
20150110,2
20150111,18
20150112,52
20150113,44
20150114,48
20150115,58
20150116,58
20150117,3
20150118,10
20150119,35
20150120,65
20150121,70
20150122,66
20150123,60
20150124,7
20150125,22
20150126,57
20150127,49
20150128,54
20150129,48
20150130,51
20150131,2
20150201,29
20150202,65
20150203,73
20150204,55
20150205,57
20150206,55
20150207,7
20150208,32
20150209,60
20150210,48
20150211,52
20150212,72
20150213,55
20150214,1
20150215,8
20150216,28
20150217,43
20150218,52
20150219,59
20150220,51
20150221,3
20150222,22
20150223,57
20150224,57
20150225,42
20150226,44
20150227,48
20150228,2
20150301,28
20150302,56
20150303,64
20150304,64
20150305,60
20150306,39
20150307,6
20150308,22
20150309,46
20150310,57
20150311,68
20150312,57
20150313,45
20150314,3
20150315,18
20150316,68
20150317,48
20150318,55
20150319,48
20150320,50
20150321,5
20150322,29
20150323,56
20150324,56
20150325,52
20150326,51
20150327,54
20150328,1
20150329,7
20150330,52
20150331,60
20150401,44
20150402,45
20150403,41
20150404,3
20150405,15
20150406,39
20150407,43
20150408,41
20150409,37
20150410,36
20150411,2
20150412,20
20150413,37
20150414,60
20150415,49
20150416,58
20150417,49
20150418,2
20150419,24
20150420,58
20150421,58
20150422,62
20150423,56
20150424,54
20150425,3
20150426,22
20150427,50
20150428,52
20150429,47
20150430,48
