20050111,1
20050126,1
20050215,1
20050311,1
20050527,1
20050607,1
20050628,1
20050719,1
20050723,1
20050725,3
20050726,1
20050822,1
20050825,1
20050826,1
20050830,1
20050831,1
20050903,2
20051106,1
20051201,1
20060104,1
20060118,1
20060120,1
20060122,1
20060124,1
20060209,1
20060317,1
20060405,1
20060415,1
20060421,1
20060422,1
20060505,1
20060515,1
20060607,1
20060616,1
20060620,1
20060622,1
20060707,1
20060717,1
20060801,1
20060811,1
20060905,1
20060908,1
20061003,1
20061011,1
20061015,1
20061023,1
20061117,1
20061206,1
20070119,3
20070120,3
20070122,1
20070123,1
20070124,2
20070125,1
20070227,1
20070312,1
20070314,1
20070320,1
20070321,1
20070408,2
20070418,1
20070420,2
20070516,2
20070523,1
20070525,1
20070606,1
20070609,1
20070614,1
20070702,1
20070716,1
20070720,5
20070721,2
20070723,3
20070725,1
20070830,1
20070904,1
20070916,1
20070918,1
20070921,1
20070924,1
20071010,1
20071012,1
20071015,1
20071019,1
20071020,2
20071031,1
20071115,1
20071119,1
20071227,1
20080103,1
20080117,1
20080118,2
20080119,1
20080123,1
20080326,1
20080328,1
20080409,1
20080418,2
20080419,1
20080422,1
20080423,1
20080524,1
20080528,1
20080604,1
20080701,2
20080712,1
20080714,2
20080718,4
20080723,1
20081008,1
20081017,2
20081018,1
20081021,1
20081104,1
20081110,1
20081112,1
20081117,1
20081204,1
20081205,1
20081215,1
20090108,2
20090109,3
20090110,1
20090112,1
20090122,1
20090123,3
20090124,2
20090126,1
20090206,1
20090225,1
20090309,1
20090313,1
20090318,1
20090324,2
20090403,1
20090421,1
20090422,1
20090424,2
20090508,1
20090520,2
20090523,1
20090526,1
20090603,1
20090720,1
20090721,1
20090724,1
20090727,1
20090826,1
20090831,1
20090901,1
20090904,1
20090915,1
20090925,1
20091006,1
20091024,1
20091106,1
20091207,1
20100122,1
20100126,1
20100128,1
20100204,1
20100218,1
20100219,4
20100220,2
20100222,10
20100223,2
20100224,1
20100317,1
20100324,1
20100330,2
20100331,1
20100401,1
20100412,1
20100416,1
20100419,2
20100424,2
20100429,1
20100515,1
20100527,1
20100529,1
20100601,2
20100602,1
20100607,1
20100610,1
20100614,1
20100615,1
20100622,1
20100623,1
20100625,1
20100706,1
20100716,1
20100719,3
20100720,1
20100723,4
20100726,1
20100812,1
20100820,1
20100910,1
20100911,1
20100927,1
20101006,2
20101007,1
20101008,4
20101009,1
20101012,1
20101015,3
20101018,1
20101019,1
20101021,3
20101022,5
20101025,1
20101028,1
20101103,1
20101108,1
20101109,1
20101110,1
20101111,1
20101112,1
20101118,2
20101119,1
20101208,1
20101213,1
20101214,1
20101229,1
20110106,1
20110118,1
20110121,2
20110122,1
20110124,1
20110125,2
20110126,1
20110131,1
20110201,1
20110222,1
20110223,1
20110308,1
20110317,1
20110318,1
20110325,1
20110328,2
20110330,1
20110405,1
20110418,1
20110421,2
20110425,1
20110524,1
20110531,1
20110613,1
20110621,1
20110718,1
20110719,1
20110721,2
20110722,4
20110723,1
20110726,2
20110730,1
20110811,2
20110823,1
20110907,1
20110908,1
20110922,1
20111008,1
20111010,1
20111012,1
20111018,2
20111020,1
20111021,4
20111024,1
20111109,1
20111201,1
20111206,1
20111223,1
20120105,1
20120107,1
20120117,2
20120119,1
20120120,5
20120123,3
20120217,2
20120223,1
20120413,1
20120415,1
20120418,1
20120420,4
20120423,1
20120424,1
20120508,1
20120509,1
20120513,1
20120518,1
20120530,1
20120605,1
20120709,4
20120710,1
20120715,1
20120716,1
20120719,3
20120720,3
20120723,1
20120727,1
20120801,1
20120814,1
20120817,1
20120822,1
20120912,1
20120917,1
20121011,1
20121012,1
20121014,1
20121016,2
20121017,1
20121018,1
20121019,2
20121024,1
20121025,1
20121108,2
20121115,1
20121120,1
20121130,1
20121201,1
20121205,1
20121210,1
20121212,1
20121214,2
20121218,1
20121225,1
20130103,1
20130108,1
20130114,3
20130117,2
20130118,5
20130125,1
20130206,1
20130207,1
20130211,1
20130212,1
20130228,1
20130305,1
20130313,2
20130401,1
20130412,1
20130414,1
20130418,1
20130419,3
20130508,1
20130510,1
20130524,1
20130614,1
20130621,1
20130709,1
20130714,1
20130718,1
20130719,2
20130724,1
20130725,3
20130726,1
20130729,2
20130730,1
20130802,1
20130813,2
20130814,1
20130926,1
20131018,3
20131021,1
20131022,1
20131025,1
20131028,1
20131029,2
20131101,1
20131103,1
20131104,2
20131105,1
20131106,1
20131107,1
20131119,1
20131128,1
20140106,1
20140113,1
20140116,1
20140117,4
20140129,1
20140130,2
20140219,1
20140304,1
20140309,1
20140327,1
20140404,1
20140417,2
20140421,1
20140422,1
20140428,1
20140509,2
20140512,1
20140521,1
20140527,1
20140611,1
20140617,1
20140717,2
20140726,1
20140729,1
20140812,2
20140813,1
20140815,1
20140818,1
20140823,1
20140828,1
20140915,1
20140927,1
20141005,2
20141016,2
20141020,1
20141028,1
20141029,1
20141030,2
20141106,1
20141111,1
20141112,1
20141113,1
20141114,3
20141115,1
20141116,1
20141117,3
20141118,1
20141123,1
20141130,1
20141202,1
20141208,2
20141211,1
20141218,1
20141224,1
20141229,1
20150101,1
20150104,1
20150114,2
20150115,3
20150116,9
20150118,2
20150120,3
20150121,1
20150123,1
20150130,2
20150205,1
20150210,1
20150219,1
20150225,2
20150227,1
20150228,1
20150302,1
20150303,1
20150309,1
20150324,1
20150325,3
20150326,4
20150327,1
20150330,1
20150407,1
20150415,1
20150416,1
20150417,3
20150420,1
20150421,1
20150422,1
20150423,1
