20050104,3
20050105,2
20050107,3
20050109,1
20050110,2
20050111,1
20050112,2
20050113,1
20050117,3
20050118,1
20050119,7
20050120,3
20050121,4
20050124,1
20050125,4
20050127,1
20050128,4
20050131,5
20050201,9
20050202,2
20050203,2
20050204,2
20050207,1
20050208,5
20050209,1
20050210,2
20050211,2
20050215,2
20050216,1
20050217,3
20050218,2
20050221,2
20050222,3
20050223,3
20050224,3
20050225,3
20050228,2
20050301,5
20050302,6
20050303,2
20050304,4
20050307,2
20050308,1
20050309,2
20050310,1
20050311,2
20050314,4
20050315,5
20050316,7
20050317,4
20050318,2
20050321,1
20050323,4
20050324,2
20050325,2
20050328,2
20050329,1
20050330,3
20050331,2
20050401,2
20050404,5
20050405,3
20050406,3
20050407,4
20050408,5
20050411,1
20050412,6
20050413,7
20050414,1
20050415,5
20050418,3
20050419,4
20050420,1
20050421,2
20050422,1
20050425,6
20050426,3
20050427,4
20050428,2
20050429,2
20050501,1
20050502,4
20050503,3
20050504,1
20050505,1
20050506,2
20050509,3
20050510,6
20050511,5
20050512,5
20050513,3
20050517,2
20050518,4
20050519,1
20050520,2
20050523,2
20050524,4
20050525,2
20050526,4
20050527,4
20050531,4
20050602,4
20050603,6
20050606,3
20050607,3
20050608,2
20050609,1
20050610,5
20050613,2
20050614,4
20050615,5
20050616,6
20050617,2
20050619,1
20050620,2
20050621,7
20050622,3
20050623,2
20050624,3
20050627,2
20050628,1
20050629,1
20050630,5
20050701,4
20050704,1
20050705,2
20050706,2
20050707,2
20050708,2
20050711,6
20050712,4
20050713,5
20050715,4
20050718,2
20050719,4
20050720,1
20050721,2
20050722,2
20050725,2
20050726,3
20050727,4
20050728,2
20050729,1
20050801,1
20050802,3
20050803,2
20050804,6
20050805,4
20050808,2
20050809,1
20050810,2
20050811,2
20050812,1
20050815,4
20050816,3
20050817,2
20050818,2
20050819,1
20050822,1
20050823,5
20050824,3
20050825,4
20050826,1
20050829,2
20050830,4
20050831,3
20050901,4
20050902,7
20050903,1
20050905,2
20050906,8
20050907,8
20050908,4
20050909,4
20050912,7
20050913,7
20050914,7
20050915,3
20050916,3
20050917,1
20050919,1
20050920,2
20050921,7
20050922,3
20050923,4
20050924,5
20050926,2
20050927,6
20050928,2
20050929,2
20050930,3
20051003,4
20051004,5
20051005,3
20051006,7
20051007,1
20051008,1
20051010,2
20051011,2
20051012,3
20051013,3
20051014,3
20051015,2
20051017,4
20051018,1
20051019,3
20051020,3
20051021,6
20051022,3
20051024,3
20051025,6
20051026,8
20051027,9
20051028,4
20051029,1
20051031,4
20051101,4
20051102,2
20051103,4
20051104,4
20051105,5
20051107,5
20051108,3
20051109,3
20051110,5
20051111,6
20051112,1
20051113,1
20051114,2
20051115,3
20051116,1
20051117,6
20051118,4
20051119,2
20051121,4
20051122,2
20051123,6
20051125,4
20051126,2
20051127,1
20051128,1
20051129,2
20051130,4
20051201,2
20051202,2
20051203,5
20051205,3
20051206,4
20051207,1
20051208,4
20051209,5
20051210,2
20051211,1
20051212,5
20051213,5
20051214,2
20051215,3
20051216,6
20051217,3
20051219,4
20051220,2
20051221,5
20051222,6
20051223,5
20051227,2
20051228,2
20051229,1
20051230,6
20051231,3
20060103,5
20060104,3
20060105,5
20060106,2
20060107,2
20060109,4
20060110,4
20060111,3
20060112,1
20060113,1
20060114,3
20060116,5
20060117,4
20060118,1
20060119,1
20060120,3
20060121,1
20060122,1
20060123,5
20060124,4
20060125,5
20060126,2
20060127,1
20060128,2
20060130,6
20060201,4
20060202,1
20060203,3
20060204,1
20060206,2
20060207,1
20060208,4
20060209,8
20060210,3
20060211,1
20060213,3
20060214,3
20060215,2
20060216,3
20060217,1
20060218,3
20060220,2
20060221,3
20060223,5
20060224,8
20060228,3
20060301,5
20060302,2
20060303,3
20060304,3
20060305,1
20060306,2
20060307,2
20060308,1
20060309,4
20060310,2
20060311,2
20060313,4
20060314,3
20060315,4
20060316,4
20060317,3
20060318,3
20060320,1
20060321,1
20060322,7
20060323,5
20060325,4
20060327,5
20060328,4
20060329,6
20060330,3
20060331,1
20060401,2
20060403,2
20060404,5
20060405,6
20060406,2
20060407,2
20060410,2
20060411,2
20060412,5
20060413,3
20060414,1
20060417,2
20060418,3
20060419,4
20060420,2
20060421,2
20060423,1
20060424,2
20060425,1
20060426,6
20060427,1
20060428,1
20060429,1
20060501,2
20060502,2
20060503,5
20060504,2
20060505,9
20060506,2
20060508,5
20060509,5
20060510,3
20060511,3
20060512,6
20060513,3
20060515,3
20060516,6
20060517,7
20060518,10
20060519,6
20060520,2
20060522,3
20060523,5
20060524,6
20060525,7
20060526,6
20060527,6
20060529,1
20060530,2
20060531,4
20060601,4
20060602,4
20060603,4
20060605,3
20060606,4
20060607,6
20060608,6
20060609,5
20060610,3
20060612,1
20060613,8
20060614,4
20060615,6
20060616,4
20060617,1
20060618,1
20060619,4
20060620,7
20060621,2
20060622,6
20060623,4
20060624,2
20060627,5
20060628,7
20060629,5
20060630,3
20060701,1
20060703,2
20060704,2
20060705,4
20060706,5
20060707,6
20060708,1
20060710,2
20060711,5
20060712,5
20060713,2
20060714,5
20060716,1
20060717,4
20060718,7
20060719,3
20060720,6
20060721,6
20060722,1
20060723,1
20060724,5
20060725,9
20060726,5
20060727,4
20060728,7
20060729,1
20060730,1
20060731,7
20060801,3
20060802,4
20060803,5
20060804,4
20060805,1
20060807,5
20060808,2
20060809,3
20060810,8
20060811,4
20060812,2
20060813,1
20060814,5
20060815,7
20060816,7
20060817,3
20060818,8
20060819,2
20060820,1
20060821,7
20060822,3
20060823,7
20060824,5
20060825,5
20060826,3
20060828,4
20060829,5
20060830,5
20060831,3
20060901,6
20060902,1
20060904,2
20060905,3
20060906,4
20060907,6
20060908,6
20060909,3
20060911,7
20060912,7
20060913,4
20060914,6
20060915,10
20060918,6
20060919,4
20060920,13
20060921,3
20060922,2
20060925,5
20060926,2
20060927,3
20060928,6
20060929,4
20060930,2
20061002,5
20061003,3
20061004,6
20061005,5
20061006,4
20061007,1
20061009,2
20061010,2
20061011,4
20061012,3
20061013,5
20061014,2
20061015,1
20061016,6
20061017,5
20061018,7
20061019,3
20061020,5
20061023,5
20061024,4
20061025,3
20061026,1
20061027,6
20061028,1
20061029,2
20061030,4
20061031,5
20061101,2
20061102,2
20061103,6
20061104,2
20061106,6
20061107,2
20061108,2
20061109,4
20061110,4
20061111,1
20061112,1
20061113,4
20061114,6
20061115,8
20061116,7
20061117,5
20061118,1
20061119,1
20061120,3
20061121,1
20061122,7
20061123,2
20061124,8
20061127,2
20061128,4
20061129,6
20061130,5
20061201,5
20061202,2
20061204,6
20061205,3
20061206,6
20061207,4
20061208,5
20061210,1
20061211,6
20061212,1
20061213,3
20061214,2
20061215,1
20061218,3
20061219,3
20061220,8
20061221,4
20061222,2
20061223,1
20061226,3
20061227,6
20061228,4
20061229,2
20061230,1
20061231,1
20070101,1
20070102,1
20070103,4
20070104,5
20070105,3
20070106,3
20070108,1
20070109,4
20070110,3
20070111,2
20070112,2
20070113,1
20070115,2
20070116,3
20070117,4
20070118,7
20070119,2
20070120,3
20070122,4
20070123,3
20070124,5
20070125,9
20070126,8
20070128,2
20070129,3
20070130,5
20070131,7
20070201,2
20070202,4
20070203,1
20070205,3
20070206,3
20070207,2
20070208,2
20070209,1
20070210,1
20070212,6
20070213,3
20070214,3
20070215,3
20070216,2
20070217,4
20070220,2
20070221,3
20070222,6
20070223,3
20070224,1
20070226,4
20070227,6
20070228,2
20070301,2
20070302,4
20070303,1
20070304,2
20070305,4
20070306,2
20070307,2
20070308,2
20070309,4
20070312,1
20070313,2
20070314,2
20070315,2
20070316,4
20070317,3
20070319,4
20070320,3
20070321,6
20070322,2
20070323,3
20070324,1
20070326,4
20070327,4
20070328,3
20070329,3
20070330,6
20070331,1
20070401,1
20070402,2
20070403,3
20070405,5
20070406,5
20070407,2
20070409,2
20070410,2
20070411,5
20070412,1
20070413,2
20070414,1
20070416,2
20070417,3
20070418,4
20070419,4
20070420,7
20070421,2
20070423,2
20070424,4
20070425,4
20070426,2
20070430,3
20070501,3
20070502,3
20070503,2
20070504,2
20070507,3
20070508,3
20070509,2
20070510,3
20070511,7
20070512,4
20070514,5
20070515,2
20070516,3
20070517,2
20070518,5
20070519,1
20070521,4
20070522,2
20070523,2
20070524,3
20070525,5
20070526,2
20070529,1
20070530,1
20070531,5
20070601,6
20070602,1
20070605,2
20070606,5
20070607,3
20070608,2
20070611,5
20070612,6
20070613,2
20070614,5
20070615,1
20070618,3
20070619,5
20070620,4
20070621,3
20070622,2
20070623,3
20070625,5
20070626,3
20070627,4
20070628,2
20070629,1
20070702,4
20070703,5
20070704,4
20070705,3
20070706,4
20070709,1
20070710,3
20070711,3
20070712,5
20070713,3
20070714,1
20070716,2
20070717,4
20070718,2
20070719,1
20070720,6
20070721,1
20070723,4
20070725,4
20070726,3
20070727,3
20070731,1
20070801,2
20070803,2
20070806,3
20070807,2
20070809,4
20070810,2
20070811,3
20070813,3
20070814,5
20070815,2
20070816,2
20070817,7
20070818,3
20070820,4
20070821,4
20070822,3
20070823,2
20070824,6
20070825,2
20070827,1
20070829,4
20070830,3
20070831,4
20070902,1
20070903,1
20070904,2
20070905,2
20070906,1
20070907,1
20070910,3
20070911,3
20070912,1
20070913,6
20070914,2
20070915,1
20070917,7
20070918,3
20070920,5
20070921,2
20070922,2
20070924,2
20070925,1
20070926,4
20070927,6
20070928,4
20070929,1
20071001,1
20071002,3
20071003,5
20071004,2
20071005,1
20071008,3
20071009,3
20071010,8
20071011,3
20071012,1
20071013,3
20071016,5
20071017,5
20071018,3
20071019,4
20071020,1
20071021,1
20071022,6
20071023,8
20071024,10
20071025,8
20071026,10
20071027,3
20071028,1
20071029,3
20071030,3
20071031,4
20071101,4
20071102,2
20071103,2
20071105,1
20071106,2
20071107,2
20071108,2
20071109,4
20071110,2
20071112,4
20071113,1
20071114,3
20071115,2
20071116,5
20071117,3
20071119,4
20071120,2
20071121,5
20071123,1
20071126,4
20071127,2
20071128,6
20071129,2
20071130,1
20071201,1
20071203,2
20071204,1
20071205,6
20071206,2
20071207,1
20071210,2
20071211,3
20071212,5
20071213,2
20071214,3
20071217,4
20071219,3
20071220,3
20071221,3
20071224,1
20071226,2
20071227,4
20071228,1
20071229,1
20071231,3
20080102,4
20080103,5
20080104,5
20080105,1
20080107,3
20080108,1
20080109,2
20080110,2
20080111,2
20080114,1
20080115,4
20080116,2
20080117,5
20080118,8
20080119,1
20080122,7
20080123,5
20080124,2
20080125,3
20080126,2
20080128,2
20080129,3
20080130,4
20080201,3
20080202,2
20080204,3
20080205,4
20080206,3
20080207,1
20080208,2
20080209,1
20080211,6
20080212,5
20080213,4
20080214,3
20080215,1
20080216,1
20080218,1
20080220,1
20080222,4
20080223,1
20080225,2
20080227,3
20080228,2
20080229,4
20080301,1
20080304,3
20080305,5
20080306,3
20080307,3
20080310,3
20080311,1
20080312,4
20080313,4
20080314,3
20080317,4
20080318,2
20080319,2
20080320,4
20080321,2
20080322,3
20080324,2
20080325,4
20080326,4
20080327,4
20080328,3
20080329,3
20080331,4
20080401,1
20080402,1
20080403,2
20080404,4
20080407,2
20080408,2
20080409,1
20080410,1
20080411,3
20080412,2
20080414,2
20080415,5
20080416,2
20080417,4
20080418,5
20080419,4
20080421,2
20080422,4
20080423,2
20080424,5
20080425,3
20080426,3
20080428,2
20080429,1
20080430,3
20080502,2
20080503,1
20080505,1
20080506,1
20080507,4
20080508,1
20080510,3
20080512,2
20080513,3
20080514,2
20080515,4
20080516,3
20080519,3
20080520,3
20080521,1
20080522,3
20080523,3
20080524,1
20080527,2
20080528,4
20080529,2
20080530,3
20080602,2
20080603,2
20080604,1
20080605,1
20080606,2
20080607,1
20080609,6
20080610,4
20080611,3
20080612,2
20080613,2
20080614,3
20080616,8
20080617,4
20080618,5
20080619,2
20080620,3
20080621,3
20080623,2
20080624,3
20080625,3
20080626,2
20080627,3
20080628,1
20080630,3
20080701,1
20080702,1
20080703,1
20080705,1
20080707,4
20080708,4
20080710,1
20080711,2
20080714,5
20080716,2
20080717,1
20080718,5
20080719,1
20080721,2
20080723,2
20080724,3
20080725,5
20080726,1
20080728,2
20080729,2
20080730,4
20080731,1
20080801,3
20080802,3
20080804,4
20080806,2
20080807,4
20080811,1
20080812,2
20080813,2
20080814,2
20080815,1
20080818,3
20080819,2
20080820,4
20080821,1
20080822,1
20080826,3
20080828,5
20080829,3
20080830,2
20080903,6
20080904,2
20080908,3
20080909,2
20080910,2
20080911,1
20080912,2
20080913,1
20080914,2
20080915,3
20080916,1
20080917,3
20080918,3
20080919,3
20080920,1
20080922,1
20080923,1
20080924,3
20080925,1
20080926,3
20080929,1
20080930,4
20081001,2
20081003,4
20081006,1
20081007,1
20081010,1
20081014,2
20081015,2
20081016,1
20081017,2
20081018,1
20081021,5
20081022,4
20081023,1
20081024,4
20081027,1
20081028,3
20081029,1
20081030,3
20081101,1
20081103,5
20081105,1
20081107,1
20081108,1
20081110,6
20081111,1
20081112,3
20081113,2
20081114,4
20081115,2
20081116,1
20081117,5
20081118,1
20081119,2
20081120,4
20081121,4
20081124,1
20081127,3
20081128,4
20081129,1
20081201,3
20081202,1
20081203,2
20081204,1
20081205,2
20081208,1
20081209,1
20081210,2
20081211,2
20081212,9
20081215,4
20081216,1
20081217,1
20081218,3
20081219,3
20081220,3
20081222,1
20081223,1
20081224,4
20081226,1
20081227,1
20081229,1
20081230,1
20081231,2
20090102,6
20090103,1
20090104,1
20090105,3
20090106,3
20090107,5
20090108,2
20090109,3
20090110,1
20090112,1
20090113,1
20090114,1
20090115,2
20090116,3
20090117,1
20090119,1
20090120,2
20090122,2
20090123,1
20090125,1
20090127,2
20090128,3
20090129,2
20090130,2
20090202,1
20090203,1
20090204,2
20090206,3
20090207,2
20090209,2
20090210,1
20090211,5
20090212,2
20090213,2
20090217,3
20090218,2
20090219,2
20090220,1
20090223,3
20090224,3
20090225,2
20090226,4
20090227,6
20090302,2
20090303,3
20090304,1
20090305,2
20090306,2
20090307,5
20090309,2
20090310,2
20090312,4
20090313,2
20090314,1
20090316,2
20090318,4
20090319,6
20090320,3
20090321,1
20090323,3
20090324,1
20090325,4
20090326,1
20090327,3
20090328,3
20090330,2
20090331,3
20090401,2
20090402,2
20090403,5
20090406,1
20090407,1
20090408,2
20090409,2
20090410,1
20090413,1
20090414,2
20090415,1
20090416,3
20090417,2
20090418,1
20090420,3
20090421,3
20090422,5
20090423,5
20090424,2
20090425,3
20090427,5
20090428,1
20090429,1
20090430,7
20090501,3
20090502,2
20090504,1
20090505,5
20090506,4
20090507,3
20090508,3
20090509,1
20090510,1
20090511,1
20090512,1
20090513,2
20090515,2
20090516,3
20090518,5
20090519,6
20090521,3
20090522,3
20090523,2
20090525,1
20090526,2
20090527,2
20090528,6
20090529,3
20090530,1
20090601,4
20090602,3
20090603,2
20090604,2
20090606,2
20090608,3
20090609,1
20090610,1
20090611,1
20090612,1
20090613,3
20090614,2
20090615,2
20090616,3
20090617,2
20090618,2
20090619,2
20090622,5
20090623,3
20090624,4
20090625,1
20090626,5
20090627,1
20090629,1
20090630,4
20090701,4
20090702,4
20090703,2
20090706,5
20090707,3
20090708,5
20090709,3
20090710,3
20090711,1
20090713,3
20090714,4
20090715,1
20090716,5
20090717,3
20090719,1
20090720,2
20090721,2
20090722,1
20090723,3
20090724,2
20090725,1
20090727,1
20090728,4
20090729,1
20090730,5
20090731,6
20090803,2
20090804,3
20090807,3
20090808,1
20090810,5
20090811,3
20090812,1
20090813,5
20090814,2
20090815,2
20090817,2
20090818,4
20090819,5
20090820,4
20090822,1
20090823,1
20090824,2
20090825,1
20090826,3
20090827,5
20090828,4
20090829,1
20090831,2
20090901,1
20090902,3
20090903,2
20090904,3
20090905,1
20090908,1
20090909,4
20090910,3
20090914,4
20090915,6
20090916,2
20090917,2
20090918,2
20090921,1
20090923,1
20090924,3
20090925,3
20090926,1
20090928,1
20090930,2
20091001,2
20091002,4
20091004,1
20091005,2
20091006,2
20091007,2
20091008,3
20091009,4
20091010,1
20091013,1
20091015,3
20091016,7
20091017,1
20091019,3
20091020,4
20091021,1
20091023,1
20091024,1
20091025,1
20091027,2
20091028,2
20091029,4
20091030,2
20091102,1
20091103,1
20091104,7
20091105,4
20091106,5
20091108,1
20091109,1
20091110,5
20091112,2
20091113,4
20091114,3
20091115,1
20091116,3
20091117,2
20091118,3
20091119,2
20091120,2
20091121,3
20091122,1
20091123,4
20091124,6
20091125,3
20091126,3
20091127,2
20091128,2
20091129,1
20091130,1
20091201,4
20091202,2
20091203,1
20091204,3
20091207,5
20091208,5
20091209,4
20091210,3
20091211,1
20091212,2
20091214,1
20091216,5
20091217,2
20091218,4
20091219,2
20091220,1
20091221,4
20091222,1
20091223,1
20091224,2
20091228,3
20091229,2
20091230,3
20091231,1
20100104,1
20100105,4
20100106,3
20100107,5
20100108,4
20100110,1
20100113,2
20100114,4
20100115,8
20100117,1
20100118,2
20100119,3
20100120,2
20100121,4
20100122,2
20100123,1
20100124,1
20100125,6
20100126,5
20100127,3
20100128,1
20100129,3
20100130,3
20100131,1
20100201,3
20100202,5
20100205,3
20100206,2
20100208,3
20100209,1
20100210,2
20100211,1
20100212,2
20100213,3
20100214,2
20100215,3
20100216,2
20100217,5
20100218,3
20100219,2
20100220,1
20100222,3
20100223,3
20100224,3
20100225,1
20100226,1
20100301,2
20100302,2
20100303,2
20100304,3
20100305,2
20100306,3
20100307,3
20100308,4
20100309,6
20100310,3
20100311,5
20100312,2
20100313,1
20100314,1
20100315,3
20100316,2
20100317,3
20100318,5
20100319,4
20100320,3
20100322,5
20100323,3
20100324,4
20100325,3
20100326,3
20100327,1
20100328,1
20100329,4
20100330,2
20100331,1
20100402,1
20100404,1
20100406,5
20100407,6
20100408,3
20100409,4
20100410,2
20100411,2
20100412,5
20100413,1
20100414,3
20100415,5
20100416,2
20100418,2
20100419,4
20100420,1
20100421,6
20100422,2
20100423,2
20100424,3
20100425,2
20100426,4
20100427,2
20100428,2
20100429,8
20100430,6
20100501,3
20100503,2
20100504,5
20100505,2
20100507,1
20100508,1
20100510,5
20100511,5
20100512,4
20100513,3
20100514,4
20100516,2
20100517,2
20100518,4
20100519,4
20100520,3
20100523,2
20100524,6
20100525,4
20100526,3
20100527,7
20100528,3
20100529,3
20100531,4
20100601,3
20100602,1
20100603,3
20100604,2
20100605,2
20100607,5
20100608,6
20100609,10
20100610,5
20100611,2
20100613,4
20100614,4
20100615,3
20100616,3
20100617,1
20100618,6
20100619,2
20100620,1
20100621,3
20100622,4
20100623,11
20100624,5
20100625,2
20100627,2
20100628,5
20100629,5
20100630,3
20100701,3
20100702,5
20100703,2
20100704,2
20100705,2
20100706,3
20100707,2
20100708,4
20100709,9
20100710,3
20100712,1
20100714,1
20100715,6
20100716,3
20100718,1
20100719,5
20100720,5
20100721,4
20100722,4
20100723,2
20100724,2
20100725,2
20100727,7
20100728,6
20100729,5
20100730,7
20100731,2
20100801,1
20100802,4
20100803,4
20100804,2
20100807,1
20100808,1
20100810,2
20100811,1
20100812,7
20100813,2
20100814,1
20100815,1
20100816,3
20100817,2
20100818,1
20100819,3
20100820,3
20100821,3
20100823,3
20100824,5
20100825,3
20100826,4
20100827,6
20100828,1
20100829,1
20100830,2
20100831,2
20100901,3
20100902,1
20100903,4
20100904,3
20100905,2
20100906,3
20100907,1
20100908,3
20100909,5
20100910,3
20100911,3
20100912,1
20100913,8
20100914,7
20100915,4
20100916,2
20100917,3
20100920,3
20100921,6
20100922,2
20100924,4
20100925,1
20100927,2
20100928,3
20100929,5
20100930,9
20101001,4
20101003,2
20101004,5
20101005,1
20101006,4
20101007,1
20101008,3
20101011,3
20101012,1
20101013,4
20101015,7
20101016,2
20101017,1
20101018,5
20101019,2
20101020,2
20101021,3
20101022,5
20101023,2
20101024,1
20101025,2
20101026,11
20101027,6
20101028,1
20101029,6
20101030,3
20101031,1
20101101,1
20101102,5
20101103,4
20101104,3
20101106,2
20101107,1
20101108,5
20101109,1
20101110,3
20101111,1
20101112,5
20101113,1
20101115,4
20101116,2
20101117,6
20101118,4
20101119,5
20101120,1
20101122,2
20101123,3
20101124,4
20101126,3
20101127,1
20101129,5
20101130,4
20101201,6
20101202,2
20101203,2
20101204,2
20101205,2
20101206,4
20101207,8
20101208,2
20101209,5
20101210,1
20101211,1
20101212,1
20101213,2
20101214,8
20101215,5
20101216,1
20101217,5
20101218,1
20101220,7
20101221,3
20101222,6
20101223,2
20101224,4
20101226,1
20101227,6
20101228,3
20101229,9
20101230,1
20101231,2
20110103,3
20110104,4
20110105,7
20110106,1
20110107,1
20110110,3
20110111,7
20110112,5
20110113,5
20110114,1
20110116,1
20110117,4
20110118,3
20110119,4
20110120,8
20110121,1
20110123,1
20110124,3
20110125,5
20110126,2
20110127,3
20110128,7
20110131,6
20110201,5
20110202,5
20110203,4
20110204,2
20110205,2
20110207,4
20110208,8
20110209,1
20110210,3
20110211,2
20110212,3
20110214,3
20110216,4
20110217,3
20110218,2
20110221,4
20110222,7
20110223,2
20110224,6
20110225,4
20110226,3
20110227,1
20110228,4
20110301,4
20110302,4
20110303,3
20110304,4
20110305,2
20110307,7
20110308,5
20110309,8
20110310,4
20110311,5
20110312,1
20110313,1
20110314,10
20110315,4
20110316,6
20110317,5
20110318,9
20110319,4
20110320,1
20110321,3
20110322,5
20110323,2
20110324,2
20110325,5
20110326,3
20110328,7
20110329,7
20110330,1
20110331,4
20110401,10
20110402,3
20110404,6
20110405,2
20110406,4
20110407,5
20110408,9
20110411,4
20110413,3
20110414,4
20110415,7
20110418,6
20110419,3
20110420,7
20110421,7
20110422,3
20110423,2
20110425,5
20110426,7
20110427,3
20110428,10
20110430,1
20110502,6
20110503,8
20110504,4
20110505,5
20110506,4
20110508,1
20110509,6
20110510,8
20110511,7
20110512,8
20110513,5
20110514,3
20110516,6
20110517,9
20110518,10
20110519,7
20110520,6
20110521,4
20110523,4
20110524,7
20110525,7
20110526,6
20110527,6
20110528,3
20110531,4
20110601,3
20110602,8
20110603,6
20110604,3
20110606,6
20110607,1
20110608,4
20110609,2
20110610,3
20110611,4
20110613,4
20110615,3
20110616,10
20110617,7
20110618,5
20110619,1
20110620,3
20110621,5
20110622,6
20110623,5
20110624,9
20110625,3
20110626,1
20110627,4
20110628,6
20110629,5
20110630,5
20110701,5
20110702,2
20110704,4
20110705,8
20110706,5
20110707,6
20110708,8
20110709,1
20110711,5
20110712,2
20110713,3
20110714,6
20110715,7
20110716,4
20110718,4
20110720,3
20110721,4
20110722,6
20110723,2
20110725,8
20110726,6
20110727,7
20110728,1
20110729,5
20110730,2
20110731,3
20110801,3
20110802,1
20110803,3
20110804,4
20110805,5
20110806,1
20110808,6
20110809,2
20110810,5
20110811,4
20110812,7
20110813,1
20110815,9
20110816,8
20110817,7
20110818,2
20110819,4
20110822,7
20110823,5
20110824,3
20110825,7
20110826,3
20110827,4
20110828,3
20110829,5
20110830,3
20110831,3
20110901,8
20110902,4
20110903,3
20110905,2
20110906,6
20110907,3
20110908,7
20110909,5
20110911,1
20110912,4
20110913,1
20110914,4
20110915,4
20110916,11
20110917,1
20110918,1
20110919,2
20110920,5
20110921,6
20110922,7
20110923,7
20110926,4
20110927,5
20110928,6
20110929,12
20110930,10
20111001,1
20111003,4
20111004,4
20111005,2
20111006,1
20111007,1
20111008,3
20111010,10
20111011,1
20111012,3
20111013,2
20111014,4
20111015,1
20111016,1
20111017,5
20111018,6
20111019,7
20111020,1
20111021,3
20111022,1
20111024,3
20111025,2
20111026,3
20111027,6
20111028,5
20111029,2
20111030,1
20111031,6
20111101,3
20111102,6
20111103,4
20111104,1
20111105,1
20111108,3
20111109,5
20111110,3
20111111,3
20111112,3
20111113,1
20111114,4
20111115,4
20111116,6
20111117,8
20111118,6
20111119,3
20111120,1
20111121,6
20111122,8
20111123,4
20111125,2
20111126,2
20111128,2
20111129,10
20111130,5
20111201,2
20111202,2
20111203,1
20111205,6
20111206,5
20111207,5
20111208,10
20111209,6
20111210,1
20111212,5
20111213,5
20111214,8
20111215,7
20111216,6
20111217,1
20111219,6
20111220,2
20111221,5
20111222,3
20111223,4
20111224,2
20111227,1
20111228,6
20111229,5
20111230,5
20111231,1
20120102,1
20120103,6
20120104,8
20120105,5
20120106,4
20120108,1
20120109,2
20120110,4
20120111,4
20120112,9
20120113,6
20120114,3
20120116,2
20120117,4
20120118,8
20120119,3
20120120,2
20120121,3
20120123,3
20120124,7
20120125,3
20120126,2
20120127,8
20120130,3
20120131,7
20120201,12
20120202,6
20120203,9
20120204,2
20120205,1
20120206,5
20120207,3
20120208,2
20120209,9
20120210,6
20120211,1
20120213,5
20120214,7
20120215,5
20120216,7
20120217,7
20120218,2
20120219,1
20120220,4
20120221,4
20120222,6
20120223,5
20120224,1
20120225,1
20120227,5
20120228,7
20120229,16
20120301,8
20120302,4
20120303,1
20120304,3
20120305,7
20120306,8
20120307,5
20120308,4
20120309,3
20120311,3
20120312,7
20120313,9
20120314,8
20120315,2
20120316,16
20120317,2
20120318,1
20120319,2
20120320,5
20120321,7
20120322,2
20120323,5
20120325,2
20120326,5
20120327,7
20120328,6
20120329,4
20120330,6
20120331,1
20120401,3
20120402,3
20120403,5
20120404,4
20120405,3
20120406,1
20120409,6
20120410,6
20120411,7
20120412,3
20120413,4
20120416,3
20120417,7
20120418,3
20120419,8
20120420,3
20120421,1
20120423,7
20120424,5
20120425,3
20120426,6
20120427,7
20120429,1
20120430,6
20120501,6
20120502,4
20120503,7
20120504,3
20120506,1
20120507,9
20120508,10
20120509,7
20120510,3
20120511,5
20120513,4
20120514,10
20120515,6
20120516,7
20120517,3
20120518,3
20120519,1
20120520,2
20120521,5
20120522,2
20120523,5
20120524,5
20120525,7
20120528,4
20120529,7
20120530,8
20120531,6
20120601,6
20120603,1
20120604,2
20120605,5
20120606,4
20120607,6
20120608,2
20120609,1
20120611,4
20120612,6
20120613,7
20120614,6
20120615,5
20120616,1
20120617,2
20120618,7
20120619,5
20120620,8
20120621,9
20120622,3
20120625,5
20120627,5
20120628,4
20120629,1
20120701,1
20120702,8
20120703,5
20120704,3
20120705,3
20120706,2
20120708,3
20120709,6
20120710,6
20120711,6
20120712,3
20120713,5
20120715,2
20120716,5
20120717,5
20120718,5
20120719,4
20120720,9
20120722,2
20120723,11
20120724,6
20120725,2
20120726,11
20120727,4
20120728,1
20120729,1
20120730,6
20120731,1
20120801,1
20120802,7
20120803,4
20120804,1
20120805,4
20120806,3
20120807,2
20120808,9
20120809,7
20120810,8
20120813,6
20120814,7
20120815,5
20120816,7
20120817,4
20120818,1
20120819,2
20120820,1
20120822,10
20120823,13
20120824,2
20120825,1
20120826,4
20120827,2
20120828,6
20120829,7
20120830,7
20120831,2
20120902,1
20120903,7
20120904,1
20120905,7
20120906,4
20120907,5
20120909,3
20120910,4
20120911,4
20120912,1
20120913,4
20120914,4
20120916,1
20120917,9
20120918,5
20120919,5
20120920,9
20120921,1
20120924,7
20120925,8
20120926,6
20120927,9
20120928,7
20120930,4
20121001,4
20121002,8
20121003,9
20121004,2
20121005,6
20121006,1
20121007,1
20121008,6
20121009,4
20121010,4
20121011,3
20121012,7
20121014,2
20121015,7
20121016,5
20121017,8
20121018,7
20121019,4
20121020,1
20121021,1
20121022,5
20121023,6
20121024,9
20121025,8
20121026,5
20121027,2
20121028,4
20121029,8
20121030,5
20121031,6
20121101,6
20121102,6
20121103,1
20121104,2
20121105,3
20121106,6
20121107,3
20121108,5
20121111,2
20121112,5
20121113,7
20121114,7
20121115,12
20121116,4
20121117,1
20121119,9
20121120,3
20121121,10
20121122,5
20121123,3
20121125,4
20121126,4
20121127,2
20121128,4
20121129,3
20121130,4
20121201,1
20121202,1
20121203,5
20121204,8
20121205,10
20121206,7
20121207,8
20121208,1
20121209,6
20121210,3
20121211,6
20121212,2
20121213,6
20121214,4
20121216,1
20121217,6
20121218,3
20121219,2
20121220,2
20121221,7
20121222,1
20121223,2
20121224,2
20121225,2
20121226,4
20121227,2
20121228,3
20121229,1
20121230,2
20121231,2
20130101,1
20130102,5
20130103,3
20130104,5
20130106,2
20130107,3
20130108,7
20130109,9
20130110,2
20130111,4
20130112,1
20130114,7
20130115,6
20130116,11
20130117,14
20130118,6
20130119,1
20130120,1
20130121,3
20130122,12
20130123,4
20130124,9
20130125,3
20130127,1
20130128,9
20130129,7
20130130,5
20130131,8
20130201,5
20130204,6
20130205,1
20130206,2
20130207,8
20130208,7
20130209,1
20130210,2
20130211,3
20130212,6
20130213,8
20130214,10
20130215,1
20130216,1
20130217,1
20130218,3
20130219,7
20130220,9
20130221,7
20130222,3
20130224,2
20130225,2
20130226,1
20130227,3
20130228,9
20130301,1
20130303,4
20130304,6
20130305,3
20130306,7
20130307,2
20130308,6
20130309,1
20130310,2
20130311,7
20130312,4
20130313,4
20130314,3
20130315,8
20130317,3
20130318,3
20130319,7
20130320,6
20130321,5
20130322,2
20130324,4
20130325,6
20130326,4
20130327,4
20130328,5
20130329,7
20130331,2
20130401,6
20130402,4
20130403,7
20130404,6
20130405,4
20130407,1
20130408,2
20130409,5
20130410,2
20130411,4
20130412,3
20130414,2
20130415,1
20130416,5
20130417,5
20130418,7
20130419,3
20130421,1
20130422,3
20130423,6
20130424,1
20130425,7
20130426,6
20130428,4
20130429,12
20130430,6
20130501,7
20130502,2
20130503,2
20130504,1
20130505,2
20130506,5
20130507,3
20130508,3
20130509,6
20130510,4
20130512,2
20130513,5
20130514,2
20130515,7
20130516,5
20130517,9
20130520,1
20130521,10
20130522,3
20130523,7
20130524,9
20130526,2
20130527,2
20130528,7
20130529,6
20130530,3
20130531,5
20130602,5
20130603,3
20130605,9
20130606,3
20130607,3
20130609,1
20130610,1
20130611,6
20130612,4
20130613,2
20130616,1
20130617,2
20130619,6
20130620,4
20130621,6
20130622,1
20130623,1
20130624,3
20130625,3
20130626,6
20130627,8
20130628,11
20130701,3
20130702,4
20130703,5
20130704,4
20130705,1
20130706,1
20130707,3
20130708,2
20130709,6
20130710,6
20130711,5
20130712,2
20130713,1
20130714,1
20130715,5
20130716,5
20130717,7
20130718,9
20130719,7
20130720,1
20130721,5
20130722,7
20130723,5
20130724,5
20130725,7
20130726,3
20130727,2
20130728,2
20130729,7
20130730,1
20130731,3
20130801,4
20130802,5
20130803,1
20130805,4
20130806,4
20130807,3
20130808,8
20130809,4
20130811,3
20130812,1
20130813,6
20130814,5
20130815,3
20130816,2
20130818,2
20130819,8
20130820,6
20130821,7
20130822,10
20130823,4
20130824,1
20130826,6
20130827,9
20130828,4
20130829,5
20130830,7
20130903,6
20130904,8
20130905,6
20130906,9
20130908,2
20130909,3
20130910,4
20130911,1
20130912,3
20130913,8
20130915,2
20130916,6
20130917,6
20130918,6
20130919,7
20130920,7
20130922,3
20130923,7
20130924,5
20130925,6
20130926,3
20130927,3
20130929,2
20130930,5
20131001,5
20131002,3
20131003,6
20131004,6
20131006,2
20131007,5
20131008,5
20131009,3
20131010,7
20131011,1
20131012,1
20131013,1
20131014,7
20131015,10
20131016,7
20131017,7
20131018,6
20131019,1
20131020,4
20131021,4
20131022,6
20131023,5
20131024,2
20131025,6
20131026,1
20131027,2
20131028,2
20131029,2
20131030,6
20131031,6
20131101,4
20131104,7
20131105,5
20131106,6
20131107,7
20131108,5
20131109,2
20131110,2
20131111,13
20131112,8
20131113,2
20131114,4
20131115,2
20131117,1
20131118,1
20131119,6
20131120,3
20131121,5
20131122,7
20131123,1
20131124,4
20131125,3
20131126,3
20131127,4
20131128,11
20131129,6
20131201,1
20131202,4
20131203,2
20131204,3
20131205,8
20131206,7
20131208,1
20131209,5
20131210,4
20131211,1
20131212,8
20131213,2
20131215,1
20131216,6
20131217,5
20131218,2
20131219,5
20131220,3
20131221,3
20131222,1
20131223,4
20131225,1
20131226,4
20131227,1
20131228,1
20131229,2
20131230,3
20131231,1
20140101,2
20140102,2
20140103,8
20140105,1
20140106,8
20140107,5
20140108,9
20140109,5
20140110,6
20140111,1
20140112,4
20140113,9
20140114,5
20140115,5
20140116,6
20140117,3
20140119,1
20140120,1
20140121,2
20140122,15
20140123,10
20140124,8
20140125,1
20140126,2
20140127,4
20140128,8
20140129,4
20140130,8
20140131,3
20140201,1
20140203,6
20140204,8
20140205,5
20140206,3
20140207,3
20140209,1
20140210,5
20140211,8
20140212,10
20140213,9
20140214,11
20140215,1
20140217,5
20140218,9
20140219,6
20140220,5
20140221,6
20140223,1
20140224,5
20140225,3
20140226,3
20140227,11
20140228,4
20140301,2
20140302,2
20140303,7
20140304,4
20140305,8
20140306,4
20140307,8
20140308,2
20140310,2
20140311,6
20140312,7
20140313,3
20140314,3
20140315,1
20140316,1
20140317,8
20140318,7
20140319,4
20140320,7
20140321,5
20140322,1
20140323,3
20140324,13
20140325,15
20140326,13
20140327,6
20140328,6
20140329,1
20140331,8
20140401,7
20140402,7
20140403,7
20140404,6
20140406,3
20140407,2
20140408,4
20140409,7
20140411,3
20140413,1
20140414,6
20140415,4
20140416,11
20140417,6
20140418,3
20140420,3
20140421,7
20140422,2
20140423,3
20140424,9
20140425,7
20140426,1
20140427,2
20140428,6
20140429,12
20140430,10
20140501,3
20140502,13
20140504,2
20140505,4
20140506,5
20140507,3
20140508,10
20140509,3
20140511,2
20140512,5
20140513,6
20140514,3
20140515,6
20140516,7
20140519,3
20140520,6
20140521,4
20140522,3
20140523,4
20140525,3
20140526,3
20140527,4
20140528,7
20140529,7
20140530,2
20140601,1
20140602,5
20140603,4
20140604,3
20140605,7
20140606,5
20140608,1
20140609,3
20140610,8
20140611,4
20140612,5
20140613,3
20140614,1
20140616,3
20140617,7
20140618,10
20140619,3
20140620,5
20140622,2
20140623,3
20140625,4
20140626,8
20140627,6
20140629,2
20140630,8
20140701,4
20140702,5
20140703,5
20140704,2
20140705,1
20140706,2
20140707,2
20140708,4
20140709,5
20140710,12
20140711,7
20140713,2
20140714,7
20140715,7
20140716,9
20140717,8
20140718,7
20140720,3
20140721,7
20140722,11
20140723,7
20140724,5
20140725,5
20140727,1
20140728,3
20140729,5
20140730,6
20140731,8
20140801,5
20140802,3
20140803,1
20140804,5
20140805,4
20140806,6
20140807,7
20140808,3
20140809,1
20140810,3
20140811,2
20140812,2
20140813,12
20140814,4
20140815,6
20140817,1
20140818,3
20140819,6
20140820,4
20140821,2
20140822,4
20140824,2
20140825,4
20140826,3
20140827,2
20140828,9
20140829,5
20140830,1
20140901,2
20140902,6
20140903,3
20140904,4
20140905,4
20140907,1
20140908,2
20140909,5
20140910,6
20140911,3
20140912,4
20140914,2
20140915,9
20140916,10
20140917,8
20140918,1
20140919,8
20140921,4
20140922,2
20140923,6
20140924,9
20140925,6
20140926,5
20140929,7
20140930,1
20141001,4
20141002,4
20141003,5
20141006,6
20141007,7
20141008,6
20141009,3
20141010,4
20141011,1
20141012,5
20141013,4
20141014,3
20141015,4
20141016,6
20141017,6
20141019,2
20141020,2
20141021,6
20141022,3
20141023,4
20141024,2
20141026,4
20141027,1
20141028,8
20141029,6
20141030,7
20141031,2
20141102,3
20141103,1
20141104,9
20141105,4
20141106,6
20141107,4
20141109,3
20141110,7
20141111,2
20141112,3
20141113,6
20141114,4
20141116,2
20141117,1
20141118,4
20141119,3
20141120,10
20141121,2
20141123,2
20141124,7
20141125,8
20141126,1
20141127,6
20141128,3
20141130,1
20141201,5
20141202,8
20141203,5
20141204,3
20141205,4
20141207,5
20141208,4
20141209,5
20141210,2
20141211,10
20141212,3
20141214,1
20141215,1
20141216,3
20141217,7
20141218,4
20141219,3
20141220,1
20141222,4
20141223,6
20141224,1
20141225,1
20141226,3
20141229,2
20141230,5
20141231,3
20150102,4
20150104,1
20150105,3
20150106,9
20150107,3
20150108,4
20150109,5
20150110,1
20150111,2
20150112,5
20150113,2
20150114,3
20150115,10
20150116,5
20150119,2
20150120,3
20150121,4
20150122,7
20150123,7
20150126,3
20150127,7
20150128,7
20150129,4
20150130,8
20150201,2
20150202,3
20150203,3
20150204,4
20150205,3
20150206,4
20150209,6
20150210,2
20150211,2
20150212,4
20150213,1
20150214,1
20150216,4
20150217,7
20150218,7
20150219,3
20150220,7
20150222,2
20150223,1
20150224,3
20150225,3
20150226,6
20150227,4
20150301,2
20150302,10
20150303,7
20150304,8
20150305,11
20150306,4
20150307,1
20150308,2
20150309,6
20150310,6
20150311,6
20150312,6
20150313,4
20150315,1
20150316,6
20150317,2
20150318,2
20150319,1
20150320,6
20150322,2
20150323,9
20150324,3
20150325,6
20150326,6
20150327,8
20150329,2
20150330,6
20150331,1
20150401,5
20150402,3
20150403,4
20150405,3
20150406,7
20150407,8
20150408,3
20150409,9
20150410,5
20150411,1
20150412,1
20150413,6
20150414,6
20150415,2
20150416,2
20150417,4
20150420,2
20150421,6
20150422,5
20150423,5
20150424,4
20150426,4
20150427,4
20150428,6
20150429,7
20150430,4
