20050906,1
20051126,1
20060116,1
20060309,1
20060321,1
20060428,1
20060628,1
20060705,1
20060707,1
20061009,1
20070303,1
20070503,1
20070809,1
20070915,1
20071107,1
20071128,1
20080108,1
20080112,1
20080117,1
20080215,1
20080324,1
20080519,1
20081110,1
20090114,1
20090616,1
20090827,1
20091002,1
20100203,1
20100204,1
20100223,1
20100224,1
20100802,1
20110201,1
20110307,1
20110331,1
20110711,1
20110825,1
20110901,1
20110927,1
20111005,2
20111018,1
20111101,2
20111105,1
20111111,1
20120123,1
20120201,1
20120308,1
20120506,1
20120515,1
20120522,2
20120605,1
20120627,2
20120922,1
20121015,1
20121029,1
20121112,1
20121113,2
20121129,1
20121202,2
20121203,1
20121207,1
20121211,1
20130125,1
20130308,1
20130426,2
20130516,2
20130522,3
20130612,1
20130623,1
20130624,2
20130715,2
20130918,1
20130927,1
20131125,1
20140114,1
20140204,1
20140303,1
20140416,1
20140425,1
20140610,1
20141117,1
20141121,1
20141202,1
20141218,1
20141223,1
20150105,1
20150206,1
20150306,1
20150324,2
