20050102,6
20050103,31
20050104,18
20050105,21
20050106,21
20050107,16
20050108,1
20050109,4
20050110,16
20050111,16
20050112,19
20050113,15
20050114,13
20050116,3
20050117,15
20050118,18
20050119,21
20050120,14
20050121,25
20050123,4
20050124,20
20050125,20
20050126,19
20050127,15
20050128,22
20050130,4
20050131,14
20050201,19
20050202,24
20050203,16
20050204,14
20050206,5
20050207,19
20050208,22
20050209,19
20050210,16
20050211,20
20050213,6
20050214,20
20050215,15
20050216,16
20050217,16
20050218,14
20050219,1
20050220,3
20050221,9
20050222,16
20050223,23
20050224,16
20050225,20
20050227,5
20050228,24
20050301,18
20050302,23
20050303,19
20050304,18
20050306,4
20050307,23
20050308,12
20050309,19
20050310,19
20050311,23
20050313,6
20050314,16
20050315,10
20050316,20
20050317,21
20050318,17
20050320,4
20050321,16
20050322,16
20050323,21
20050324,17
20050325,15
20050327,3
20050328,15
20050329,20
20050330,18
20050331,19
20050401,22
20050403,6
20050404,22
20050405,18
20050406,16
20050407,21
20050408,15
20050410,4
20050411,14
20050412,13
20050413,22
20050414,17
20050415,23
20050417,2
20050418,19
20050419,17
20050420,23
20050421,21
20050422,28
20050424,2
20050425,15
20050426,17
20050427,19
20050428,15
20050429,22
20050430,1
20050501,6
20050502,19
20050503,15
20050504,18
20050505,16
20050506,19
20050507,1
20050508,2
20050509,14
20050510,19
20050511,19
20050512,20
20050513,16
20050514,1
20050515,3
20050516,45
20050517,13
20050518,20
20050519,19
20050520,20
20050521,1
20050522,4
20050523,17
20050524,15
20050525,23
20050526,14
20050527,17
20050528,1
20050529,5
20050530,6
20050531,15
20050601,22
20050602,20
20050603,16
20050604,1
20050605,4
20050606,18
20050607,20
20050608,19
20050609,19
20050610,18
20050612,4
20050613,21
20050614,20
20050615,20
20050616,26
20050617,19
20050619,5
20050620,22
20050621,18
20050622,22
20050623,20
20050624,23
20050626,4
20050627,12
20050628,16
20050629,21
20050630,14
20050701,20
20050703,5
20050704,3
20050705,22
20050706,17
20050707,24
20050708,22
20050710,7
20050711,17
20050712,21
20050713,15
20050714,19
20050715,14
20050717,7
20050718,10
20050719,16
20050720,19
20050721,18
20050722,21
20050723,1
20050724,4
20050725,17
20050726,13
20050727,17
20050728,19
20050729,14
20050731,4
20050801,11
20050802,17
20050803,17
20050804,22
20050805,18
20050807,5
20050808,18
20050809,20
20050810,19
20050811,19
20050812,22
20050814,5
20050815,17
20050816,19
20050817,22
20050818,12
20050819,22
20050820,2
20050821,4
20050822,17
20050823,17
20050824,18
20050825,19
20050826,23
20050828,5
20050829,20
20050830,20
20050831,17
20050901,17
20050902,16
20050903,2
20050904,5
20050905,4
20050906,20
20050907,22
20050908,19
20050909,20
20050910,1
20050911,4
20050912,14
20050913,19
20050914,20
20050915,20
20050916,18
20050917,11
20050918,3
20050919,18
20050920,12
20050921,19
20050922,17
20050923,18
20050924,9
20050925,3
20050926,18
20050927,22
20050928,17
20050929,15
20050930,21
20051001,7
20051002,4
20051003,17
20051004,24
20051005,22
20051006,16
20051007,23
20051008,6
20051009,5
20051010,12
20051011,28
20051012,25
20051013,16
20051014,19
20051015,9
20051016,3
20051017,13
20051018,17
20051019,19
20051020,22
20051021,19
20051022,7
20051023,4
20051024,13
20051025,14
20051026,25
20051027,24
20051028,16
20051029,6
20051030,3
20051031,18
20051101,16
20051102,19
20051103,20
20051104,18
20051105,9
20051106,2
20051107,16
20051108,18
20051109,19
20051110,15
20051111,21
20051112,9
20051113,4
20051114,12
20051115,18
20051116,18
20051117,22
20051118,19
20051119,7
20051120,4
20051121,17
20051122,20
20051123,22
20051124,7
20051125,13
20051126,9
20051127,3
20051128,15
20051129,17
20051130,19
20051201,17
20051202,18
20051203,9
20051204,4
20051205,13
20051206,16
20051207,20
20051208,20
20051209,24
20051210,10
20051211,6
20051212,18
20051213,13
20051214,24
20051215,24
20051216,15
20051217,12
20051218,4
20051219,11
20051220,13
20051221,13
20051222,19
20051223,12
20051224,6
20051225,2
20051226,3
20051227,13
20051228,16
20051229,17
20051230,14
20051231,10
20060101,1
20060102,2
20060103,33
20060104,18
20060105,22
20060106,20
20060107,10
20060108,5
20060109,13
20060110,20
20060111,18
20060112,21
20060113,21
20060114,8
20060115,3
20060116,23
20060117,13
20060118,23
20060119,24
20060120,24
20060121,11
20060122,4
20060123,15
20060124,20
20060125,20
20060126,17
20060127,21
20060128,8
20060129,3
20060130,17
20060131,16
20060201,17
20060202,15
20060203,22
20060204,10
20060205,4
20060206,19
20060207,15
20060208,23
20060209,17
20060210,20
20060211,9
20060212,3
20060213,17
20060214,18
20060215,20
20060216,19
20060217,19
20060218,6
20060219,4
20060220,5
20060221,17
20060222,19
20060223,19
20060224,22
20060225,12
20060226,5
20060227,19
20060228,22
20060301,20
20060302,19
20060303,18
20060304,10
20060305,3
20060306,13
20060307,20
20060308,22
20060309,16
20060310,20
20060311,11
20060312,3
20060313,19
20060314,16
20060315,24
20060316,16
20060317,16
20060318,7
20060319,6
20060320,15
20060321,17
20060322,21
20060323,17
20060324,21
20060325,7
20060326,1
20060327,18
20060328,19
20060329,27
20060330,15
20060331,19
20060401,5
20060402,3
20060403,26
20060404,25
20060405,21
20060406,21
20060407,16
20060408,8
20060409,3
20060410,12
20060411,14
20060412,18
20060413,22
20060414,18
20060415,9
20060416,3
20060417,13
20060418,25
20060419,19
20060420,15
20060421,24
20060422,10
20060423,1
20060424,19
20060425,20
20060426,19
20060427,19
20060428,19
20060429,9
20060430,4
20060501,19
20060502,25
20060503,20
20060504,17
20060505,22
20060506,10
20060507,5
20060508,21
20060509,17
20060510,25
20060511,18
20060512,17
20060513,11
20060514,2
20060515,12
20060516,24
20060517,20
20060518,26
20060519,23
20060520,10
20060521,2
20060522,49
20060523,23
20060524,24
20060525,26
20060526,30
20060527,9
20060528,3
20060529,6
20060530,23
20060531,18
20060601,24
20060602,21
20060603,11
20060604,2
20060605,21
20060606,20
20060607,29
20060608,24
20060609,26
20060610,9
20060611,5
20060612,14
20060613,21
20060614,34
20060615,23
20060616,35
20060617,6
20060618,5
20060619,18
20060620,20
20060621,16
20060622,20
20060623,18
20060624,11
20060625,4
20060626,17
20060627,21
20060628,20
20060629,20
20060630,24
20060701,11
20060702,2
20060703,22
20060704,7
20060705,21
20060706,22
20060707,24
20060708,8
20060709,5
20060710,15
20060711,20
20060712,21
20060713,23
20060714,25
20060715,14
20060716,3
20060717,13
20060718,13
20060719,22
20060720,22
20060721,21
20060722,10
20060723,6
20060724,14
20060725,16
20060726,20
20060727,20
20060728,19
20060729,10
20060730,3
20060731,15
20060801,16
20060802,21
20060803,20
20060804,18
20060805,15
20060806,5
20060807,19
20060808,17
20060809,25
20060810,17
20060811,22
20060812,8
20060813,4
20060814,17
20060815,18
20060816,22
20060817,17
20060818,15
20060819,10
20060820,6
20060821,16
20060822,22
20060823,17
20060824,19
20060825,19
20060826,7
20060827,3
20060828,16
20060829,15
20060830,17
20060831,17
20060901,18
20060902,9
20060903,5
20060904,4
20060905,22
20060906,18
20060907,23
20060908,21
20060909,11
20060910,5
20060911,20
20060912,17
20060913,21
20060914,17
20060915,22
20060916,7
20060917,3
20060918,17
20060919,15
20060920,21
20060921,15
20060922,18
20060923,7
20060924,2
20060925,18
20060926,15
20060927,19
20060928,18
20060929,22
20060930,12
20061001,4
20061002,28
20061003,25
20061004,28
20061005,21
20061006,19
20061007,8
20061008,3
20061009,16
20061010,17
20061011,21
20061012,16
20061013,26
20061014,10
20061015,5
20061016,19
20061017,17
20061018,23
20061019,26
20061020,21
20061021,13
20061022,3
20061023,16
20061024,18
20061025,17
20061026,18
20061027,21
20061028,12
20061029,3
20061030,14
20061031,14
20061101,20
20061102,27
20061103,20
20061104,10
20061105,3
20061106,17
20061107,23
20061108,18
20061109,20
20061110,20
20061111,9
20061112,2
20061113,14
20061114,14
20061115,26
20061116,16
20061117,18
20061118,9
20061119,3
20061120,14
20061121,15
20061122,24
20061123,5
20061124,15
20061125,8
20061126,3
20061127,17
20061128,21
20061129,17
20061130,17
20061201,15
20061202,13
20061203,6
20061204,21
20061205,16
20061206,19
20061207,20
20061208,22
20061209,10
20061210,8
20061211,20
20061212,18
20061213,26
20061214,25
20061215,19
20061216,12
20061217,5
20061218,18
20061219,13
20061220,28
20061221,17
20061222,20
20061223,8
20061224,5
20061226,14
20061227,17
20061228,23
20061229,20
20061230,13
20061231,4
20070101,3
20070102,31
20070103,20
20070104,32
20070105,23
20070106,8
20070107,3
20070108,13
20070109,17
20070110,22
20070111,27
20070112,20
20070113,9
20070114,4
20070115,4
20070116,18
20070117,25
20070118,20
20070119,19
20070120,10
20070121,4
20070122,17
20070123,18
20070124,21
20070125,15
20070126,19
20070127,9
20070128,3
20070129,17
20070130,20
20070131,17
20070201,22
20070202,14
20070203,9
20070204,3
20070205,19
20070206,15
20070207,20
20070208,20
20070209,18
20070210,6
20070211,4
20070212,20
20070213,14
20070214,27
20070215,19
20070216,22
20070217,13
20070218,2
20070219,6
20070220,21
20070221,16
20070222,16
20070223,21
20070224,7
20070225,1
20070226,18
20070227,14
20070228,27
20070301,38
20070302,26
20070303,12
20070304,5
20070305,26
20070306,27
20070307,23
20070308,23
20070309,24
20070310,8
20070311,6
20070312,22
20070313,15
20070314,28
20070315,19
20070316,18
20070317,9
20070318,2
20070319,14
20070320,25
20070321,16
20070322,25
20070323,14
20070324,7
20070325,2
20070326,14
20070327,17
20070328,16
20070329,19
20070330,16
20070331,14
20070401,5
20070402,24
20070403,27
20070404,23
20070405,16
20070406,9
20070407,7
20070408,6
20070409,12
20070410,19
20070411,19
20070412,16
20070413,14
20070414,10
20070415,4
20070416,17
20070417,18
20070418,20
20070419,16
20070420,23
20070421,7
20070422,2
20070423,14
20070424,14
20070425,21
20070426,21
20070427,22
20070428,11
20070429,5
20070430,15
20070501,17
20070502,23
20070503,17
20070504,19
20070505,10
20070506,6
20070507,20
20070508,20
20070509,22
20070510,22
20070511,23
20070512,13
20070513,3
20070514,24
20070515,20
20070516,27
20070517,20
20070518,25
20070519,8
20070520,4
20070521,42
20070522,22
20070523,33
20070524,21
20070525,27
20070526,9
20070527,6
20070528,3
20070529,25
20070530,28
20070531,21
20070601,28
20070602,9
20070603,3
20070604,32
20070605,25
20070606,25
20070607,23
20070608,26
20070609,12
20070610,3
20070611,17
20070612,23
20070613,29
20070614,21
20070615,25
20070616,11
20070617,6
20070618,23
20070619,24
20070620,26
20070621,25
20070622,23
20070623,11
20070624,4
20070625,19
20070626,24
20070627,28
20070628,28
20070629,23
20070630,6
20070701,5
20070702,27
20070703,29
20070704,3
20070705,25
20070706,21
20070707,9
20070708,6
20070709,24
20070710,26
20070711,27
20070712,26
20070713,28
20070714,7
20070715,5
20070716,20
20070717,18
20070718,36
20070719,24
20070720,25
20070721,11
20070722,3
20070723,23
20070724,23
20070725,24
20070726,30
20070727,31
20070728,13
20070729,7
20070730,29
20070731,23
20070801,33
20070802,33
20070803,27
20070804,12
20070805,4
20070806,27
20070807,29
20070808,29
20070809,25
20070810,29
20070811,13
20070812,3
20070813,20
20070814,24
20070815,29
20070816,26
20070817,36
20070818,12
20070819,7
20070820,30
20070821,27
20070822,29
20070823,31
20070824,25
20070825,7
20070826,2
20070827,24
20070828,25
20070829,29
20070830,28
20070831,29
20070901,10
20070902,6
20070903,6
20070904,25
20070905,27
20070906,19
20070907,24
20070908,10
20070909,4
20070910,30
20070911,20
20070912,29
20070913,25
20070914,24
20070915,8
20070916,6
20070917,20
20070918,24
20070919,26
20070920,27
20070921,21
20070922,14
20070923,4
20070924,16
20070925,25
20070926,21
20070927,21
20070928,25
20070929,9
20070930,6
20071001,29
20071002,33
20071003,26
20071004,26
20071005,22
20071006,10
20071007,7
20071008,21
20071009,23
20071010,24
20071011,23
20071012,32
20071013,7
20071014,3
20071015,24
20071016,20
20071017,24
20071018,21
20071019,26
20071020,16
20071021,2
20071022,23
20071023,18
20071024,25
20071025,31
20071026,24
20071027,11
20071028,3
20071029,26
20071030,20
20071031,32
20071101,24
20071102,28
20071103,7
20071104,5
20071105,22
20071106,26
20071107,27
20071108,32
20071109,28
20071110,8
20071111,3
20071112,15
20071113,23
20071114,26
20071115,25
20071116,19
20071117,14
20071118,3
20071119,28
20071120,22
20071121,30
20071122,4
20071123,22
20071124,6
20071125,3
20071126,21
20071127,23
20071128,27
20071129,26
20071130,28
20071201,11
20071202,4
20071203,26
20071204,17
20071205,25
20071206,18
20071207,25
20071208,12
20071209,6
20071210,23
20071211,27
20071212,35
20071213,23
20071214,26
20071215,11
20071216,4
20071217,25
20071218,25
20071219,19
20071220,16
20071221,23
20071222,11
20071223,4
20071224,16
20071225,2
20071226,30
20071227,30
20071228,24
20071229,8
20071230,4
20071231,23
20080102,38
20080103,31
20080104,21
20080105,12
20080106,5
20080107,13
20080108,17
20080109,32
20080110,27
20080111,29
20080112,16
20080113,4
20080114,18
20080115,30
20080116,38
20080117,33
20080118,29
20080119,10
20080120,6
20080121,6
20080122,32
20080123,46
20080124,42
20080125,31
20080126,11
20080127,2
20080128,20
20080129,28
20080130,34
20080131,29
20080201,25
20080202,12
20080203,3
20080204,25
20080205,30
20080206,28
20080207,21
20080208,18
20080209,8
20080210,4
20080211,14
20080212,20
20080213,29
20080214,30
20080215,25
20080216,9
20080217,1
20080218,3
20080219,15
20080220,22
20080221,29
20080222,23
20080223,10
20080224,3
20080225,20
20080226,26
20080227,23
20080228,25
20080229,32
20080301,9
20080302,2
20080303,26
20080304,27
20080305,28
20080306,29
20080307,36
20080308,10
20080309,4
20080310,20
20080311,33
20080312,37
20080313,23
20080314,26
20080315,11
20080316,5
20080317,26
20080318,32
20080319,28
20080320,29
20080321,14
20080322,8
20080323,7
20080324,14
20080325,21
20080326,33
20080327,29
20080328,18
20080329,10
20080330,7
20080331,21
20080401,35
20080402,27
20080403,31
20080404,20
20080405,7
20080406,6
20080407,18
20080408,27
20080409,27
20080410,27
20080411,21
20080412,7
20080413,3
20080414,18
20080415,25
20080416,19
20080417,25
20080418,25
20080419,8
20080420,4
20080421,24
20080422,22
20080423,31
20080424,23
20080425,21
20080426,9
20080427,1
20080428,21
20080429,20
20080430,19
20080501,21
20080502,28
20080503,7
20080504,3
20080505,24
20080506,30
20080507,26
20080508,24
20080509,27
20080510,8
20080511,2
20080512,15
20080513,20
20080514,21
20080515,24
20080516,22
20080517,4
20080518,3
20080519,46
20080520,18
20080521,25
20080522,24
20080523,24
20080524,5
20080525,5
20080526,5
20080527,34
20080528,28
20080529,27
20080530,22
20080531,5
20080601,2
20080602,30
20080603,33
20080604,30
20080605,28
20080606,26
20080607,11
20080608,2
20080609,20
20080610,29
20080611,22
20080612,31
20080613,33
20080614,12
20080615,3
20080616,20
20080617,24
20080618,33
20080619,32
20080620,20
20080621,10
20080622,7
20080623,24
20080624,30
20080625,34
20080626,30
20080627,37
20080628,13
20080629,3
20080630,18
20080701,36
20080702,35
20080703,37
20080704,12
20080705,7
20080706,2
20080707,20
20080708,26
20080709,38
20080710,35
20080711,32
20080712,17
20080713,4
20080714,30
20080715,26
20080716,40
20080717,36
20080718,36
20080719,18
20080720,3
20080721,26
20080722,38
20080723,44
20080724,33
20080725,30
20080726,10
20080727,4
20080728,26
20080729,22
20080730,35
20080731,31
20080801,34
20080802,8
20080803,4
20080804,30
20080805,25
20080806,38
20080807,32
20080808,29
20080809,9
20080810,3
20080811,22
20080812,27
20080813,33
20080814,31
20080815,28
20080816,9
20080817,5
20080818,28
20080819,30
20080820,34
20080821,32
20080822,24
20080823,10
20080824,3
20080825,26
20080826,31
20080827,32
20080828,28
20080829,29
20080830,9
20080831,3
20080901,9
20080902,25
20080903,36
20080904,31
20080905,35
20080906,8
20080907,7
20080908,30
20080909,29
20080910,44
20080911,27
20080912,39
20080913,11
20080914,4
20080915,27
20080916,40
20080917,36
20080918,49
20080919,56
20080920,23
20080921,9
20080922,34
20080923,47
20080924,30
20080925,37
20080926,33
20080927,14
20080928,2
20080929,24
20080930,39
20081001,41
20081002,41
20081003,31
20081004,14
20081005,3
20081006,33
20081007,42
20081008,40
20081009,45
20081010,40
20081011,15
20081012,4
20081013,43
20081014,41
20081015,43
20081016,31
20081017,30
20081018,11
20081019,6
20081020,25
20081021,35
20081022,37
20081023,37
20081024,48
20081025,14
20081026,4
20081027,36
20081028,43
20081029,33
20081030,31
20081031,36
20081101,13
20081102,5
20081103,27
20081104,25
20081105,39
20081106,25
20081107,30
20081108,13
20081109,3
20081110,19
20081111,28
20081112,35
20081113,36
20081114,28
20081115,13
20081116,4
20081117,24
20081118,26
20081119,32
20081120,42
20081121,30
20081122,13
20081123,3
20081124,25
20081125,34
20081126,31
20081127,7
20081128,23
20081129,9
20081130,4
20081201,30
20081202,36
20081203,31
20081204,32
20081205,28
20081206,11
20081207,2
20081208,23
20081209,30
20081210,28
20081211,25
20081212,27
20081213,10
20081214,2
20081215,26
20081216,25
20081217,42
20081218,22
20081219,24
20081220,10
20081221,2
20081222,23
20081223,22
20081224,21
20081225,2
20081226,23
20081227,8
20081228,5
20081229,16
20081230,21
20081231,33
20090101,1
20090102,37
20090103,13
20090104,5
20090105,25
20090106,28
20090107,30
20090108,34
20090109,23
20090110,11
20090111,8
20090112,20
20090113,34
20090114,29
20090115,35
20090116,31
20090117,12
20090118,6
20090119,2
20090120,20
20090121,32
20090122,26
20090123,30
20090124,12
20090125,4
20090126,22
20090127,25
20090128,26
20090129,36
20090130,21
20090131,9
20090201,3
20090202,24
20090203,26
20090204,30
20090205,23
20090206,28
20090207,15
20090208,3
20090209,25
20090210,27
20090211,43
20090212,23
20090213,30
20090214,8
20090215,3
20090216,6
20090217,23
20090218,32
20090219,26
20090220,29
20090221,12
20090222,2
20090223,22
20090224,31
20090225,34
20090226,30
20090227,32
20090228,13
20090301,5
20090302,28
20090303,32
20090304,37
20090305,25
20090306,33
20090307,8
20090308,4
20090309,31
20090310,26
20090311,40
20090312,33
20090313,23
20090314,9
20090315,1
20090316,29
20090317,29
20090318,25
20090319,28
20090320,19
20090321,6
20090322,3
20090323,23
20090324,34
20090325,35
20090326,30
20090327,25
20090328,11
20090329,5
20090330,22
20090331,26
20090401,28
20090402,23
20090403,31
20090404,9
20090405,3
20090406,41
20090407,39
20090408,32
20090409,32
20090410,16
20090411,4
20090412,3
20090413,26
20090414,27
20090415,26
20090416,27
20090417,19
20090418,8
20090419,3
20090420,22
20090421,26
20090422,26
20090423,17
20090424,17
20090425,3
20090426,1
20090427,16
20090428,18
20090429,15
20090430,25
20090501,16
20090502,9
20090503,2
20090504,28
20090505,36
20090506,30
20090507,35
20090508,26
20090509,10
20090511,25
20090512,28
20090513,29
20090514,27
20090515,24
20090516,12
20090517,3
20090518,21
20090519,32
20090520,30
20090521,25
20090522,29
20090523,6
20090525,11
20090526,55
20090527,24
20090528,24
20090529,18
20090530,9
20090531,4
20090601,22
20090602,27
20090603,20
20090604,23
20090605,21
20090606,6
20090607,2
20090608,23
20090609,26
20090610,28
20090611,26
20090612,27
20090613,8
20090615,23
20090616,25
20090617,20
20090618,28
20090619,30
20090620,6
20090621,1
20090622,23
20090623,24
20090624,22
20090625,15
20090626,20
20090627,9
20090628,2
20090629,15
20090630,24
20090701,23
20090702,24
20090703,13
20090704,2
20090705,1
20090706,20
20090707,22
20090708,18
20090709,24
20090710,17
20090711,7
20090712,3
20090713,12
20090714,22
20090715,34
20090716,29
20090717,28
20090718,9
20090719,3
20090720,14
20090721,18
20090722,20
20090723,18
20090724,24
20090725,9
20090726,1
20090727,23
20090728,23
20090729,21
20090730,22
20090731,21
20090801,10
20090802,3
20090803,22
20090804,24
20090805,24
20090806,28
20090807,31
20090808,8
20090809,3
20090810,18
20090811,20
20090812,31
20090813,33
20090814,26
20090815,12
20090816,4
20090817,23
20090818,37
20090819,30
20090820,27
20090821,22
20090822,8
20090823,4
20090824,27
20090825,20
20090826,28
20090827,20
20090828,31
20090829,8
20090830,4
20090831,21
20090901,24
20090902,34
20090903,26
20090904,21
20090905,9
20090906,1
20090907,5
20090908,23
20090909,23
20090910,19
20090911,34
20090912,12
20090913,1
20090914,18
20090915,20
20090916,23
20090917,19
20090918,17
20090919,9
20090920,1
20090921,15
20090922,28
20090923,27
20090924,25
20090925,30
20090926,6
20090927,1
20090928,16
20090929,18
20090930,19
20091001,23
20091002,20
20091003,6
20091004,4
20091005,26
20091006,23
20091007,25
20091008,20
20091009,23
20091010,6
20091011,1
20091012,15
20091013,19
20091014,28
20091015,17
20091016,31
20091017,9
20091018,2
20091019,22
20091020,27
20091021,24
20091022,34
20091023,21
20091024,8
20091025,3
20091026,20
20091027,27
20091028,33
20091029,25
20091030,37
20091031,3
20091101,3
20091102,30
20091103,29
20091104,31
20091105,21
20091106,27
20091107,5
20091108,3
20091109,27
20091110,29
20091111,31
20091112,29
20091113,32
20091114,4
20091115,2
20091116,17
20091117,22
20091118,36
20091119,29
20091120,38
20091121,3
20091122,4
20091123,41
20091124,26
20091125,34
20091126,13
20091127,29
20091128,4
20091129,2
20091130,31
20091201,33
20091202,31
20091203,38
20091204,29
20091205,3
20091206,6
20091207,22
20091208,29
20091209,28
20091210,30
20091211,27
20091212,5
20091213,6
20091214,22
20091215,29
20091216,25
20091217,29
20091218,26
20091219,6
20091220,5
20091221,24
20091222,19
20091223,24
20091224,20
20091225,1
20091226,8
20091227,2
20091228,17
20091229,22
20091230,32
20091231,29
20100101,1
20100102,6
20100103,10
20100104,26
20100105,32
20100106,46
20100107,26
20100108,28
20100109,8
20100110,5
20100111,27
20100112,21
20100113,31
20100114,37
20100115,22
20100116,8
20100117,5
20100118,14
20100119,27
20100120,36
20100121,38
20100122,44
20100123,15
20100124,4
20100125,28
20100126,30
20100127,38
20100128,29
20100129,31
20100130,6
20100131,5
20100201,27
20100202,30
20100203,27
20100204,35
20100205,39
20100206,13
20100207,4
20100208,27
20100209,25
20100210,26
20100211,32
20100212,26
20100213,8
20100214,3
20100215,7
20100216,27
20100217,29
20100218,20
20100219,26
20100220,6
20100221,6
20100222,23
20100223,33
20100224,18
20100225,33
20100226,28
20100227,5
20100228,5
20100301,29
20100302,31
20100303,26
20100304,25
20100305,23
20100306,4
20100307,5
20100308,25
20100309,28
20100310,30
20100311,32
20100312,22
20100313,6
20100314,3
20100315,22
20100316,28
20100317,25
20100318,26
20100319,23
20100320,10
20100321,3
20100322,25
20100323,23
20100324,17
20100325,27
20100326,22
20100327,5
20100328,8
20100329,22
20100330,20
20100331,20
20100401,27
20100402,10
20100403,7
20100404,3
20100405,29
20100406,20
20100407,19
20100408,19
20100409,23
20100410,12
20100411,5
20100412,30
20100413,21
20100414,20
20100415,21
20100416,18
20100417,12
20100418,3
20100419,15
20100420,19
20100421,23
20100422,18
20100423,25
20100424,9
20100425,5
20100426,20
20100427,23
20100428,24
20100429,21
20100430,25
20100501,8
20100502,5
20100503,20
20100504,25
20100505,26
20100506,23
20100507,37
20100508,18
20100509,10
20100510,34
20100511,24
20100512,23
20100513,27
20100514,22
20100515,10
20100516,2
20100517,25
20100518,20
20100519,39
20100520,25
20100521,28
20100522,10
20100523,4
20100524,23
20100525,60
20100526,34
20100527,31
20100528,20
20100529,13
20100530,3
20100531,4
20100601,16
20100602,24
20100603,23
20100604,25
20100605,12
20100606,4
20100607,21
20100608,28
20100609,31
20100610,37
20100611,39
20100612,10
20100613,4
20100614,30
20100615,25
20100616,37
20100617,32
20100618,28
20100619,5
20100620,6
20100621,36
20100622,33
20100623,27
20100624,31
20100625,33
20100626,13
20100627,4
20100628,28
20100629,49
20100630,39
20100701,37
20100702,31
20100703,8
20100704,1
20100705,7
20100706,33
20100707,29
20100708,36
20100709,34
20100710,9
20100711,5
20100712,38
20100713,31
20100714,39
20100715,24
20100716,28
20100717,18
20100718,7
20100719,18
20100720,24
20100721,27
20100722,26
20100723,32
20100724,8
20100725,4
20100726,21
20100727,27
20100728,30
20100729,33
20100730,33
20100731,11
20100801,8
20100802,36
20100803,36
20100804,31
20100805,35
20100806,23
20100807,16
20100808,5
20100809,23
20100810,33
20100811,40
20100812,37
20100813,30
20100814,7
20100816,22
20100817,36
20100818,25
20100819,32
20100820,34
20100821,12
20100822,3
20100823,26
20100824,38
20100825,35
20100826,33
20100827,32
20100828,11
20100829,4
20100830,28
20100831,43
20100901,48
20100902,39
20100903,17
20100904,12
20100905,4
20100906,12
20100907,32
20100908,36
20100909,28
20100910,24
20100911,11
20100912,2
20100913,35
20100914,42
20100915,34
20100916,33
20100917,27
20100918,8
20100919,2
20100920,32
20100921,37
20100922,20
20100923,27
20100924,31
20100925,10
20100926,2
20100927,27
20100928,31
20100929,28
20100930,29
20101001,38
20101002,11
20101003,6
20101004,44
20101005,28
20101006,31
20101007,24
20101008,33
20101009,6
20101010,3
20101011,35
20101012,24
20101013,30
20101014,29
20101015,35
20101016,11
20101017,7
20101018,30
20101019,34
20101020,30
20101021,25
20101022,23
20101023,9
20101024,1
20101025,34
20101026,28
20101027,35
20101028,32
20101029,29
20101030,10
20101031,9
20101101,37
20101102,30
20101103,30
20101104,39
20101105,38
20101106,10
20101107,7
20101108,32
20101109,32
20101110,28
20101111,36
20101112,29
20101113,9
20101114,6
20101115,28
20101116,35
20101117,35
20101118,36
20101119,21
20101120,11
20101121,1
20101122,32
20101123,26
20101124,30
20101125,12
20101126,26
20101127,9
20101128,6
20101129,36
20101130,30
20101201,33
20101202,36
20101203,34
20101204,8
20101205,2
20101206,36
20101207,37
20101208,38
20101209,36
20101210,33
20101211,5
20101212,6
20101213,27
20101214,22
20101215,32
20101216,31
20101217,23
20101218,9
20101219,5
20101220,26
20101221,22
20101222,21
20101223,20
20101224,8
20101226,4
20101227,24
20101228,22
20101229,28
20101230,22
20101231,23
20110101,3
20110102,8
20110103,38
20110104,23
20110105,44
20110106,33
20110107,32
20110108,11
20110109,6
20110110,33
20110111,26
20110112,30
20110113,31
20110114,26
20110115,12
20110116,4
20110117,9
20110118,37
20110119,24
20110120,37
20110121,26
20110122,14
20110123,6
20110124,24
20110125,20
20110126,31
20110127,24
20110128,28
20110129,14
20110130,7
20110131,30
20110201,31
20110202,23
20110203,27
20110204,21
20110205,12
20110206,5
20110207,45
20110208,29
20110209,33
20110210,40
20110211,24
20110212,10
20110213,4
20110214,36
20110215,37
20110216,35
20110217,25
20110218,20
20110219,9
20110220,4
20110221,13
20110222,28
20110223,29
20110224,23
20110225,23
20110226,14
20110227,4
20110228,29
20110301,29
20110302,33
20110303,24
20110304,24
20110305,9
20110306,2
20110307,40
20110308,35
20110309,25
20110310,40
20110311,43
20110312,10
20110313,2
20110314,51
20110315,49
20110316,53
20110317,38
20110318,38
20110319,12
20110320,4
20110321,34
20110322,29
20110323,41
20110324,23
20110325,24
20110326,8
20110327,6
20110328,30
20110329,34
20110330,35
20110331,38
20110401,33
20110402,10
20110403,5
20110404,39
20110405,39
20110406,37
20110407,25
20110408,32
20110409,13
20110410,4
20110411,33
20110412,29
20110413,29
20110414,39
20110415,26
20110416,11
20110417,2
20110418,47
20110419,24
20110420,32
20110421,37
20110422,6
20110423,11
20110424,4
20110425,31
20110426,25
20110427,36
20110428,33
20110429,23
20110430,9
20110501,3
20110502,40
20110503,31
20110504,36
20110505,31
20110506,42
20110507,5
20110508,3
20110509,33
20110510,58
20110511,41
20110512,42
20110513,23
20110514,6
20110516,53
20110517,35
20110518,35
20110519,34
20110520,25
20110521,11
20110522,4
20110523,45
20110524,38
20110525,49
20110526,34
20110527,27
20110528,7
20110529,1
20110530,7
20110531,31
20110601,43
20110602,45
20110603,49
20110604,12
20110605,6
20110606,37
20110607,32
20110608,37
20110609,42
20110610,54
20110611,8
20110612,3
20110613,37
20110614,35
20110615,43
20110616,56
20110617,40
20110618,11
20110619,4
20110620,39
20110621,42
20110622,48
20110623,31
20110624,42
20110625,15
20110626,6
20110627,43
20110628,35
20110629,36
20110630,39
20110701,43
20110702,8
20110703,3
20110704,16
20110705,40
20110706,51
20110707,42
20110708,38
20110709,12
20110710,4
20110711,43
20110712,29
20110713,34
20110714,34
20110715,30
20110716,6
20110717,3
20110718,34
20110719,37
20110720,35
20110721,41
20110722,47
20110723,10
20110724,4
20110725,35
20110726,37
20110727,30
20110728,53
20110729,41
20110730,12
20110731,4
20110801,35
20110802,37
20110803,43
20110804,64
20110805,74
20110806,19
20110807,9
20110808,83
20110809,78
20110810,73
20110811,57
20110812,56
20110813,16
20110814,4
20110815,48
20110816,48
20110817,39
20110818,61
20110819,61
20110820,14
20110821,5
20110822,42
20110823,44
20110824,41
20110825,50
20110826,39
20110827,12
20110828,3
20110829,39
20110830,32
20110831,44
20110901,42
20110902,41
20110903,14
20110904,4
20110905,7
20110906,60
20110907,58
20110908,37
20110909,41
20110910,13
20110911,2
20110912,43
20110913,35
20110914,54
20110915,43
20110916,57
20110917,13
20110918,3
20110919,47
20110920,47
20110921,47
20110922,76
20110923,47
20110924,15
20110925,1
20110926,47
20110927,39
20110928,35
20110929,45
20110930,48
20111001,15
20111002,4
20111003,54
20111004,41
20111005,49
20111006,41
20111007,36
20111008,6
20111009,2
20111010,43
20111011,50
20111012,47
20111013,41
20111014,43
20111015,15
20111016,1
20111017,45
20111018,36
20111019,40
20111020,44
20111021,32
20111022,13
20111023,6
20111024,37
20111025,31
20111026,32
20111027,44
20111028,37
20111029,11
20111030,3
20111031,31
20111101,40
20111102,35
20111103,40
20111104,44
20111105,8
20111106,5
20111107,44
20111108,39
20111109,39
20111110,31
20111111,43
20111112,13
20111113,1
20111114,43
20111115,39
20111116,39
20111117,48
20111118,38
20111119,10
20111120,3
20111121,49
20111122,32
20111123,23
20111124,9
20111125,23
20111126,6
20111127,3
20111128,32
20111129,28
20111130,39
20111201,31
20111202,22
20111203,9
20111204,6
20111205,33
20111206,36
20111207,34
20111208,31
20111209,38
20111210,11
20111211,1
20111212,46
20111213,39
20111214,36
20111215,25
20111216,31
20111217,10
20111218,5
20111219,36
20111220,22
20111221,25
20111222,28
20111223,17
20111224,8
20111225,3
20111226,2
20111227,26
20111228,22
20111229,25
20111230,32
20111231,8
20120101,4
20120102,5
20120103,65
20120104,28
20120105,39
20120106,30
20120107,9
20120108,7
20120109,49
20120110,34
20120111,38
20120112,38
20120113,40
20120114,8
20120115,1
20120116,8
20120117,46
20120118,31
20120119,37
20120120,40
20120121,8
20120122,3
20120123,37
20120124,42
20120125,42
20120126,25
20120127,42
20120128,9
20120129,1
20120130,41
20120131,41
20120201,35
20120202,33
20120203,39
20120204,8
20120205,8
20120206,40
20120207,29
20120208,39
20120209,40
20120210,45
20120211,8
20120213,23
20120214,33
20120215,43
20120216,33
20120217,35
20120218,7
20120219,2
20120220,4
20120221,33
20120222,43
20120223,40
20120224,32
20120225,9
20120226,4
20120227,37
20120228,26
20120229,44
20120301,20
20120302,37
20120303,6
20120304,7
20120305,45
20120306,33
20120307,28
20120308,42
20120309,41
20120310,2
20120311,5
20120312,37
20120313,39
20120314,39
20120315,36
20120316,37
20120317,4
20120318,3
20120319,33
20120320,30
20120321,42
20120322,30
20120323,48
20120325,8
20120326,40
20120327,38
20120328,35
20120329,38
20120330,38
20120331,6
20120401,7
20120402,42
20120403,41
20120404,41
20120405,46
20120406,11
20120407,6
20120408,5
20120409,32
20120410,39
20120411,47
20120412,40
20120413,41
20120414,1
20120415,5
20120416,26
20120417,37
20120418,37
20120419,39
20120420,39
20120422,2
20120423,38
20120424,36
20120425,30
20120426,30
20120427,33
20120428,1
20120429,8
20120430,31
20120501,32
20120502,30
20120503,49
20120504,38
20120505,1
20120506,2
20120507,45
20120508,35
20120509,36
20120510,74
20120511,40
20120512,1
20120513,22
20120514,44
20120515,41
20120516,39
20120517,35
20120518,37
20120519,4
20120520,4
20120521,35
20120522,30
20120523,47
20120524,41
20120525,32
20120526,2
20120527,1
20120528,7
20120529,37
20120530,39
20120531,34
20120601,43
20120602,5
20120603,4
20120604,36
20120605,33
20120606,46
20120607,43
20120608,37
20120609,4
20120610,8
20120611,51
20120612,39
20120613,40
20120614,38
20120615,46
20120616,4
20120617,5
20120618,35
20120619,31
20120620,47
20120621,35
20120622,19
20120623,1
20120624,3
20120625,27
20120626,38
20120627,45
20120628,51
20120629,37
20120630,2
20120701,4
20120702,36
20120703,29
20120704,14
20120705,24
20120706,19
20120707,1
20120708,5
20120709,40
20120710,28
20120711,42
20120712,25
20120713,26
20120714,3
20120715,3
20120716,37
20120717,24
20120718,37
20120719,38
20120720,24
20120721,2
20120722,10
20120723,39
20120724,43
20120725,33
20120726,34
20120727,33
20120728,2
20120729,3
20120730,32
20120731,32
20120801,42
20120802,52
20120803,46
20120804,2
20120805,5
20120806,44
20120807,31
20120808,38
20120809,40
20120810,30
20120812,2
20120813,36
20120814,42
20120815,25
20120816,32
20120817,33
20120818,2
20120819,3
20120820,29
20120821,20
20120822,36
20120823,39
20120824,39
20120825,1
20120826,4
20120827,35
20120828,30
20120829,21
20120830,34
20120831,28
20120901,3
20120902,3
20120903,4
20120904,34
20120905,46
20120906,41
20120907,43
20120908,4
20120909,3
20120910,38
20120911,29
20120912,26
20120913,35
20120914,44
20120915,4
20120916,4
20120917,46
20120918,47
20120919,38
20120920,30
20120921,29
20120922,3
20120923,5
20120924,33
20120925,30
20120926,34
20120927,28
20120928,25
20120929,1
20120930,8
20121001,33
20121002,36
20121003,36
20121004,29
20121005,29
20121006,1
20121007,6
20121008,29
20121009,31
20121010,33
20121011,26
20121012,29
20121013,3
20121014,3
20121015,32
20121016,29
20121017,24
20121018,34
20121019,48
20121020,3
20121021,4
20121022,43
20121023,35
20121024,41
20121025,28
20121026,31
20121027,3
20121028,3
20121029,39
20121030,22
20121031,23
20121101,28
20121102,39
20121104,6
20121105,32
20121106,35
20121107,52
20121108,31
20121109,46
20121111,5
20121112,32
20121113,28
20121114,24
20121115,31
20121116,36
20121118,7
20121119,32
20121120,39
20121121,34
20121122,9
20121123,29
20121124,1
20121125,7
20121126,35
20121127,30
20121128,35
20121129,34
20121130,34
20121201,2
20121202,15
20121203,36
20121204,32
20121205,39
20121206,41
20121207,35
20121208,1
20121209,2
20121210,36
20121211,47
20121212,45
20121213,28
20121214,32
20121216,13
20121217,32
20121218,29
20121219,37
20121220,33
20121221,39
20121223,5
20121224,14
20121225,6
20121226,21
20121227,29
20121228,26
20121229,1
20121230,8
20121231,20
20130101,25
20130102,30
20130103,41
20130104,38
20130105,1
20130106,18
20130107,33
20130108,40
20130109,38
20130110,31
20130111,34
20130113,5
20130114,40
20130115,40
20130116,25
20130117,35
20130118,42
20130120,6
20130121,14
20130122,34
20130123,41
20130124,37
20130125,33
20130126,2
20130127,3
20130128,29
20130129,28
20130130,26
20130131,32
20130201,38
20130202,2
20130203,13
20130204,45
20130205,34
20130206,30
20130207,34
20130208,32
20130210,4
20130211,29
20130212,35
20130213,35
20130214,46
20130215,38
20130217,5
20130218,8
20130219,32
20130220,29
20130221,28
20130222,39
20130223,1
20130224,11
20130225,43
20130226,45
20130227,29
20130228,31
20130301,38
20130303,7
20130304,35
20130305,62
20130306,38
20130307,41
20130308,44
20130310,4
20130311,39
20130312,25
20130313,25
20130314,34
20130315,26
20130316,2
20130317,9
20130318,37
20130319,31
20130320,36
20130321,38
20130322,36
20130324,5
20130325,31
20130326,31
20130327,44
20130328,49
20130329,12
20130331,11
20130401,20
20130402,41
20130403,29
20130404,48
20130405,34
20130406,3
20130407,18
20130408,41
20130409,37
20130410,31
20130411,35
20130412,39
20130413,2
20130414,5
20130415,25
20130416,43
20130417,44
20130418,42
20130419,41
20130421,11
20130422,36
20130423,53
20130424,37
20130425,38
20130426,32
20130428,8
20130429,32
20130430,38
20130501,38
20130502,50
20130503,35
20130504,1
20130505,11
20130506,31
20130507,47
20130508,76
20130509,47
20130510,41
20130511,2
20130512,30
20130513,40
20130514,37
20130515,50
20130516,38
20130517,58
20130518,2
20130519,8
20130520,50
20130521,44
20130522,43
20130523,66
20130524,46
20130525,1
20130526,6
20130527,14
20130528,42
20130529,37
20130530,45
20130531,37
20130601,6
20130602,13
20130603,46
20130604,35
20130605,44
20130606,47
20130607,46
20130608,2
20130609,10
20130610,38
20130611,36
20130612,42
20130613,41
20130614,33
20130616,7
20130617,32
20130618,3
20130619,47
20130620,59
20130621,50
20130622,3
20130623,5
20130624,42
20130625,47
20130626,48
20130627,40
20130628,47
20130629,4
20130630,10
20130701,30
20130702,32
20130703,28
20130704,21
20130705,36
20130706,1
20130707,22
20130708,38
20130709,40
20130710,47
20130711,41
20130712,42
20130713,1
20130714,6
20130715,34
20130716,38
20130717,41
20130718,40
20130719,41
20130721,12
20130722,32
20130723,41
20130724,42
20130725,49
20130726,46
20130727,2
20130728,6
20130729,34
20130730,45
20130731,53
20130801,46
20130802,57
20130803,2
20130804,15
20130805,35
20130806,38
20130807,53
20130808,38
20130809,49
20130810,3
20130811,6
20130812,41
20130813,39
20130814,44
20130815,48
20130816,37
20130817,3
20130818,8
20130819,39
20130820,54
20130821,47
20130822,63
20130823,48
20130824,2
20130825,7
20130826,32
20130827,45
20130828,45
20130829,27
20130830,45
20130831,2
20130901,4
20130902,18
20130903,42
20130904,38
20130905,50
20130906,52
20130907,4
20130908,14
20130909,37
20130910,44
20130911,34
20130912,40
20130913,37
20130914,4
20130915,13
20130916,61
20130917,44
20130918,67
20130919,44
20130920,51
20130921,1
20130922,7
20130923,44
20130924,43
20130925,44
20130926,34
20130927,31
20130928,1
20130929,9
20130930,53
20131001,49
20131002,43
20131003,38
20131004,49
20131005,2
20131006,16
20131007,40
20131008,42
20131009,45
20131010,51
20131011,34
20131012,3
20131013,9
20131014,43
20131015,41
20131016,45
20131017,40
20131018,49
20131019,3
20131020,9
20131021,29
20131022,41
20131023,35
20131024,38
20131025,38
20131026,1
20131027,7
20131028,37
20131029,46
20131030,47
20131031,49
20131101,39
20131103,18
20131104,39
20131105,42
20131106,48
20131107,56
20131108,33
20131110,19
20131111,45
20131112,44
20131113,42
20131114,51
20131115,41
20131116,3
20131117,7
20131118,53
20131119,39
20131120,33
20131121,37
20131122,42
20131123,3
20131124,10
20131125,40
20131126,32
20131127,39
20131128,18
20131129,26
20131130,6
20131201,5
20131202,38
20131203,39
20131204,55
20131205,41
20131206,41
20131207,2
20131208,8
20131209,42
20131210,43
20131211,43
20131212,34
20131213,37
20131215,12
20131216,33
20131217,41
20131218,51
20131219,43
20131220,39
20131221,2
20131222,9
20131223,34
20131224,20
20131225,7
20131226,27
20131227,25
20131228,1
20131229,8
20131230,47
20131231,27
20140101,15
20140102,44
20140103,46
20140104,1
20140105,20
20140106,37
20140107,38
20140108,41
20140109,38
20140110,53
20140111,2
20140112,9
20140113,48
20140114,44
20140115,39
20140116,46
20140117,38
20140118,4
20140119,2
20140120,21
20140121,47
20140122,41
20140123,32
20140124,53
20140125,1
20140126,6
20140127,58
20140128,46
20140129,61
20140130,52
20140131,34
20140201,2
20140202,7
20140203,57
20140204,57
20140205,46
20140206,51
20140207,45
20140209,12
20140210,40
20140211,33
20140212,30
20140213,31
20140214,42
20140215,1
20140216,4
20140217,15
20140218,35
20140219,32
20140220,50
20140221,43
20140223,11
20140224,40
20140225,36
20140226,27
20140227,33
20140228,31
20140301,2
20140302,5
20140303,61
20140304,47
20140305,38
20140306,36
20140307,46
20140308,3
20140309,7
20140310,39
20140311,42
20140312,33
20140313,38
20140314,35
20140315,1
20140316,12
20140317,32
20140318,42
20140319,33
20140320,46
20140321,48
20140322,1
20140323,6
20140324,35
20140325,43
20140326,36
20140327,37
20140328,37
20140329,1
20140330,5
20140331,41
20140401,46
20140402,34
20140403,41
20140404,37
20140405,3
20140406,20
20140407,40
20140408,44
20140409,42
20140410,40
20140411,51
20140413,9
20140414,40
20140415,48
20140416,39
20140417,39
20140418,15
20140420,9
20140421,30
20140422,50
20140423,39
20140424,41
20140425,40
20140426,2
20140427,6
20140428,42
20140429,42
20140430,38
20140501,31
20140502,40
20140503,2
20140504,17
20140505,36
20140506,36
20140507,43
20140508,36
20140509,32
20140510,1
20140511,7
20140512,37
20140513,29
20140514,49
20140515,49
20140516,35
20140517,3
20140518,6
20140519,28
20140520,51
20140521,44
20140522,37
20140523,40
20140524,1
20140525,1
20140526,15
20140527,34
20140528,33
20140529,31
20140530,46
20140531,1
20140601,7
20140602,53
20140603,45
20140604,38
20140605,46
20140606,41
20140607,1
20140608,9
20140609,39
20140610,38
20140611,40
20140612,36
20140613,41
20140614,4
20140615,12
20140616,36
20140617,36
20140618,35
20140619,41
20140620,35
20140621,2
20140622,10
20140623,45
20140624,41
20140625,40
20140626,39
20140627,38
20140629,11
20140630,30
20140701,34
20140702,40
20140703,28
20140704,17
20140706,16
20140707,45
20140708,34
20140709,31
20140710,36
20140711,31
20140713,5
20140714,36
20140715,34
20140716,30
20140717,40
20140718,33
20140720,5
20140721,25
20140722,33
20140723,24
20140724,34
20140725,22
20140726,3
20140727,8
20140728,31
20140729,33
20140730,29
20140731,33
20140801,32
20140802,1
20140803,11
20140804,23
20140805,23
20140806,28
20140807,29
20140808,22
20140809,4
20140810,8
20140811,29
20140812,24
20140813,137
20140814,41
20140815,32
20140816,4
20140817,8
20140818,30
20140819,34
20140820,31
20140821,30
20140822,20
20140823,3
20140824,5
20140825,31
20140826,28
20140827,29
20140828,28
20140829,24
20140830,2
20140831,1
20140901,23
20140902,29
20140903,31
20140904,32
20140905,29
20140906,3
20140907,20
20140908,39
20140909,33
20140910,29
20140911,38
20140912,28
20140913,3
20140914,8
20140915,38
20140916,36
20140917,37
20140918,35
20140919,37
20140920,3
20140921,8
20140922,30
20140923,25
20140924,34
20140925,29
20140926,30
20140927,4
20140928,7
20140929,33
20140930,33
20141001,33
20141002,39
20141003,28
20141004,6
20141005,17
20141006,26
20141007,32
20141008,33
20141009,47
20141010,40
20141011,3
20141012,9
20141013,36
20141014,31
20141015,57
20141016,47
20141017,40
20141018,3
20141019,10
20141020,28
20141021,38
20141022,35
20141023,40
20141024,36
20141025,2
20141026,12
20141027,38
20141028,34
20141029,46
20141030,38
20141031,48
20141101,1
20141102,10
20141103,41
20141104,40
20141105,28
20141106,28
20141107,27
20141108,2
20141109,15
20141110,32
20141111,32
20141112,25
20141113,32
20141114,31
20141115,4
20141116,8
20141117,44
20141118,29
20141119,40
20141120,27
20141121,29
20141123,14
20141124,28
20141125,29
20141126,26
20141127,15
20141128,31
20141129,2
20141130,9
20141201,28
20141202,39
20141203,25
20141204,33
20141205,31
20141206,1
20141207,22
20141208,38
20141209,45
20141210,43
20141211,50
20141212,34
20141213,3
20141214,16
20141215,43
20141216,32
20141217,41
20141218,38
20141219,22
20141220,3
20141221,13
20141222,28
20141223,32
20141224,15
20141225,8
20141226,24
20141227,1
20141228,9
20141229,38
20141230,36
20141231,32
20150101,11
20150102,30
20150103,4
20150104,5
20150105,51
20150106,31
20150107,31
20150108,29
20150109,36
20150110,1
20150111,12
20150112,31
20150113,40
20150114,37
20150115,36
20150116,37
20150117,4
20150118,3
20150119,25
20150120,34
20150121,38
20150122,37
20150123,26
20150124,2
20150125,15
20150126,28
20150127,42
20150128,32
20150129,46
20150130,30
20150131,1
20150201,13
20150202,31
20150203,39
20150204,32
20150205,42
20150206,26
20150207,3
20150208,24
20150209,36
20150210,31
20150211,24
20150212,34
20150213,30
20150215,4
20150216,13
20150217,31
20150218,35
20150219,28
20150220,29
20150221,1
20150222,11
20150223,30
20150224,43
20150225,27
20150226,38
20150227,34
20150228,5
20150301,10
20150302,30
20150303,27
20150304,28
20150305,37
20150306,42
20150308,24
20150309,40
20150310,39
20150311,43
20150312,34
20150313,36
20150315,10
20150316,36
20150317,31
20150318,36
20150319,30
20150320,36
20150322,10
20150323,27
20150324,30
20150325,35
20150326,28
20150327,42
20150329,6
20150330,34
20150331,41
20150401,32
20150402,24
20150403,18
20150405,9
20150406,38
20150407,31
20150408,28
20150409,24
20150410,23
20150412,11
20150413,28
20150414,36
20150415,30
20150416,36
20150417,29
20150419,11
20150420,28
20150421,34
20150422,36
20150423,35
20150424,38
20150426,10
20150427,34
20150428,34
20150429,26
20150430,37
