20050106,1
20050113,2
20050117,1
20050123,1
20050124,4
20050126,3
20050127,3
20050128,4
20050130,1
20050131,1
20050202,1
20050204,1
20050207,1
20050211,1
20050214,1
20050224,1
20050228,1
20050301,1
20050302,1
20050303,1
20050304,1
20050307,4
20050308,8
20050309,4
20050310,2
20050311,2
20050313,1
20050317,1
20050321,2
20050324,1
20050330,2
20050331,1
20050403,1
20050415,1
20050418,3
20050419,9
20050420,2
20050421,1
20050425,1
20050427,1
20050503,1
20050510,1
20050511,2
20050517,1
20050520,1
20050524,1
20050529,1
20050606,2
20050607,2
20050608,7
20050609,7
20050613,1
20050614,1
20050621,1
20050623,1
20050629,1
20050701,1
20050706,2
20050707,2
20050714,1
20050715,1
20050720,1
20050721,1
20050724,1
20050725,4
20050726,4
20050727,4
20050728,1
20050801,2
20050809,1
20050815,1
20050817,1
20050822,1
20050823,1
20050902,1
20050906,1
20050907,1
20050908,4
20050909,8
20050910,1
20050912,1
20050917,1
20050920,2
20050923,1
20050926,2
20050928,1
20051004,3
20051005,1
20051012,2
20051014,1
20051017,1
20051018,1
20051019,1
20051021,2
20051024,2
20051025,4
20051026,3
20051027,2
20051031,2
20051104,1
20051107,1
20051108,1
20051112,1
20051116,1
20051117,1
20051123,1
20051130,1
20051201,1
20051202,1
20051205,1
20051206,1
20051207,7
20051208,3
20051209,1
20051214,1
20051217,1
20051219,2
20051220,2
20051221,1
20051223,1
20051224,1
20060104,1
20060105,1
20060109,1
20060110,2
20060111,1
20060113,3
20060116,2
20060120,1
20060121,1
20060123,2
20060124,3
20060125,2
20060126,1
20060128,1
20060206,1
20060207,1
20060213,2
20060216,1
20060222,1
20060223,1
20060301,2
20060302,3
20060304,1
20060306,1
20060307,5
20060308,4
20060327,1
20060403,1
20060406,2
20060407,1
20060408,1
20060413,1
20060414,1
20060417,1
20060418,1
20060419,3
20060420,1
20060421,1
20060424,1
20060518,1
20060530,1
20060601,1
20060602,1
20060605,1
20060607,1
20060609,3
20060610,1
20060612,1
20060613,1
20060615,1
20060617,1
20060628,2
20060629,2
20060713,1
20060714,1
20060721,2
20060722,1
20060725,3
20060726,4
20060728,1
20060801,2
20060803,1
20060809,1
20060822,1
20060824,1
20060825,2
20060902,1
20060905,1
20060907,1
20060908,2
20060912,3
20060913,1
20060918,1
20060921,2
20060923,2
20061004,1
20061005,1
20061013,1
20061016,1
20061018,2
20061022,1
20061023,1
20061024,4
20061025,2
20061026,2
20061030,1
20061101,1
20061110,1
20061114,2
20061120,1
20061126,1
20061130,1
20061201,1
20061204,2
20061205,1
20061206,1
20061207,1
20061208,1
20061211,1
20061212,3
20061213,1
20061220,3
20061228,1
20070105,1
20070108,1
20070116,1
20070119,1
20070122,1
20070123,2
20070124,5
20070125,1
20070126,2
20070127,1
20070129,1
20070130,1
20070206,2
20070207,1
20070208,1
20070209,1
20070215,1
20070220,1
20070221,1
20070222,2
20070224,1
20070310,1
20070312,2
20070313,5
20070314,6
20070317,1
20070319,1
20070320,2
20070404,1
20070418,1
20070420,2
20070421,1
20070423,1
20070424,3
20070425,3
20070427,1
20070428,1
20070430,1
20070501,1
20070503,2
20070504,4
20070505,1
20070509,1
20070510,3
20070511,1
20070512,1
20070515,1
20070517,1
20070518,1
20070523,2
20070526,1
20070530,2
20070609,1
20070611,3
20070612,4
20070613,2
20070618,1
20070621,2
20070627,2
20070703,1
20070710,1
20070718,1
20070719,1
20070720,3
20070722,1
20070723,3
20070724,5
20070725,1
20070801,1
20070804,1
20070807,1
20070808,1
20070809,1
20070814,1
20070821,1
20070827,1
20070828,1
20070830,1
20070831,2
20070905,1
20070910,1
20070912,3
20070913,3
20070914,2
20070919,1
20070921,5
20070922,1
20070924,1
20070925,1
20070926,1
20070927,1
20071002,1
20071003,2
20071004,1
20071010,1
20071015,1
20071016,1
20071019,1
20071022,1
20071023,6
20071024,2
20071025,1
20071029,1
20071030,1
20071101,1
20071105,1
20071113,1
20071114,1
20071115,1
20071119,1
20071120,1
20071121,1
20071201,1
20071203,1
20071205,1
20071207,1
20071210,2
20071211,3
20071212,1
20071214,1
20071217,2
20071228,1
20080102,1
20080103,1
20080105,1
20080114,1
20080115,1
20080117,2
20080118,2
20080123,2
20080201,1
20080202,1
20080219,2
20080220,1
20080228,2
20080229,1
20080301,1
20080305,1
20080307,2
20080311,3
20080312,1
20080313,1
20080320,3
20080326,1
20080331,1
20080402,1
20080411,1
20080414,1
20080415,1
20080418,1
20080422,5
20080423,2
20080501,1
20080520,2
20080524,1
20080602,1
20080610,2
20080611,1
20080612,1
20080618,1
20080711,1
20080720,1
20080721,1
20080722,5
20080723,2
20080725,3
20080801,1
20080804,1
20080818,1
20080820,1
20080821,2
20080903,1
20080910,2
20080911,3
20080912,1
20080917,1
20080922,1
20080929,1
20081001,1
20081003,1
20081007,1
20081016,1
20081020,1
20081021,4
20081022,3
20081028,1
20081030,1
20081107,1
20081111,1
20081117,1
20081128,1
20081209,4
20081210,4
20081211,1
20081212,1
20081217,2
20081219,1
20081230,1
20090105,1
20090108,1
20090123,2
20090127,3
20090128,2
20090129,2
20090130,2
20090208,1
20090213,2
20090217,1
20090301,1
20090303,1
20090310,1
20090311,2
20090312,1
20090314,1
20090317,1
20090318,3
20090330,1
20090401,2
20090403,1
20090408,1
20090420,1
20090421,3
20090422,1
20090427,2
20090429,1
20090430,1
20090501,2
20090504,1
20090521,1
20090603,1
20090609,3
20090610,4
20090611,1
20090614,1
20090624,2
20090626,1
20090702,1
20090703,1
20090709,1
20090713,1
20090716,3
20090721,5
20090722,3
20090723,1
20090724,2
20090727,1
20090813,1
20090814,1
20090818,1
20090820,1
20090821,1
20090828,1
20090831,1
20090907,1
20090909,2
20090910,3
20090911,4
20090923,1
20090925,1
20091001,1
20091013,1
20091014,1
20091019,1
20091020,1
20091021,1
20091022,1
20091027,1
20091028,2
20091029,2
20091101,1
20091102,1
20091103,1
20091104,1
20091116,2
20091118,1
20091120,2
20091124,1
20091125,2
20091201,1
20091202,1
20091203,1
20091207,1
20091208,1
20091209,2
20091210,2
20091220,1
20091228,2
20091229,1
20100106,1
20100107,1
20100109,1
20100114,1
20100115,1
20100122,1
20100125,1
20100126,4
20100129,1
20100217,1
20100301,1
20100308,1
20100309,1
20100310,1
20100312,2
20100403,1
20100405,2
20100412,1
20100415,1
20100419,1
20100426,1
20100427,3
20100504,1
20100528,1
20100529,1
20100603,1
20100608,2
20100609,1
20100611,2
20100614,1
20100617,1
20100618,1
20100623,1
20100628,1
20100712,1
20100716,1
20100719,2
20100720,2
20100721,1
20100726,3
20100729,2
20100730,1
20100731,1
20100804,1
20100805,1
20100815,1
20100816,1
20100818,1
20100819,1
20100825,1
20100826,1
20100831,1
20100908,1
20100909,2
20100910,1
20100913,1
20100917,3
20100918,1
20100920,1
20100921,1
20101003,1
20101006,1
20101008,1
20101015,1
20101022,1
20101025,3
20101026,1
20101028,1
20101030,1
20101102,1
20101118,2
20101122,1
20101130,1
20101201,1
20101208,1
20101210,1
20101216,1
20101217,1
20101218,1
20101221,1
20101224,1
20101227,1
20101228,1
20110105,2
20110106,1
20110107,1
20110114,1
20110124,5
20110125,3
20110127,1
20110204,1
20110207,2
20110210,1
20110214,1
20110215,1
20110216,2
20110222,1
20110225,1
20110226,1
20110228,2
20110301,1
20110308,1
20110309,1
20110314,1
20110315,3
20110316,1
20110317,1
20110325,2
20110401,2
20110404,5
20110405,18
20110406,3
20110407,1
20110409,1
20110412,3
20110414,1
20110419,5
20110425,2
20110428,1
20110502,1
20110503,1
20110504,5
20110506,1
20110509,1
20110510,1
20110517,1
20110518,7
20110519,2
20110521,2
20110526,3
20110531,1
20110601,1
20110608,2
20110609,5
20110610,2
20110616,3
20110620,2
20110630,2
20110701,3
20110702,1
20110705,1
20110712,4
20110719,1
20110722,2
20110724,1
20110725,5
20110726,1
20110728,1
20110805,2
20110816,2
20110818,1
20110901,2
20110906,1
20110907,2
20110908,1
20110909,10
20110915,1
20110916,3
20110919,1
20110922,1
20110927,3
20111011,1
20111012,2
20111014,1
20111017,1
20111020,2
20111024,3
20111025,6
20111026,1
20111027,1
20111028,1
20111108,2
20111109,1
20111110,1
20111114,1
20111115,2
20111118,2
20111122,1
20111205,1
20111208,1
20111209,5
20111210,2
20111212,5
20111213,1
20111215,3
20111227,1
20111228,1
20120107,1
20120109,4
20120110,2
20120111,1
20120112,1
20120118,1
20120123,4
20120124,2
20120126,2
20120202,1
20120203,1
20120210,1
20120213,1
20120215,1
20120227,1
20120228,1
20120229,1
20120308,2
20120309,2
20120315,2
20120316,1
20120319,1
20120321,1
20120322,2
20120323,1
20120327,1
20120402,2
20120405,1
20120406,1
20120410,1
20120411,1
20120416,1
20120423,1
20120424,2
20120426,2
20120502,1
20120508,1
20120510,1
20120511,1
20120517,1
20120522,1
20120523,1
20120529,2
20120530,1
20120605,2
20120612,3
20120613,3
20120628,1
20120629,2
20120702,1
20120703,1
20120704,1
20120705,1
20120709,2
20120711,1
20120720,1
20120723,3
20120724,1
20120725,2
20120806,1
20120807,1
20120812,1
20120813,1
20120814,2
20120817,1
20120828,1
20120907,2
20120910,2
20120911,2
20120912,1
20120913,1
20120914,1
20120921,3
20120926,2
20120930,1
20121015,1
20121016,1
20121017,1
20121019,1
20121022,4
20121023,4
20121024,1
20121025,2
20121026,1
20121027,1
20121106,1
20121114,1
20121115,1
20121118,1
20121119,1
20121126,2
20121128,1
20121203,1
20121204,1
20121210,1
20121212,1
20121213,1
20121219,1
20121221,2
20121225,1
20130101,1
20130109,1
20130110,2
20130113,1
20130115,1
20130116,1
20130122,3
20130123,1
20130127,1
20130129,1
20130201,1
20130204,2
20130206,1
20130208,1
20130211,1
20130212,1
20130214,1
20130221,1
20130222,1
20130304,1
20130305,1
20130308,1
20130313,1
20130317,1
20130318,1
20130328,1
20130408,3
20130412,2
20130418,1
20130422,2
20130423,3
20130502,1
20130523,1
20130524,1
20130604,1
20130610,3
20130611,2
20130614,1
20130616,1
20130618,1
20130621,1
20130701,1
20130703,1
20130707,1
20130719,1
20130721,1
20130722,1
20130724,1
20130726,1
20130729,1
20130801,1
20130808,1
20130814,1
20130815,1
20130819,3
20130827,1
20130910,1
20130911,3
20130912,1
20130927,1
20131007,1
20131014,1
20131015,1
20131021,3
20131022,3
20131023,1
20131027,1
20131103,1
20131106,2
20131126,1
20131209,2
20131210,2
20131212,1
20131213,1
20131216,1
20131219,1
20131229,1
20140120,1
20140121,2
20140122,1
20140124,1
20140203,1
20140219,1
20140223,1
20140313,1
20140325,1
20140411,1
20140415,1
20140418,1
20140422,1
20140423,1
20140424,1
20140428,1
20140430,1
20140513,1
20140515,1
20140519,1
20140528,1
20140529,2
20140530,1
20140602,2
20140605,1
20140616,1
20140624,1
20140627,1
20140701,1
20140707,1
20140711,2
20140713,1
20140714,1
20140716,1
20140721,2
20140722,2
20140728,1
20140729,1
20140806,1
20140818,2
20140820,1
20140825,1
20140828,1
20140904,1
20140918,1
20140923,1
20141002,1
20141003,2
20141010,2
20141019,1
20141020,2
20141021,1
20141029,1
20141104,1
20141119,1
20141130,1
20141201,4
20141202,1
20141203,3
20141208,1
20141209,1
20141211,1
20141212,1
20141218,1
20141223,1
20141224,1
20150116,1
20150120,2
20150126,2
20150127,1
20150129,1
20150213,1
20150226,1
20150301,1
20150302,2
20150304,2
20150309,2
20150310,1
20150311,1
20150325,1
20150326,1
20150327,3
20150330,2
20150403,1
20150414,2
20150417,1
20150419,1
20150422,1
20150423,2
20150427,2
20150428,1
