20050105,1
20050107,4
20050111,2
20050112,2
20050113,3
20050114,1
20050117,2
20050118,1
20050119,2
20050121,2
20050124,2
20050125,1
20050126,5
20050127,1
20050128,2
20050130,1
20050131,3
20050201,2
20050202,2
20050204,1
20050207,2
20050208,3
20050209,3
20050210,3
20050211,1
20050214,1
20050215,1
20050216,4
20050217,1
20050218,3
20050223,1
20050224,1
20050225,2
20050301,1
20050302,1
20050303,2
20050307,1
20050308,2
20050309,1
20050310,3
20050311,3
20050312,1
20050313,3
20050314,6
20050315,6
20050316,6
20050317,2
20050318,2
20050321,1
20050322,1
20050323,2
20050324,3
20050328,1
20050329,1
20050330,4
20050331,1
20050401,1
20050405,3
20050406,2
20050410,1
20050411,1
20050413,2
20050415,2
20050419,4
20050420,2
20050422,3
20050426,1
20050427,2
20050429,2
20050503,1
20050506,3
20050509,2
20050510,2
20050511,2
20050512,1
20050516,1
20050517,1
20050518,1
20050519,3
20050520,1
20050521,1
20050523,1
20050524,1
20050525,2
20050531,1
20050601,1
20050602,1
20050603,1
20050606,1
20050607,1
20050608,4
20050610,1
20050613,1
20050614,1
20050616,3
20050617,2
20050620,1
20050622,1
20050624,2
20050627,3
20050628,2
20050629,2
20050630,1
20050701,2
20050705,1
20050706,2
20050707,1
20050708,1
20050711,2
20050712,4
20050713,1
20050715,2
20050718,5
20050719,1
20050721,3
20050722,1
20050725,1
20050727,2
20050729,2
20050801,1
20050803,1
20050804,2
20050805,2
20050807,1
20050808,2
20050809,5
20050810,4
20050811,1
20050812,1
20050815,2
20050817,1
20050818,1
20050819,2
20050822,1
20050823,2
20050825,1
20050826,1
20050829,2
20050831,2
20050902,2
20050906,1
20050907,1
20050908,1
20050912,6
20050913,1
20050914,3
20050915,3
20050916,2
20050917,1
20050921,3
20050922,1
20050923,4
20050926,2
20050927,2
20050928,1
20050930,2
20051001,2
20051002,1
20051004,1
20051006,1
20051007,2
20051008,2
20051010,1
20051011,1
20051012,1
20051013,2
20051014,2
20051017,2
20051019,2
20051024,3
20051026,2
20051027,2
20051029,1
20051031,8
20051103,1
20051107,1
20051108,4
20051109,2
20051110,2
20051114,2
20051116,3
20051118,4
20051119,1
20051121,3
20051123,1
20051125,2
20051128,1
20051129,1
20051130,1
20051201,1
20051202,1
20051203,1
20051205,3
20051206,4
20051207,1
20051208,1
20051212,3
20051213,3
20051214,1
20051215,2
20051216,1
20051219,2
20051220,1
20051221,1
20051223,1
20051229,1
20051230,1
20051231,1
20060103,4
20060104,3
20060105,4
20060106,4
20060109,1
20060111,4
20060112,1
20060116,1
20060118,2
20060119,6
20060120,5
20060121,1
20060123,2
20060124,5
20060125,6
20060126,1
20060127,2
20060128,1
20060129,1
20060130,2
20060131,1
20060203,1
20060206,4
20060207,6
20060208,2
20060209,4
20060210,3
20060211,2
20060215,2
20060217,2
20060221,1
20060224,1
20060227,1
20060228,2
20060301,1
20060304,2
20060307,2
20060308,2
20060309,3
20060310,4
20060313,3
20060314,3
20060315,3
20060316,2
20060320,1
20060321,1
20060322,1
20060327,2
20060329,2
20060330,1
20060401,1
20060403,4
20060404,2
20060405,1
20060410,3
20060411,2
20060412,2
20060413,1
20060415,2
20060417,2
20060418,3
20060421,2
20060424,1
20060427,3
20060429,1
20060502,2
20060505,1
20060508,1
20060509,1
20060510,4
20060511,1
20060512,1
20060514,1
20060515,3
20060516,1
20060520,1
20060522,1
20060524,1
20060525,1
20060526,2
20060527,1
20060531,1
20060601,3
20060602,1
20060603,2
20060606,3
20060608,1
20060609,3
20060612,1
20060613,6
20060616,1
20060617,1
20060619,3
20060620,4
20060621,4
20060623,2
20060626,1
20060627,3
20060628,2
20060629,5
20060630,2
20060705,1
20060707,1
20060710,4
20060711,1
20060712,1
20060713,2
20060714,2
20060715,1
20060716,1
20060719,5
20060725,2
20060726,1
20060728,1
20060731,4
20060801,4
20060803,1
20060804,2
20060808,3
20060809,8
20060810,3
20060813,1
20060816,1
20060817,1
20060818,1
20060821,2
20060824,1
20060825,1
20060826,1
20060902,2
20060905,1
20060906,2
20060907,1
20060908,2
20060911,2
20060912,1
20060913,2
20060914,2
20060915,3
20060916,1
20060918,1
20060919,2
20060920,4
20060922,1
20060928,1
20060929,2
20061002,1
20061005,2
20061009,4
20061012,1
20061013,1
20061016,1
20061017,4
20061018,1
20061019,2
20061020,1
20061021,1
20061024,1
20061025,1
20061030,5
20061031,1
20061101,2
20061102,2
20061103,2
20061104,1
20061107,1
20061109,1
20061110,7
20061111,1
20061114,1
20061115,1
20061116,1
20061117,2
20061120,2
20061121,3
20061122,3
20061124,1
20061125,1
20061127,1
20061128,1
20061130,1
20061201,3
20061206,3
20061211,1
20061215,1
20061218,1
20061219,1
20061220,1
20061221,1
20061222,1
20061227,1
20061228,1
20061229,1
20061230,1
20070102,2
20070103,1
20070104,2
20070109,1
20070110,1
20070111,3
20070112,1
20070113,1
20070117,2
20070119,1
20070122,1
20070123,2
20070124,2
20070125,1
20070126,1
20070127,1
20070129,2
20070130,1
20070201,1
20070202,3
20070205,1
20070206,4
20070207,3
20070208,3
20070209,4
20070210,1
20070212,3
20070213,2
20070214,1
20070217,1
20070220,1
20070221,1
20070222,1
20070223,1
20070224,1
20070226,2
20070227,1
20070228,1
20070301,3
20070302,1
20070303,1
20070305,4
20070306,1
20070307,4
20070308,2
20070309,4
20070312,3
20070313,2
20070314,1
20070317,1
20070322,1
20070323,2
20070327,1
20070330,1
20070331,1
20070402,1
20070405,1
20070406,3
20070407,1
20070409,1
20070417,1
20070420,1
20070421,1
20070426,3
20070502,1
20070503,1
20070504,1
20070507,1
20070508,3
20070509,4
20070510,2
20070511,1
20070514,2
20070517,2
20070518,2
20070521,1
20070523,3
20070524,1
20070525,6
20070529,1
20070531,1
20070602,1
20070604,2
20070606,2
20070607,1
20070611,3
20070612,2
20070613,2
20070615,3
20070618,2
20070619,1
20070621,2
20070622,1
20070625,1
20070627,3
20070628,1
20070629,1
20070705,2
20070706,1
20070710,3
20070712,2
20070716,1
20070719,1
20070720,1
20070721,1
20070723,1
20070726,3
20070727,1
20070729,1
20070801,2
20070802,3
20070803,1
20070808,2
20070814,2
20070815,1
20070817,3
20070820,1
20070824,1
20070826,1
20070827,1
20070828,1
20070829,2
20070830,1
20070901,1
20070904,2
20070905,1
20070906,1
20070907,2
20070910,1
20070911,1
20070912,1
20070916,1
20070917,2
20070919,1
20070920,3
20070921,1
20070928,1
20070930,1
20071001,1
20071002,1
20071004,2
20071008,1
20071010,1
20071011,1
20071012,1
20071013,2
20071015,2
20071017,3
20071018,3
20071019,1
20071022,1
20071024,1
20071026,1
20071031,1
20071102,2
20071105,1
20071108,1
20071109,3
20071112,2
20071113,1
20071114,1
20071115,1
20071116,1
20071119,2
20071121,1
20071123,1
20071130,1
20071205,1
20071207,2
20071210,1
20071211,1
20071213,2
20071219,5
20071221,1
20071226,2
20071227,2
20071228,1
20071229,1
20080104,1
20080107,1
20080109,3
20080112,1
20080114,4
20080115,1
20080116,3
20080117,1
20080118,1
20080122,11
20080123,4
20080125,1
20080128,1
20080129,1
20080130,1
20080202,1
20080203,1
20080204,3
20080205,1
20080206,4
20080207,2
20080208,1
20080211,1
20080219,1
20080221,1
20080222,2
20080223,1
20080229,1
20080303,1
20080306,1
20080307,1
20080308,1
20080309,1
20080310,1
20080311,1
20080312,1
20080314,1
20080321,1
20080325,1
20080327,1
20080403,1
20080404,2
20080408,1
20080409,3
20080414,1
20080416,2
20080418,5
20080421,1
20080422,1
20080425,2
20080426,1
20080428,1
20080429,3
20080430,1
20080502,2
20080503,1
20080504,2
20080505,2
20080506,3
20080507,5
20080508,3
20080509,1
20080510,1
20080512,1
20080513,2
20080514,1
20080517,1
20080520,1
20080522,3
20080527,1
20080528,2
20080604,2
20080606,1
20080610,1
20080616,3
20080617,2
20080618,1
20080619,3
20080620,1
20080621,1
20080624,2
20080627,1
20080628,1
20080630,1
20080701,1
20080708,2
20080709,1
20080715,1
20080717,1
20080719,1
20080721,1
20080726,2
20080728,2
20080730,1
20080731,3
20080801,2
20080804,1
20080805,1
20080807,1
20080814,1
20080815,1
20080816,1
20080818,3
20080821,1
20080827,1
20080902,1
20080903,1
20080906,1
20080907,1
20080908,2
20080909,2
20080913,1
20080916,1
20080922,1
20080923,1
20080925,1
20080926,1
20081001,4
20081002,1
20081003,1
20081007,1
20081011,1
20081014,2
20081015,2
20081018,1
20081022,2
20081023,2
20081027,2
20081028,1
20081031,2
20081101,1
20081103,1
20081104,1
20081105,3
20081106,3
20081107,1
20081108,2
20081110,2
20081112,2
20081117,2
20081118,3
20081119,1
20081120,1
20081121,1
20081124,1
20081125,1
20081128,2
20081201,1
20081204,1
20081205,1
20081208,1
20081209,1
20081210,1
20081216,1
20081217,4
20081224,1
20081226,2
20090105,1
20090108,1
20090109,1
20090112,3
20090114,1
20090116,1
20090122,2
20090123,1
20090128,1
20090129,2
20090130,1
20090204,2
20090205,3
20090206,2
20090207,1
20090209,2
20090210,1
20090211,1
20090219,1
20090221,1
20090223,1
20090224,2
20090225,1
20090306,1
20090309,2
20090310,2
20090311,1
20090313,1
20090314,1
20090318,3
20090319,1
20090320,1
20090323,1
20090324,2
20090326,1
20090331,1
20090401,2
20090403,1
20090404,1
20090406,1
20090414,1
20090415,1
20090417,1
20090420,1
20090422,1
20090427,1
20090430,1
20090501,2
20090504,2
20090505,1
20090506,1
20090507,3
20090508,1
20090514,1
20090519,1
20090526,1
20090528,1
20090529,1
20090601,1
20090602,2
20090605,1
20090606,1
20090608,1
20090609,1
20090619,1
20090623,2
20090624,1
20090625,1
20090626,1
20090701,2
20090710,2
20090715,1
20090717,1
20090720,1
20090721,1
20090723,1
20090724,1
20090727,1
20090728,1
20090731,1
20090801,1
20090815,1
20090817,1
20090818,1
20090821,1
20090824,1
20090825,1
20090827,1
20090828,3
20090831,4
20090901,3
20090902,2
20090903,4
20090904,1
20090905,1
20090908,2
20090909,1
20090910,2
20090911,2
20090912,1
20090914,1
20090916,1
20090917,1
20090921,1
20090922,1
20090925,1
20090928,1
20090929,2
20091001,3
20091002,3
20091005,1
20091007,2
20091009,2
20091012,2
20091013,1
20091015,1
20091016,1
20091020,1
20091021,2
20091022,2
20091023,1
20091026,1
20091027,1
20091028,1
20091102,2
20091105,1
20091106,2
20091113,2
20091119,1
20091123,1
20091125,4
20091127,2
20091129,2
20091202,1
20091203,5
20091204,2
20091206,1
20091207,2
20091211,2
20091212,1
20091214,1
20091217,1
20091219,1
20091220,1
20091221,1
20091222,1
20091223,2
20091226,1
20091228,2
20091230,2
20091231,2
20100102,1
20100105,1
20100106,1
20100107,2
20100111,1
20100112,2
20100113,1
20100115,2
20100120,1
20100122,1
20100125,1
20100126,1
20100128,1
20100130,1
20100201,2
20100202,1
20100203,1
20100204,1
20100205,1
20100207,1
20100208,1
20100209,1
20100210,3
20100211,2
20100212,2
20100215,1
20100216,1
20100218,1
20100219,1
20100222,1
20100223,4
20100225,1
20100228,1
20100302,3
20100303,5
20100304,4
20100305,1
20100306,2
20100307,2
20100308,3
20100309,1
20100310,2
20100311,1
20100312,2
20100313,1
20100317,1
20100318,2
20100319,1
20100320,1
20100323,1
20100324,2
20100326,1
20100329,1
20100331,1
20100401,4
20100402,2
20100405,1
20100406,1
20100414,1
20100416,1
20100417,1
20100419,1
20100420,1
20100422,2
20100423,3
20100426,1
20100428,1
20100503,1
20100504,1
20100506,1
20100508,1
20100510,1
20100511,1
20100512,2
20100513,2
20100520,1
20100521,1
20100522,2
20100525,2
20100526,1
20100527,1
20100528,1
20100529,1
20100601,1
20100602,1
20100603,2
20100605,1
20100607,1
20100609,2
20100610,2
20100611,1
20100613,1
20100620,1
20100621,1
20100623,1
20100624,2
20100625,2
20100629,1
20100630,1
20100701,1
20100706,3
20100707,2
20100708,4
20100709,2
20100712,2
20100714,3
20100715,1
20100716,1
20100721,1
20100724,1
20100726,1
20100727,5
20100728,4
20100729,1
20100730,4
20100731,2
20100802,1
20100803,2
20100804,1
20100805,1
20100808,2
20100809,2
20100811,2
20100812,1
20100813,1
20100816,2
20100817,1
20100818,4
20100820,1
20100823,1
20100824,1
20100825,2
20100826,3
20100829,2
20100830,1
20100831,2
20100901,2
20100902,1
20100903,3
20100904,1
20100907,1
20100908,2
20100909,1
20100910,1
20100914,2
20100916,2
20100917,1
20100918,1
20100920,1
20100921,1
20100922,1
20100923,2
20100924,5
20100927,2
20100928,2
20100929,1
20100930,1
20101001,1
20101004,2
20101006,2
20101007,1
20101008,1
20101011,1
20101012,1
20101014,1
20101015,1
20101017,1
20101018,1
20101019,1
20101020,1
20101021,1
20101022,1
20101023,1
20101025,2
20101026,3
20101028,3
20101101,1
20101103,1
20101104,1
20101105,3
20101107,1
20101108,3
20101110,2
20101111,1
20101112,2
20101114,1
20101115,1
20101116,1
20101117,3
20101118,2
20101119,3
20101122,1
20101123,1
20101124,2
20101129,1
20101130,1
20101201,1
20101202,2
20101204,1
20101206,2
20101209,3
20101214,1
20101219,1
20101221,1
20101222,1
20101223,2
20101224,2
20101226,1
20101229,1
20101231,1
20110102,2
20110103,1
20110105,4
20110106,2
20110110,3
20110111,2
20110113,1
20110114,1
20110115,2
20110118,3
20110119,5
20110122,1
20110124,2
20110126,1
20110127,2
20110128,1
20110131,1
20110201,1
20110202,1
20110203,1
20110204,1
20110207,1
20110208,3
20110209,2
20110214,1
20110215,2
20110216,1
20110220,1
20110222,4
20110223,1
20110224,1
20110228,1
20110301,2
20110302,1
20110303,1
20110309,1
20110310,1
20110311,1
20110314,2
20110315,1
20110317,1
20110318,2
20110321,3
20110323,5
20110325,1
20110326,1
20110328,1
20110329,1
20110331,1
20110401,2
20110402,1
20110404,4
20110405,1
20110406,2
20110407,1
20110408,4
20110412,1
20110415,2
20110416,1
20110420,1
20110422,1
20110425,1
20110426,1
20110427,1
20110428,1
20110430,2
20110502,1
20110506,1
20110508,1
20110509,3
20110510,4
20110511,3
20110512,2
20110513,2
20110517,1
20110518,1
20110520,2
20110523,1
20110525,1
20110526,1
20110531,3
20110601,2
20110602,1
20110603,1
20110604,1
20110605,1
20110606,1
20110607,1
20110608,3
20110613,1
20110615,4
20110617,2
20110618,1
20110620,3
20110622,2
20110623,2
20110624,2
20110626,2
20110627,3
20110630,2
20110701,4
20110705,1
20110707,5
20110708,2
20110710,1
20110713,1
20110715,1
20110716,1
20110718,1
20110721,1
20110722,2
20110725,1
20110726,4
20110728,2
20110729,2
20110731,1
20110801,2
20110803,3
20110808,1
20110809,5
20110810,5
20110811,1
20110812,1
20110815,3
20110818,2
20110819,1
20110822,2
20110824,1
20110825,5
20110826,1
20110827,1
20110828,1
20110829,1
20110830,1
20110831,1
20110902,2
20110905,1
20110907,1
20110908,1
20110909,2
20110910,1
20110912,1
20110913,1
20110914,2
20110916,2
20110919,1
20110920,3
20110921,1
20110925,2
20110926,2
20110927,3
20110930,1
20111001,1
20111002,1
20111003,2
20111004,3
20111005,2
20111006,4
20111007,3
20111008,2
20111009,1
20111010,2
20111011,2
20111012,2
20111013,1
20111014,1
20111015,1
20111017,2
20111018,1
20111020,2
20111025,1
20111026,1
20111027,2
20111028,2
20111031,1
20111103,1
20111104,1
20111107,4
20111111,6
20111112,2
20111113,2
20111114,1
20111115,5
20111116,1
20111119,1
20111124,1
20111125,1
20111126,1
20111129,1
20111130,1
20111201,3
20111202,1
20111205,1
20111206,3
20111209,3
20111212,2
20111215,1
20111218,1
20111221,2
20111224,1
20111227,1
20111228,1
20111229,1
20120104,1
20120106,2
20120107,1
20120109,1
20120110,3
20120113,1
20120116,1
20120117,2
20120119,2
20120120,1
20120121,1
20120123,2
20120124,2
20120130,1
20120131,1
20120201,3
20120202,1
20120203,2
20120206,1
20120207,2
20120208,4
20120209,2
20120211,1
20120213,1
20120214,1
20120215,1
20120216,2
20120217,1
20120221,4
20120222,2
20120223,1
20120225,1
20120227,1
20120228,2
20120301,3
20120302,1
20120305,2
20120307,1
20120308,2
20120312,2
20120313,1
20120314,1
20120316,1
20120318,2
20120319,1
20120322,1
20120328,1
20120401,1
20120402,1
20120409,1
20120417,3
20120418,1
20120422,1
20120424,1
20120425,1
20120426,2
20120427,1
20120430,4
20120501,1
20120502,2
20120503,2
20120504,2
20120506,1
20120507,3
20120508,4
20120509,3
20120510,1
20120513,1
20120514,3
20120516,2
20120517,3
20120521,1
20120522,2
20120524,2
20120529,1
20120530,1
20120531,3
20120603,2
20120604,5
20120605,3
20120606,2
20120611,2
20120614,3
20120615,1
20120617,1
20120618,2
20120621,2
20120625,2
20120626,1
20120627,1
20120628,3
20120629,1
20120704,1
20120705,2
20120706,1
20120709,1
20120711,1
20120712,2
20120714,1
20120715,1
20120718,3
20120722,1
20120725,1
20120726,1
20120729,1
20120801,2
20120802,1
20120803,3
20120806,2
20120807,6
20120808,4
20120810,1
20120815,1
20120816,1
20120817,1
20120819,1
20120820,2
20120821,2
20120823,1
20120824,1
20120826,1
20120827,2
20120829,4
20120830,1
20120831,1
20120905,1
20120910,1
20120913,2
20120914,3
20120919,1
20120920,1
20120921,1
20120924,1
20120925,1
20120926,1
20120927,1
20120928,1
20120930,2
20121003,2
20121007,2
20121008,2
20121011,1
20121017,1
20121018,1
20121022,1
20121026,2
20121030,8
20121031,10
20121101,3
20121102,2
20121105,1
20121106,1
20121107,1
20121108,3
20121112,1
20121113,1
20121115,1
20121120,1
20121202,1
20121204,3
20121205,3
20121206,5
20121209,2
20121210,2
20121211,1
20121212,1
20121213,1
20121218,1
20121220,1
20121221,3
20121223,1
20130101,2
20130103,1
20130104,2
20130106,2
20130107,2
20130108,1
20130109,1
20130113,1
20130114,1
20130118,2
20130123,1
20130124,2
20130126,1
20130128,1
20130129,1
20130130,1
20130201,3
20130204,1
20130205,3
20130206,3
20130207,2
20130208,3
20130210,1
20130211,1
20130212,1
20130213,1
20130214,1
20130215,2
20130219,1
20130222,1
20130226,1
20130227,1
20130228,2
20130301,2
20130304,1
20130305,2
20130306,2
20130307,4
20130308,2
20130311,3
20130312,1
20130313,1
20130314,1
20130315,1
20130317,1
20130320,2
20130321,1
20130324,1
20130325,2
20130327,2
20130328,1
20130329,1
20130331,2
20130401,1
20130402,1
20130403,4
20130404,1
20130405,1
20130407,1
20130408,3
20130409,1
20130415,1
20130416,1
20130417,3
20130418,2
20130419,1
20130421,1
20130422,1
20130425,2
20130428,2
20130429,2
20130430,2
20130502,3
20130505,2
20130506,3
20130507,9
20130508,5
20130509,2
20130510,1
20130512,1
20130513,2
20130514,3
20130515,3
20130516,2
20130517,1
20130520,2
20130521,3
20130522,1
20130524,3
20130528,4
20130529,4
20130530,1
20130531,2
20130602,1
20130603,1
20130604,2
20130605,2
20130606,1
20130607,1
20130609,1
20130610,1
20130613,2
20130617,2
20130619,2
20130620,2
20130624,1
20130627,1
20130630,1
20130701,2
20130702,1
20130703,1
20130705,1
20130707,1
20130708,1
20130710,1
20130711,1
20130712,2
20130715,3
20130716,1
20130717,1
20130719,1
20130720,2
20130722,3
20130725,1
20130726,1
20130728,2
20130729,1
20130731,1
20130801,1
20130803,1
20130804,1
20130806,3
20130807,2
20130808,1
20130809,3
20130811,2
20130814,2
20130815,4
20130816,1
20130819,1
20130820,3
20130821,1
20130822,1
20130824,1
20130826,1
20130827,3
20130828,1
20130829,1
20130902,1
20130904,1
20130911,1
20130912,3
20130913,2
20130915,1
20130916,1
20130917,1
20130918,1
20130919,2
20130920,2
20130923,1
20130925,2
20130926,1
20130927,1
20130929,1
20130930,2
20131001,1
20131002,2
20131004,2
20131008,2
20131009,1
20131010,2
20131011,2
20131013,1
20131014,3
20131017,1
20131020,1
20131021,1
20131024,2
20131025,1
20131027,1
20131028,1
20131029,1
20131030,3
20131031,5
20131101,2
20131103,2
20131104,4
20131105,3
20131106,2
20131107,5
20131108,4
20131110,3
20131111,1
20131112,4
20131113,1
20131117,2
20131118,1
20131120,1
20131121,1
20131122,1
20131124,1
20131126,1
20131127,1
20131129,1
20131201,3
20131202,1
20131205,1
20131209,1
20131211,1
20131212,1
20131213,1
20131216,2
20131223,5
20131226,5
20131227,2
20131228,1
20131229,1
20131230,3
20140102,1
20140106,1
20140107,2
20140108,1
20140110,2
20140112,2
20140113,3
20140114,1
20140116,2
20140117,2
20140119,1
20140121,1
20140122,3
20140124,1
20140126,1
20140127,2
20140131,1
20140203,1
20140204,1
20140205,2
20140206,4
20140207,1
20140210,1
20140213,3
20140219,1
20140220,3
20140224,2
20140225,1
20140226,1
20140302,3
20140303,5
20140304,3
20140305,2
20140306,2
20140310,3
20140311,2
20140312,1
20140313,1
20140314,2
20140318,2
20140323,1
20140324,4
20140325,5
20140331,2
20140401,1
20140402,3
20140403,1
20140404,1
20140407,1
20140409,1
20140410,4
20140411,2
20140413,2
20140414,4
20140415,4
20140416,1
20140420,1
20140421,1
20140422,3
20140424,1
20140425,1
20140427,2
20140429,3
20140430,4
20140501,4
20140502,1
20140505,1
20140506,3
20140507,4
20140508,2
20140509,2
20140512,2
20140514,2
20140515,2
20140518,1
20140527,1
20140529,1
20140601,2
20140602,2
20140603,3
20140604,1
20140608,2
20140609,2
20140610,2
20140611,3
20140613,1
20140615,2
20140616,2
20140617,3
20140619,2
20140620,1
20140623,3
20140625,8
20140627,4
20140629,2
20140701,1
20140703,1
20140706,1
20140707,1
20140708,2
20140710,1
20140711,1
20140714,1
20140715,2
20140716,2
20140717,3
20140718,3
20140720,1
20140723,1
20140724,1
20140728,1
20140729,1
20140801,1
20140803,2
20140804,2
20140805,3
20140806,2
20140807,1
20140808,1
20140810,1
20140811,7
20140812,2
20140813,3
20140815,2
20140819,1
20140825,1
20140826,2
20140828,1
20140829,2
20140902,1
20140903,1
20140904,1
20140905,1
20140908,1
20140910,3
20140911,2
20140912,1
20140914,1
20140921,1
20140922,1
20140923,2
20140924,5
20140926,3
20140928,1
20140929,2
20141001,3
20141002,5
20141003,3
20141005,1
20141006,10
20141007,3
20141009,1
20141010,2
20141012,1
20141013,2
20141014,5
20141015,1
20141016,4
20141019,1
20141020,1
20141021,1
20141028,2
20141030,1
20141102,3
20141103,1
20141104,11
20141105,1
20141106,2
20141110,2
20141111,1
20141112,1
20141113,7
20141114,1
20141116,1
20141118,1
20141121,3
20141130,2
20141202,1
20141203,3
20141204,1
20141205,2
20141207,2
20141208,3
20141210,4
20141212,2
20141215,1
20141216,2
20141218,1
20141222,4
20141224,1
20141226,2
20141230,1
20141231,1
20150105,3
20150106,5
20150107,1
20150108,1
20150109,2
20150111,2
20150113,1
20150114,1
20150116,1
20150119,3
20150120,3
20150123,2
20150126,1
20150202,1
20150203,2
20150204,12
20150205,2
20150206,2
20150209,1
20150210,3
20150212,1
20150213,1
20150223,6
20150224,5
20150226,2
20150227,3
20150306,2
20150308,2
20150310,2
20150311,1
20150312,4
20150313,3
20150316,1
20150317,1
20150318,2
20150325,1
20150326,2
20150327,1
20150329,2
20150331,1
20150403,2
20150405,3
20150406,2
20150408,2
20150409,3
20150410,1
20150413,1
20150415,1
20150416,2
20150419,3
20150421,4
20150422,2
20150423,4
20150424,3
20150427,3
20150428,3
20150429,1
