20050106,1
20050111,1
20050112,2
20050113,1
20050117,1
20050118,1
20050123,1
20050126,1
20050128,3
20050131,2
20050201,1
20050204,3
20050208,1
20050210,1
20050211,2
20050213,1
20050216,3
20050217,2
20050218,1
20050222,1
20050224,2
20050228,1
20050301,2
20050303,3
20050304,2
20050306,1
20050307,1
20050308,3
20050309,2
20050314,4
20050316,1
20050317,1
20050318,2
20050321,1
20050322,2
20050324,1
20050330,1
20050401,3
20050406,2
20050407,1
20050410,1
20050412,1
20050413,1
20050414,4
20050415,1
20050417,1
20050418,3
20050419,4
20050420,2
20050421,2
20050425,2
20050428,2
20050504,1
20050505,1
20050506,1
20050510,2
20050512,2
20050513,1
20050516,1
20050517,2
20050518,1
20050519,1
20050523,3
20050525,2
20050527,1
20050603,1
20050606,1
20050607,1
20050609,1
20050610,1
20050613,3
20050616,1
20050617,1
20050623,3
20050629,1
20050630,1
20050701,1
20050705,1
20050712,1
20050713,1
20050714,1
20050717,1
20050718,1
20050720,2
20050721,2
20050722,3
20050724,1
20050726,1
20050727,4
20050728,1
20050805,1
20050808,1
20050811,2
20050812,1
20050815,2
20050816,1
20050817,1
20050820,1
20050822,2
20050825,1
20050826,1
20050829,1
20050901,1
20050903,1
20050906,1
20050907,2
20050908,3
20050909,1
20050915,1
20050916,2
20050921,1
20050922,2
20050923,1
20050926,2
20050927,1
20050928,1
20050930,3
20051003,1
20051004,2
20051005,2
20051006,1
20051009,1
20051012,1
20051016,1
20051017,1
20051020,2
20051021,3
20051024,2
20051026,1
20051027,4
20051031,2
20051101,1
20051104,2
20051107,1
20051108,1
20051109,1
20051111,2
20051112,1
20051115,1
20051118,1
20051121,1
20051122,1
20051123,1
20051125,1
20051128,1
20051129,1
20051130,1
20051202,3
20051205,1
20051206,4
20051207,1
20051208,2
20051210,1
20051213,2
20051214,1
20051217,1
20051219,2
20051220,2
20051221,1
20051222,3
20051223,1
20051224,1
20051228,1
20051231,1
20060104,2
20060109,1
20060111,1
20060112,3
20060113,1
20060117,1
20060118,1
20060122,1
20060123,1
20060124,2
20060125,1
20060127,1
20060130,1
20060131,1
20060206,1
20060208,1
20060210,3
20060214,1
20060215,3
20060216,2
20060217,1
20060223,1
20060224,2
20060306,3
20060307,1
20060309,1
20060313,1
20060317,1
20060321,1
20060322,1
20060323,1
20060328,1
20060330,1
20060331,3
20060401,1
20060402,1
20060405,2
20060406,2
20060408,1
20060409,1
20060411,1
20060412,1
20060413,3
20060415,1
20060417,1
20060419,1
20060420,2
20060421,2
20060425,2
20060426,3
20060502,1
20060503,1
20060505,1
20060506,1
20060509,1
20060511,1
20060515,1
20060516,1
20060520,1
20060522,2
20060526,2
20060530,1
20060531,1
20060601,1
20060603,1
20060606,2
20060607,2
20060608,2
20060609,2
20060612,1
20060621,2
20060622,2
20060627,1
20060628,1
20060703,1
20060705,1
20060706,2
20060707,3
20060710,1
20060711,2
20060713,2
20060714,2
20060716,1
20060717,1
20060718,4
20060719,4
20060721,2
20060725,3
20060726,1
20060728,2
20060802,1
20060808,1
20060809,1
20060810,2
20060811,1
20060814,3
20060815,2
20060817,2
20060819,1
20060825,1
20060826,1
20060828,1
20060830,2
20060831,2
20060905,1
20060906,2
20060908,1
20060912,1
20060914,1
20060919,1
20060920,2
20060923,1
20060925,1
20060928,1
20060929,1
20060930,1
20061001,1
20061003,2
20061005,1
20061009,2
20061012,4
20061013,3
20061014,1
20061016,2
20061017,1
20061018,1
20061019,5
20061020,5
20061023,2
20061024,1
20061103,1
20061104,1
20061114,1
20061115,1
20061116,1
20061118,1
20061120,2
20061122,1
20061124,1
20061126,1
20061201,1
20061205,4
20061206,2
20061208,1
20061212,1
20061213,1
20061217,1
20061220,1
20061221,2
20061229,1
20070102,1
20070103,1
20070104,3
20070107,1
20070109,2
20070111,1
20070112,1
20070114,1
20070116,1
20070117,1
20070118,1
20070119,1
20070122,1
20070123,1
20070124,1
20070125,3
20070126,1
20070129,2
20070201,3
20070202,5
20070203,2
20070205,1
20070207,1
20070209,1
20070210,3
20070212,2
20070213,2
20070214,3
20070215,1
20070216,1
20070218,1
20070221,1
20070222,1
20070223,1
20070226,2
20070228,1
20070303,1
20070307,1
20070309,1
20070310,2
20070314,1
20070315,2
20070316,1
20070319,2
20070326,1
20070327,1
20070330,1
20070331,1
20070402,1
20070406,1
20070407,2
20070409,1
20070411,1
20070412,1
20070413,1
20070414,2
20070417,4
20070418,4
20070419,2
20070421,1
20070423,1
20070424,1
20070425,6
20070426,1
20070427,1
20070428,1
20070430,1
20070502,1
20070503,1
20070505,1
20070507,2
20070509,1
20070510,1
20070511,1
20070513,1
20070514,1
20070515,3
20070516,2
20070517,2
20070521,2
20070525,7
20070526,3
20070527,2
20070530,1
20070531,2
20070601,2
20070603,1
20070605,1
20070606,1
20070607,1
20070608,2
20070613,1
20070614,1
20070615,4
20070622,1
20070623,1
20070627,1
20070703,1
20070705,2
20070706,3
20070707,1
20070708,1
20070714,1
20070715,1
20070716,1
20070717,5
20070718,1
20070719,1
20070721,1
20070723,1
20070724,3
20070725,2
20070726,1
20070727,3
20070728,2
20070730,1
20070731,1
20070801,1
20070803,1
20070804,1
20070810,1
20070813,1
20070815,1
20070817,1
20070820,1
20070821,1
20070822,1
20070824,1
20070828,1
20070830,1
20070831,2
20070901,1
20070907,1
20070909,1
20070911,1
20070912,2
20070914,1
20070915,2
20070917,1
20070926,1
20070927,2
20070930,1
20071002,1
20071003,1
20071004,1
20071006,1
20071008,1
20071012,2
20071018,1
20071019,1
20071020,1
20071022,3
20071026,1
20071029,1
20071102,1
20071104,1
20071108,2
20071112,2
20071115,1
20071119,3
20071126,2
20071130,1
20071201,1
20071206,4
20071207,3
20071210,1
20071213,2
20071214,2
20071218,1
20071219,1
20071220,3
20071221,1
20071223,1
20071224,1
20071230,1
20080105,1
20080107,1
20080108,1
20080109,1
20080113,1
20080114,2
20080118,2
20080122,1
20080123,3
20080124,1
20080131,1
20080201,2
20080202,1
20080204,2
20080205,4
20080206,2
20080207,1
20080208,1
20080212,3
20080213,4
20080214,2
20080216,4
20080219,2
20080220,1
20080221,1
20080222,1
20080228,2
20080229,1
20080301,1
20080303,3
20080304,1
20080312,2
20080313,3
20080314,1
20080316,1
20080317,1
20080320,2
20080324,2
20080401,1
20080403,1
20080407,1
20080411,1
20080412,2
20080414,1
20080416,1
20080417,2
20080418,2
20080419,1
20080422,1
20080426,1
20080502,1
20080503,1
20080504,1
20080505,1
20080506,1
20080507,1
20080508,1
20080512,1
20080514,1
20080515,2
20080517,1
20080518,1
20080519,1
20080522,1
20080524,1
20080527,1
20080528,4
20080529,2
20080530,1
20080604,1
20080605,1
20080606,1
20080609,2
20080610,1
20080611,1
20080613,2
20080614,1
20080616,1
20080618,2
20080625,1
20080630,1
20080701,1
20080702,1
20080705,1
20080708,1
20080709,1
20080716,2
20080717,1
20080718,2
20080723,1
20080725,1
20080727,1
20080728,2
20080729,1
20080731,1
20080802,1
20080807,1
20080808,4
20080811,1
20080812,1
20080813,1
20080814,1
20080815,2
20080816,2
20080818,3
20080819,3
20080820,1
20080825,1
20080827,1
20080903,5
20080904,10
20080905,5
20080907,1
20080908,2
20080909,1
20080911,3
20080912,2
20080915,2
20080916,2
20080917,1
20080918,1
20080923,2
20080924,1
20081002,1
20081003,1
20081007,1
20081010,3
20081011,2
20081013,2
20081015,3
20081016,2
20081019,1
20081020,1
20081021,1
20081023,2
20081024,3
20081029,1
20081030,1
20081104,1
20081110,2
20081111,3
20081112,1
20081113,3
20081114,1
20081117,2
20081118,1
20081119,1
20081120,1
20081121,1
20081126,1
20081128,1
20081130,1
20081203,1
20081215,2
20081216,1
20081219,1
20081220,1
20081224,1
20081226,1
20090106,1
20090107,1
20090112,1
20090114,3
20090116,1
20090123,1
20090128,2
20090130,2
20090202,1
20090209,1
20090210,1
20090212,4
20090213,3
20090214,1
20090217,1
20090218,1
20090220,1
20090228,1
20090306,1
20090309,1
20090312,2
20090318,1
20090319,3
20090320,2
20090321,2
20090323,2
20090331,1
20090403,1
20090406,1
20090407,1
20090408,1
20090409,1
20090410,1
20090414,1
20090415,1
20090417,2
20090420,3
20090421,2
20090422,3
20090423,1
20090424,1
20090425,1
20090428,1
20090429,1
20090501,1
20090504,1
20090505,1
20090511,1
20090512,1
20090513,2
20090518,1
20090519,1
20090522,1
20090526,1
20090528,3
20090602,1
20090604,1
20090606,1
20090612,2
20090624,1
20090627,1
20090629,1
20090630,1
20090701,2
20090702,1
20090707,1
20090710,1
20090713,2
20090714,1
20090715,2
20090722,2
20090723,1
20090725,1
20090729,1
20090803,1
20090805,2
20090807,1
20090809,1
20090813,2
20090814,1
20090819,1
20090823,1
20090827,1
20090831,1
20090901,1
20090903,1
20090904,2
20090911,1
20090914,2
20090916,1
20090918,1
20090921,1
20090923,1
20090924,2
20090928,1
20090930,1
20091002,2
20091004,1
20091006,2
20091007,2
20091009,1
20091021,7
20091022,1
20091028,2
20091029,1
20091104,3
20091119,2
20091120,1
20091121,1
20091129,1
20091130,1
20091207,1
20091212,1
20091216,1
20091217,2
20091222,1
20091224,1
20091228,3
20091231,1
20100103,1
20100104,1
20100105,1
20100106,2
20100109,1
20100111,1
20100112,1
20100113,1
20100114,2
20100115,2
20100117,1
20100119,2
20100124,1
20100125,2
20100126,1
20100128,1
20100129,2
20100130,2
20100203,1
20100204,1
20100205,1
20100206,1
20100207,1
20100209,2
20100210,4
20100224,2
20100225,5
20100226,7
20100301,4
20100302,2
20100304,4
20100305,2
20100308,1
20100310,1
20100312,1
20100317,1
20100318,3
20100319,1
20100320,1
20100322,1
20100323,1
20100325,1
20100328,1
20100329,2
20100331,1
20100401,1
20100405,1
20100408,1
20100409,2
20100410,2
20100415,1
20100419,2
20100420,1
20100421,4
20100422,3
20100424,1
20100430,1
20100502,2
20100503,1
20100504,2
20100506,1
20100507,1
20100510,2
20100511,1
20100512,1
20100517,1
20100518,1
20100522,2
20100525,3
20100526,4
20100527,1
20100603,1
20100604,1
20100605,1
20100606,1
20100610,1
20100613,1
20100617,1
20100618,1
20100619,1
20100621,4
20100626,1
20100627,1
20100628,1
20100629,2
20100630,1
20100705,1
20100708,1
20100709,3
20100710,1
20100712,1
20100714,2
20100720,2
20100721,1
20100722,4
20100724,3
20100726,2
20100727,1
20100728,2
20100729,1
20100730,1
20100731,1
20100802,1
20100803,1
20100805,1
20100812,2
20100815,1
20100816,1
20100817,4
20100818,3
20100819,1
20100823,1
20100824,1
20100825,2
20100826,1
20100827,1
20100901,4
20100907,1
20100913,5
20100915,1
20100921,1
20100922,1
20100926,1
20100928,1
20101002,1
20101003,1
20101004,2
20101005,1
20101006,1
20101008,1
20101018,2
20101019,2
20101020,1
20101027,1
20101028,1
20101029,1
20101103,1
20101104,2
20101105,2
20101109,1
20101110,1
20101112,2
20101115,1
20101116,1
20101117,1
20101118,1
20101122,2
20101124,2
20101126,1
20101128,1
20101201,1
20101203,3
20101206,1
20101208,1
20101209,1
20101213,1
20101215,1
20101220,1
20101221,1
20101227,2
20101228,3
20110103,2
20110104,2
20110105,1
20110106,1
20110110,2
20110112,1
20110114,1
20110118,1
20110119,1
20110120,3
20110121,1
20110123,1
20110124,1
20110125,2
20110126,2
20110128,2
20110129,1
20110130,1
20110131,2
20110201,4
20110203,1
20110204,1
20110206,1
20110207,1
20110209,3
20110210,7
20110211,1
20110212,1
20110213,1
20110215,2
20110216,2
20110217,3
20110218,1
20110222,1
20110223,3
20110224,3
20110226,2
20110228,1
20110301,1
20110302,3
20110303,1
20110305,1
20110307,1
20110308,1
20110309,2
20110315,1
20110316,1
20110317,1
20110318,1
20110319,1
20110321,1
20110323,1
20110324,3
20110326,2
20110327,1
20110328,1
20110329,1
20110331,1
20110405,1
20110413,1
20110414,2
20110415,2
20110426,4
20110427,1
20110428,3
20110430,1
20110502,2
20110504,2
20110506,1
20110507,1
20110509,2
20110510,2
20110511,1
20110517,1
20110518,1
20110519,5
20110520,3
20110523,2
20110525,2
20110526,2
20110528,1
20110531,2
20110601,1
20110602,1
20110606,2
20110613,3
20110614,1
20110617,2
20110621,1
20110622,1
20110625,1
20110627,1
20110628,5
20110629,5
20110704,2
20110705,1
20110711,1
20110714,1
20110716,1
20110719,3
20110720,2
20110721,2
20110722,1
20110725,1
20110801,1
20110802,1
20110803,1
20110804,2
20110805,1
20110809,1
20110812,1
20110818,3
20110819,3
20110825,1
20110908,1
20110909,2
20110912,2
20110914,1
20110915,1
20110916,3
20110918,1
20110919,2
20110920,1
20110922,2
20110928,1
20110929,2
20110930,1
20111003,3
20111004,3
20111010,4
20111011,4
20111012,2
20111013,1
20111014,1
20111017,2
20111018,6
20111019,4
20111020,1
20111022,2
20111025,4
20111026,1
20111027,3
20111104,1
20111106,2
20111108,1
20111111,1
20111114,1
20111115,2
20111117,1
20111120,1
20111123,1
20111124,1
20111125,1
20111130,1
20111201,4
20111202,1
20111205,1
20111206,1
20111207,1
20111215,2
20111219,2
20111221,1
20111223,1
20111227,1
20120111,2
20120112,4
20120113,3
20120121,1
20120124,1
20120127,1
20120130,1
20120131,1
20120201,1
20120204,1
20120206,2
20120207,5
20120208,2
20120210,2
20120211,1
20120216,1
20120304,1
20120305,1
20120307,1
20120308,4
20120312,1
20120318,1
20120321,1
20120327,1
20120329,2
20120330,1
20120331,1
20120416,2
20120417,5
20120418,1
20120426,1
20120430,6
20120501,1
20120505,1
20120508,3
20120510,3
20120511,1
20120513,1
20120515,1
20120518,1
20120521,1
20120522,1
20120524,1
20120601,2
20120605,1
20120614,1
20120615,1
20120618,1
20120619,1
20120620,3
20120621,1
20120626,2
20120627,2
20120702,1
20120710,1
20120713,1
20120715,1
20120716,2
20120717,3
20120724,1
20120725,1
20120730,3
20120731,1
20120802,2
20120805,1
20120807,1
20120808,2
20120809,2
20120810,1
20120815,1
20120821,2
20120822,1
20120823,1
20120831,1
20120904,1
20120906,1
20120907,2
20120911,1
20120913,1
20120914,3
20120917,1
20120919,1
20120925,1
20120927,1
20120928,1
20120930,1
20121003,1
20121012,4
20121016,3
20121022,1
20121024,1
20121025,3
20121029,1
20121030,1
20121105,2
20121112,2
20121113,2
20121114,1
20121118,1
20121120,2
20121122,1
20121127,2
20121129,1
20121130,1
20121206,1
20121210,1
20121211,1
20121212,1
20121214,3
20121218,2
20121220,2
20121223,1
20121228,1
20121229,1
20121230,1
20130103,1
20130107,1
20130114,1
20130115,1
20130116,3
20130118,1
20130122,1
20130124,1
20130127,1
20130128,1
20130129,1
20130130,1
20130131,1
20130205,1
20130207,1
20130208,1
20130211,2
20130212,2
20130213,2
20130214,2
20130221,1
20130222,2
20130224,1
20130301,2
20130303,1
20130306,1
20130310,1
20130311,1
20130312,1
20130313,5
20130314,1
20130322,1
20130325,1
20130404,1
20130405,2
20130416,4
20130417,1
20130418,2
20130419,1
20130423,3
20130429,1
20130501,1
20130502,1
20130503,1
20130504,1
20130506,2
20130507,4
20130508,4
20130509,1
20130512,1
20130513,1
20130514,1
20130515,1
20130516,1
20130517,1
20130520,4
20130521,2
20130526,1
20130528,2
20130530,1
20130604,3
20130605,1
20130606,1
20130607,1
20130611,1
20130616,1
20130617,1
20130619,1
20130621,1
20130623,1
20130624,1
20130625,1
20130627,1
20130701,2
20130702,2
20130714,1
20130716,5
20130717,1
20130724,1
20130727,2
20130728,1
20130801,5
20130804,1
20130805,1
20130806,2
20130807,2
20130808,3
20130812,1
20130813,1
20130814,3
20130815,2
20130820,1
20130822,2
20130826,1
20130828,1
20130829,1
20130901,1
20130908,1
20130909,1
20130911,1
20130913,2
20130916,1
20130917,1
20130918,1
20130920,1
20130924,2
20130930,3
20131002,1
20131007,1
20131008,1
20131014,1
20131015,4
20131016,1
20131018,1
20131022,1
20131023,1
20131024,2
20131029,1
20131104,1
20131105,2
20131106,1
20131108,1
20131111,2
20131118,1
20131119,1
20131120,2
20131121,1
20131125,1
20131126,1
20131127,1
20131203,2
20131204,1
20131206,1
20131208,1
20131212,3
20131213,4
20131217,1
20131218,1
20131219,1
20140105,1
20140110,1
20140113,2
20140115,1
20140117,1
20140120,1
20140123,1
20140124,2
20140126,1
20140127,2
20140129,1
20140130,1
20140205,4
20140206,2
20140214,1
20140217,2
20140218,2
20140220,2
20140223,1
20140226,1
20140303,5
20140305,1
20140309,1
20140318,1
20140323,1
20140326,1
20140327,1
20140331,2
20140409,1
20140414,2
20140415,3
20140417,1
20140420,1
20140421,2
20140424,2
20140425,1
20140430,2
20140501,2
20140502,1
20140503,2
20140504,2
20140505,2
20140511,1
20140512,2
20140513,2
20140519,1
20140602,2
20140610,1
20140611,1
20140612,2
20140613,2
20140615,1
20140617,2
20140620,1
20140625,1
20140626,2
20140713,1
20140714,1
20140715,2
20140716,2
20140717,1
20140718,1
20140722,4
20140724,1
20140725,1
20140730,1
20140805,1
20140806,2
20140811,1
20140813,1
20140814,1
20140815,2
20140819,1
20140820,1
20140821,1
20140824,1
20140825,2
20140902,1
20140903,3
20140907,1
20140912,1
20140915,1
20140917,1
20140919,2
20140922,1
20140925,1
20140926,2
20140929,1
20141001,1
20141006,1
20141007,1
20141009,1
20141015,1
20141020,1
20141021,4
20141022,2
20141023,1
20141024,1
20141030,1
20141102,1
20141104,1
20141106,1
20141109,1
20141111,1
20141112,1
20141113,2
20141115,1
20141118,1
20141119,1
20141121,1
20141125,1
20141127,2
20141201,1
20141211,1
20141214,1
20141215,2
20141216,2
20141217,2
20141218,2
20141219,1
20141221,1
20141222,1
20141223,1
20150106,1
20150107,1
20150108,1
20150109,3
20150113,1
20150114,1
20150116,1
20150119,1
20150121,1
20150125,1
20150126,1
20150128,1
20150129,1
20150203,1
20150209,2
20150210,4
20150217,1
20150219,2
20150224,1
20150225,1
20150226,1
20150227,2
20150302,2
20150309,1
20150312,1
20150313,1
20150317,1
20150318,1
20150319,3
20150323,2
20150324,1
20150325,1
20150331,1
20150402,3
20150403,1
20150406,2
20150407,1
20150408,1
20150409,1
20150410,2
20150412,1
20150413,3
20150415,2
20150417,1
20150421,3
20150422,4
20150423,5
20150424,2
20150427,6
20150428,4
20150429,5
20150430,1
