20050102,1
20050103,2
20050104,2
20050105,3
20050106,5
20050107,4
20050108,1
20050109,1
20050110,1
20050111,2
20050112,3
20050113,6
20050114,3
20050116,1
20050118,1
20050120,1
20050121,4
20050123,1
20050124,4
20050125,3
20050126,3
20050127,4
20050128,3
20050130,1
20050131,1
20050201,2
20050202,2
20050203,5
20050204,7
20050206,2
20050207,4
20050208,2
20050209,3
20050210,1
20050211,4
20050213,1
20050214,2
20050215,1
20050216,2
20050217,3
20050218,3
20050220,1
20050222,3
20050223,1
20050224,4
20050225,2
20050227,1
20050228,1
20050301,2
20050302,5
20050303,2
20050304,4
20050306,1
20050307,2
20050308,4
20050309,5
20050310,4
20050311,7
20050312,1
20050313,1
20050314,2
20050315,2
20050316,6
20050317,2
20050318,1
20050320,1
20050321,2
20050322,3
20050323,1
20050324,2
20050325,5
20050327,1
20050328,2
20050329,2
20050330,4
20050331,5
20050401,6
20050403,1
20050404,3
20050405,3
20050406,6
20050407,1
20050408,1
20050410,1
20050411,2
20050412,1
20050413,4
20050414,2
20050415,7
20050417,1
20050418,3
20050419,1
20050420,3
20050421,6
20050422,10
20050424,2
20050425,6
20050426,3
20050427,5
20050428,3
20050429,2
20050501,1
20050502,1
20050503,2
20050504,4
20050505,1
20050506,3
20050508,2
20050509,5
20050510,3
20050511,5
20050512,3
20050513,1
20050514,1
20050515,1
20050516,2
20050517,1
20050519,2
20050523,1
20050524,2
20050525,2
20050526,3
20050527,4
20050529,1
20050530,1
20050531,3
20050601,2
20050602,3
20050603,3
20050604,1
20050606,3
20050607,3
20050608,1
20050609,3
20050610,7
20050613,2
20050614,4
20050616,4
20050617,1
20050620,2
20050621,3
20050623,2
20050624,3
20050627,2
20050628,7
20050629,4
20050630,2
20050701,4
20050705,1
20050706,3
20050707,6
20050708,2
20050711,2
20050712,1
20050713,6
20050714,1
20050715,3
20050718,3
20050719,3
20050720,1
20050721,2
20050722,2
20050724,1
20050725,1
20050726,4
20050727,1
20050728,2
20050729,2
20050731,1
20050801,2
20050802,2
20050803,3
20050804,2
20050805,3
20050807,1
20050808,4
20050809,3
20050810,1
20050811,3
20050812,2
20050814,1
20050815,5
20050816,2
20050817,1
20050819,3
20050821,1
20050822,2
20050823,3
20050825,2
20050826,3
20050829,2
20050830,7
20050831,3
20050901,4
20050902,2
20050904,1
20050905,3
20050906,2
20050907,3
20050908,1
20050909,6
20050911,1
20050912,1
20050913,1
20050914,3
20050916,4
20050918,1
20050919,1
20050920,1
20050921,3
20050922,3
20050923,4
20050924,1
20050925,1
20050926,1
20050927,3
20050928,1
20050929,3
20050930,2
20051001,2
20051003,2
20051004,2
20051005,1
20051006,4
20051007,1
20051009,1
20051011,1
20051012,1
20051013,5
20051014,2
20051015,5
20051017,1
20051018,1
20051019,3
20051020,4
20051021,1
20051022,2
20051025,4
20051026,3
20051027,4
20051028,1
20051029,2
20051031,1
20051101,3
20051102,1
20051104,2
20051105,3
20051106,1
20051107,2
20051108,4
20051109,2
20051110,2
20051111,2
20051112,3
20051113,1
20051114,3
20051115,3
20051117,4
20051118,5
20051119,1
20051120,2
20051121,3
20051122,3
20051123,4
20051124,1
20051125,2
20051126,3
20051127,1
20051128,1
20051129,5
20051130,1
20051201,4
20051202,4
20051203,1
20051204,1
20051205,1
20051207,4
20051208,4
20051210,2
20051213,4
20051214,2
20051215,2
20051216,1
20051217,2
20051219,1
20051220,2
20051221,3
20051222,3
20051223,2
20051224,5
20051227,1
20051228,2
20051231,1
20060103,3
20060104,2
20060105,5
20060106,4
20060107,2
20060109,1
20060110,6
20060111,1
20060112,4
20060113,2
20060114,1
20060117,1
20060118,2
20060119,2
20060120,3
20060121,3
20060122,1
20060123,2
20060124,3
20060125,4
20060126,1
20060127,3
20060128,1
20060129,1
20060131,3
20060201,2
20060202,1
20060203,4
20060204,3
20060205,1
20060206,1
20060207,1
20060209,2
20060210,5
20060211,2
20060214,3
20060215,3
20060216,2
20060217,8
20060218,1
20060220,2
20060221,2
20060222,2
20060223,3
20060224,4
20060225,1
20060228,4
20060301,3
20060302,7
20060303,2
20060304,4
20060306,2
20060307,3
20060308,3
20060309,4
20060310,7
20060311,1
20060313,2
20060314,2
20060316,2
20060317,3
20060318,2
20060319,1
20060320,2
20060321,4
20060322,2
20060323,1
20060324,2
20060325,1
20060326,2
20060327,4
20060328,1
20060329,1
20060330,1
20060331,1
20060401,1
20060403,4
20060404,4
20060405,1
20060406,1
20060407,4
20060410,2
20060411,1
20060412,3
20060413,2
20060414,2
20060415,1
20060419,1
20060420,1
20060422,2
20060424,2
20060425,3
20060426,4
20060429,1
20060501,2
20060502,3
20060503,3
20060504,2
20060505,3
20060508,2
20060509,1
20060510,2
20060511,2
20060512,4
20060515,3
20060516,2
20060517,3
20060518,3
20060519,4
20060520,2
20060522,1
20060523,2
20060524,2
20060525,3
20060527,2
20060530,1
20060531,2
20060601,4
20060602,3
20060603,2
20060605,1
20060606,1
20060607,1
20060608,1
20060609,4
20060613,4
20060614,2
20060615,2
20060616,1
20060617,1
20060619,3
20060620,2
20060621,3
20060622,2
20060623,1
20060624,2
20060626,3
20060628,1
20060629,6
20060630,3
20060703,5
20060704,1
20060705,3
20060706,1
20060707,1
20060708,2
20060710,1
20060711,4
20060712,1
20060713,1
20060715,1
20060718,1
20060719,1
20060720,2
20060722,1
20060723,1
20060724,1
20060725,2
20060726,1
20060727,1
20060728,3
20060729,6
20060731,2
20060801,1
20060802,5
20060803,1
20060804,3
20060805,2
20060807,3
20060808,3
20060809,2
20060811,2
20060812,1
20060814,1
20060815,2
20060816,4
20060817,3
20060818,3
20060819,1
20060822,2
20060823,3
20060824,4
20060825,4
20060826,1
20060828,2
20060829,2
20060830,7
20060831,7
20060901,1
20060902,1
20060903,1
20060904,1
20060905,5
20060907,1
20060908,3
20060911,1
20060912,1
20060913,3
20060914,2
20060916,2
20060918,5
20060919,6
20060920,3
20060921,5
20060922,6
20060923,3
20060925,2
20060926,3
20060927,5
20060928,3
20060929,3
20060930,1
20061002,4
20061004,4
20061005,4
20061006,2
20061007,2
20061009,2
20061010,2
20061011,3
20061012,4
20061013,2
20061014,2
20061016,3
20061017,3
20061018,3
20061019,4
20061020,2
20061021,1
20061023,1
20061024,1
20061025,2
20061026,2
20061027,4
20061028,2
20061030,3
20061101,3
20061102,2
20061103,4
20061104,1
20061106,2
20061107,2
20061109,3
20061110,1
20061111,3
20061112,1
20061113,1
20061114,4
20061115,1
20061116,1
20061117,4
20061120,3
20061121,1
20061122,5
20061123,1
20061124,3
20061125,1
20061127,5
20061128,2
20061129,1
20061130,2
20061201,3
20061202,2
20061204,1
20061205,1
20061207,4
20061208,1
20061209,2
20061211,3
20061212,3
20061213,1
20061214,6
20061215,2
20061218,1
20061219,3
20061220,4
20061221,3
20061222,1
20061223,1
20061226,3
20061228,3
20061229,2
20061230,2
20070103,1
20070104,3
20070105,2
20070106,2
20070108,3
20070109,2
20070110,1
20070112,1
20070116,2
20070117,3
20070118,3
20070120,4
20070122,2
20070123,2
20070124,3
20070125,3
20070126,4
20070129,3
20070130,2
20070131,2
20070202,4
20070203,1
20070205,1
20070206,3
20070207,2
20070208,3
20070209,4
20070210,1
20070212,2
20070213,1
20070215,4
20070217,4
20070219,1
20070220,1
20070221,4
20070222,2
20070223,2
20070224,2
20070227,2
20070228,6
20070301,3
20070302,3
20070303,1
20070305,2
20070306,2
20070307,2
20070308,4
20070309,1
20070312,2
20070313,4
20070314,2
20070315,4
20070316,1
20070317,3
20070319,1
20070320,3
20070322,3
20070323,2
20070326,2
20070327,3
20070328,3
20070329,2
20070330,2
20070331,1
20070402,2
20070403,1
20070404,3
20070405,3
20070406,2
20070410,1
20070411,5
20070412,2
20070413,1
20070414,2
20070417,3
20070418,2
20070419,3
20070420,2
20070421,1
20070423,3
20070424,1
20070425,2
20070426,3
20070427,4
20070428,1
20070430,2
20070501,3
20070503,3
20070504,5
20070505,6
20070507,2
20070508,1
20070509,2
20070510,5
20070511,3
20070514,2
20070515,2
20070516,3
20070517,5
20070518,7
20070520,1
20070521,6
20070522,3
20070523,1
20070524,3
20070525,2
20070529,4
20070530,7
20070531,2
20070601,3
20070602,3
20070604,1
20070606,4
20070607,4
20070609,2
20070611,3
20070612,3
20070613,4
20070614,5
20070615,4
20070616,1
20070618,2
20070619,3
20070621,1
20070622,4
20070623,2
20070625,6
20070626,1
20070627,1
20070628,4
20070629,2
20070630,2
20070702,5
20070703,3
20070704,1
20070705,2
20070706,4
20070707,1
20070709,5
20070710,1
20070711,3
20070712,2
20070713,2
20070714,1
20070716,2
20070717,3
20070718,1
20070719,6
20070720,6
20070721,3
20070723,4
20070725,2
20070726,6
20070727,3
20070729,1
20070730,4
20070731,2
20070801,2
20070802,3
20070803,3
20070804,2
20070806,5
20070807,2
20070808,3
20070809,3
20070810,5
20070811,2
20070813,3
20070814,5
20070815,7
20070816,4
20070817,6
20070818,2
20070820,4
20070821,2
20070822,2
20070823,2
20070824,3
20070825,1
20070826,1
20070827,3
20070828,1
20070829,6
20070830,5
20070831,7
20070901,1
20070903,2
20070904,3
20070905,2
20070906,2
20070907,4
20070908,2
20070910,5
20070911,2
20070912,5
20070913,1
20070914,1
20070915,3
20070917,3
20070918,2
20070919,5
20070920,5
20070921,9
20070924,1
20070925,2
20070926,3
20070927,2
20070928,2
20071001,3
20071002,2
20071003,1
20071004,2
20071005,2
20071006,2
20071008,2
20071009,1
20071010,6
20071011,3
20071012,4
20071013,3
20071015,2
20071016,3
20071017,5
20071018,1
20071019,4
20071020,1
20071022,4
20071023,4
20071024,8
20071025,5
20071026,7
20071027,2
20071029,2
20071030,5
20071031,2
20071101,4
20071102,2
20071103,1
20071105,3
20071106,5
20071107,2
20071108,3
20071109,1
20071112,2
20071113,3
20071114,2
20071115,9
20071116,1
20071117,1
20071119,1
20071120,2
20071121,4
20071123,1
20071126,2
20071127,3
20071128,3
20071129,5
20071130,5
20071201,1
20071203,1
20071205,2
20071206,3
20071207,3
20071210,2
20071211,1
20071212,2
20071213,2
20071214,4
20071215,1
20071217,4
20071218,2
20071219,2
20071221,3
20071222,1
20071224,4
20071225,1
20071226,1
20071227,3
20071228,2
20071231,2
20080101,1
20080102,2
20080103,1
20080104,5
20080107,1
20080108,5
20080109,5
20080110,1
20080111,3
20080112,1
20080114,7
20080115,1
20080116,3
20080117,1
20080118,2
20080122,4
20080123,4
20080124,13
20080125,24
20080126,5
20080127,1
20080128,15
20080129,15
20080130,9
20080131,9
20080201,5
20080202,3
20080204,8
20080205,4
20080206,6
20080207,3
20080208,6
20080209,4
20080211,6
20080212,3
20080213,5
20080214,2
20080215,1
20080216,1
20080218,2
20080219,3
20080220,5
20080221,3
20080222,3
20080223,5
20080226,1
20080227,3
20080228,10
20080229,5
20080301,2
20080303,4
20080304,1
20080305,6
20080306,6
20080307,6
20080308,3
20080310,1
20080311,6
20080312,4
20080313,3
20080314,8
20080315,2
20080316,1
20080317,9
20080318,8
20080319,5
20080320,11
20080321,6
20080324,2
20080325,1
20080326,2
20080327,3
20080328,2
20080329,1
20080331,3
20080401,5
20080402,1
20080403,4
20080404,2
20080407,2
20080408,3
20080409,5
20080410,4
20080411,4
20080414,2
20080415,4
20080416,6
20080417,3
20080418,6
20080420,1
20080421,2
20080422,4
20080423,3
20080424,4
20080425,5
20080426,3
20080428,2
20080429,1
20080430,1
20080501,2
20080502,2
20080505,2
20080506,3
20080507,1
20080508,8
20080509,6
20080512,2
20080513,4
20080514,2
20080515,2
20080516,1
20080517,1
20080519,4
20080520,2
20080521,3
20080522,1
20080523,4
20080524,1
20080527,4
20080528,5
20080529,1
20080530,6
20080531,1
20080602,2
20080603,3
20080604,2
20080605,5
20080606,3
20080607,1
20080609,6
20080610,3
20080611,8
20080612,2
20080613,4
20080614,3
20080616,2
20080617,4
20080618,10
20080619,6
20080621,4
20080623,1
20080624,1
20080625,4
20080626,2
20080627,6
20080628,1
20080629,1
20080630,2
20080701,2
20080702,4
20080703,2
20080704,1
20080705,1
20080707,4
20080708,7
20080709,4
20080710,6
20080711,2
20080712,1
20080714,5
20080715,5
20080716,6
20080717,7
20080718,5
20080719,4
20080721,5
20080722,8
20080723,1
20080724,8
20080725,11
20080726,2
20080728,4
20080729,4
20080730,8
20080731,2
20080801,4
20080802,2
20080804,6
20080805,4
20080806,6
20080807,6
20080808,3
20080809,1
20080811,2
20080812,2
20080813,3
20080814,8
20080815,3
20080816,1
20080818,3
20080819,3
20080820,3
20080821,2
20080822,2
20080825,2
20080826,4
20080827,2
20080828,3
20080829,2
20080830,2
20080902,2
20080903,6
20080904,5
20080905,3
20080906,2
20080908,3
20080909,4
20080910,12
20080911,4
20080912,5
20080914,1
20080915,10
20080916,10
20080917,12
20080918,14
20080919,10
20080920,4
20080921,1
20080922,4
20080923,8
20080924,9
20080925,9
20080926,5
20080927,4
20080929,5
20080930,8
20081001,9
20081002,5
20081003,3
20081004,2
20081006,5
20081007,5
20081008,10
20081009,5
20081010,11
20081011,2
20081013,6
20081014,5
20081015,7
20081016,6
20081017,8
20081018,2
20081019,1
20081020,3
20081021,9
20081022,5
20081023,7
20081024,7
20081025,3
20081027,4
20081028,9
20081029,7
20081030,8
20081031,8
20081101,1
20081103,6
20081104,3
20081105,3
20081106,4
20081107,7
20081108,1
20081110,1
20081111,6
20081112,4
20081113,4
20081114,4
20081115,1
20081117,1
20081118,3
20081119,6
20081120,5
20081121,2
20081122,4
20081124,3
20081125,1
20081126,2
20081128,4
20081129,2
20081201,2
20081202,2
20081203,2
20081204,4
20081205,4
20081206,2
20081208,2
20081209,6
20081210,1
20081211,1
20081212,7
20081213,1
20081215,4
20081216,1
20081217,3
20081218,9
20081219,6
20081220,1
20081222,2
20081223,4
20081224,7
20081226,8
20081229,1
20081230,4
20081231,5
20090102,3
20090103,2
20090106,1
20090107,2
20090108,3
20090109,5
20090110,3
20090111,1
20090112,5
20090113,2
20090114,6
20090115,6
20090116,4
20090117,1
20090120,3
20090121,4
20090122,4
20090123,3
20090124,4
20090126,1
20090127,4
20090128,7
20090129,4
20090130,5
20090201,1
20090202,4
20090203,4
20090204,4
20090205,6
20090206,5
20090207,1
20090210,3
20090211,5
20090212,7
20090213,5
20090214,1
20090216,2
20090217,1
20090218,7
20090219,3
20090220,3
20090221,2
20090222,2
20090223,2
20090224,5
20090225,3
20090226,6
20090227,4
20090228,1
20090302,3
20090303,3
20090304,4
20090305,2
20090306,6
20090307,3
20090308,1
20090309,5
20090310,1
20090311,5
20090312,3
20090313,5
20090314,4
20090316,3
20090317,2
20090318,6
20090319,3
20090320,3
20090321,1
20090323,1
20090324,3
20090325,2
20090326,2
20090328,1
20090330,3
20090331,2
20090401,4
20090402,3
20090403,1
20090406,3
20090407,1
20090408,1
20090409,3
20090410,1
20090411,1
20090413,5
20090414,1
20090415,3
20090416,2
20090417,2
20090421,1
20090422,2
20090423,4
20090424,1
20090427,2
20090428,1
20090429,4
20090430,4
20090501,3
20090504,1
20090505,3
20090506,10
20090507,3
20090508,6
20090509,1
20090511,3
20090512,1
20090514,2
20090515,2
20090516,3
20090518,2
20090519,5
20090520,4
20090521,1
20090522,3
20090523,1
20090525,1
20090526,3
20090527,3
20090528,2
20090529,4
20090530,1
20090531,1
20090601,2
20090602,3
20090603,3
20090604,1
20090605,1
20090606,1
20090608,1
20090609,1
20090610,1
20090611,5
20090612,1
20090613,1
20090615,2
20090616,2
20090617,3
20090618,3
20090619,1
20090622,2
20090623,2
20090624,1
20090625,3
20090626,3
20090627,1
20090629,2
20090630,3
20090701,3
20090702,1
20090703,3
20090705,1
20090706,3
20090707,3
20090708,3
20090709,5
20090710,3
20090713,1
20090714,4
20090715,5
20090716,2
20090717,2
20090718,2
20090721,1
20090722,3
20090723,2
20090724,6
20090725,2
20090726,1
20090727,2
20090728,2
20090729,3
20090730,2
20090731,2
20090801,1
20090803,1
20090804,4
20090805,4
20090806,1
20090807,3
20090810,5
20090811,5
20090812,3
20090813,5
20090814,2
20090815,1
20090817,4
20090818,3
20090819,2
20090820,1
20090822,1
20090825,2
20090826,2
20090827,5
20090828,4
20090831,2
20090901,1
20090902,4
20090903,5
20090904,2
20090905,1
20090907,2
20090909,4
20090910,3
20090911,5
20090912,1
20090914,1
20090915,2
20090916,1
20090917,4
20090918,5
20090919,1
20090921,4
20090922,4
20090923,5
20090924,4
20090925,5
20090926,1
20090928,3
20090929,1
20090930,3
20091001,1
20091002,2
20091003,1
20091005,3
20091006,2
20091007,1
20091009,6
20091010,1
20091012,2
20091013,1
20091014,3
20091015,4
20091016,2
20091017,3
20091019,3
20091020,2
20091021,5
20091022,3
20091023,1
20091024,2
20091026,2
20091027,1
20091028,2
20091029,4
20091030,1
20091031,1
20091101,1
20091102,2
20091103,2
20091104,2
20091105,3
20091106,6
20091109,4
20091110,4
20091111,4
20091112,7
20091113,5
20091116,4
20091117,5
20091118,9
20091119,5
20091120,1
20091121,1
20091123,2
20091124,2
20091125,6
20091126,2
20091127,3
20091128,2
20091130,5
20091201,4
20091202,4
20091203,4
20091204,6
20091206,1
20091207,4
20091208,7
20091209,2
20091210,4
20091211,1
20091212,2
20091214,3
20091215,6
20091216,6
20091217,3
20091218,2
20091221,4
20091222,6
20091223,5
20091224,6
20091226,2
20091228,1
20091229,3
20091230,8
20091231,1
20100103,1
20100104,1
20100105,2
20100106,6
20100107,4
20100108,4
20100109,1
20100111,5
20100112,3
20100113,9
20100114,3
20100115,6
20100116,3
20100118,3
20100119,2
20100120,2
20100121,7
20100122,6
20100123,2
20100125,3
20100126,6
20100127,3
20100128,6
20100129,5
20100130,1
20100201,2
20100202,4
20100203,6
20100204,6
20100205,10
20100206,1
20100207,2
20100208,2
20100209,5
20100210,6
20100211,5
20100212,6
20100213,3
20100215,1
20100216,2
20100217,5
20100218,5
20100219,2
20100220,1
20100222,5
20100223,4
20100224,2
20100225,4
20100226,1
20100227,3
20100301,5
20100302,3
20100303,8
20100304,8
20100305,15
20100306,1
20100308,6
20100309,2
20100310,7
20100311,7
20100312,5
20100313,3
20100316,3
20100317,7
20100318,4
20100319,1
20100320,2
20100322,2
20100323,7
20100324,5
20100325,3
20100326,2
20100327,2
20100328,1
20100329,3
20100330,7
20100331,6
20100401,1
20100402,3
20100403,2
20100405,4
20100406,4
20100407,1
20100408,4
20100409,8
20100410,3
20100412,2
20100413,4
20100414,1
20100415,4
20100416,5
20100417,3
20100418,1
20100419,5
20100420,7
20100421,6
20100422,5
20100423,5
20100424,1
20100425,1
20100426,7
20100427,6
20100428,8
20100429,12
20100430,3
20100501,2
20100503,3
20100504,1
20100505,3
20100506,4
20100507,8
20100508,1
20100509,1
20100510,3
20100511,5
20100512,4
20100513,4
20100514,2
20100515,5
20100517,1
20100518,3
20100519,5
20100520,3
20100521,5
20100522,2
20100523,1
20100524,2
20100525,7
20100526,3
20100527,4
20100528,6
20100529,2
20100531,3
20100601,3
20100602,6
20100603,7
20100604,5
20100605,1
20100607,3
20100608,3
20100609,7
20100610,2
20100611,5
20100612,1
20100613,1
20100614,4
20100615,5
20100616,9
20100617,7
20100618,5
20100619,4
20100620,2
20100621,4
20100622,7
20100623,8
20100624,10
20100625,7
20100626,3
20100628,5
20100629,4
20100630,8
20100701,8
20100702,4
20100704,1
20100705,1
20100706,4
20100707,4
20100708,3
20100709,2
20100710,4
20100712,2
20100713,2
20100714,4
20100715,4
20100716,3
20100717,1
20100718,1
20100719,3
20100720,3
20100721,3
20100722,2
20100723,9
20100724,2
20100726,3
20100727,6
20100728,4
20100729,5
20100730,2
20100731,1
20100803,7
20100804,3
20100805,6
20100806,4
20100807,1
20100809,5
20100810,4
20100811,3
20100812,7
20100813,3
20100816,6
20100817,4
20100818,7
20100819,2
20100820,2
20100821,1
20100822,1
20100823,5
20100824,4
20100825,5
20100826,1
20100827,5
20100829,1
20100830,2
20100831,3
20100901,1
20100902,4
20100903,3
20100904,2
20100907,4
20100908,4
20100909,6
20100910,2
20100911,1
20100912,1
20100913,7
20100914,3
20100915,6
20100916,2
20100917,6
20100918,1
20100919,1
20100920,3
20100921,6
20100922,4
20100923,8
20100924,6
20100925,2
20100927,2
20100928,4
20100929,7
20100930,6
20101001,6
20101002,5
20101004,7
20101005,10
20101006,8
20101007,4
20101008,2
20101009,4
20101010,1
20101011,2
20101012,5
20101013,4
20101014,3
20101015,6
20101016,1
20101018,1
20101019,5
20101020,4
20101021,3
20101022,5
20101023,3
20101025,2
20101026,4
20101027,5
20101028,7
20101029,3
20101030,1
20101031,1
20101101,4
20101102,6
20101103,6
20101104,4
20101105,5
20101109,3
20101110,8
20101111,2
20101112,3
20101113,3
20101114,1
20101115,1
20101116,2
20101117,5
20101118,7
20101119,3
20101120,4
20101121,1
20101122,6
20101123,5
20101124,9
20101125,5
20101126,6
20101128,1
20101129,3
20101130,3
20101202,7
20101203,6
20101204,1
20101206,4
20101207,6
20101208,5
20101209,6
20101210,6
20101211,3
20101213,2
20101214,4
20101215,3
20101216,4
20101217,5
20101218,1
20101219,1
20101220,4
20101221,9
20101222,4
20101223,6
20101224,3
20101227,5
20101228,5
20101229,2
20101230,5
20110101,1
20110102,2
20110103,5
20110104,8
20110105,3
20110106,4
20110107,5
20110108,3
20110109,1
20110110,1
20110111,6
20110112,7
20110113,6
20110114,4
20110117,1
20110118,6
20110119,6
20110120,6
20110121,4
20110124,1
20110125,5
20110126,4
20110127,5
20110128,5
20110129,1
20110131,6
20110201,2
20110202,3
20110203,4
20110204,5
20110205,1
20110207,5
20110208,7
20110209,4
20110210,10
20110211,6
20110212,1
20110214,3
20110215,8
20110216,2
20110217,5
20110218,5
20110219,1
20110221,3
20110222,7
20110223,6
20110224,5
20110225,15
20110226,1
20110227,1
20110228,4
20110301,3
20110302,8
20110303,10
20110304,8
20110305,2
20110307,3
20110308,6
20110309,2
20110310,4
20110311,13
20110312,2
20110314,8
20110315,3
20110316,3
20110317,13
20110318,8
20110319,7
20110320,3
20110321,2
20110322,2
20110323,9
20110324,8
20110325,2
20110326,1
20110327,3
20110328,5
20110329,5
20110330,4
20110331,7
20110401,4
20110402,3
20110403,2
20110404,3
20110405,9
20110406,7
20110407,10
20110408,6
20110409,4
20110410,1
20110411,8
20110412,5
20110413,4
20110414,14
20110415,9
20110416,3
20110417,1
20110418,8
20110419,6
20110420,5
20110421,15
20110422,6
20110423,1
20110424,1
20110425,7
20110426,5
20110427,6
20110428,7
20110429,7
20110430,1
20110502,4
20110503,7
20110504,4
20110505,9
20110506,7
20110507,3
20110508,1
20110509,8
20110510,7
20110511,12
20110512,10
20110513,8
20110514,3
20110516,7
20110517,10
20110518,3
20110519,8
20110520,5
20110522,1
20110523,6
20110524,10
20110525,8
20110526,7
20110527,3
20110528,1
20110530,3
20110531,7
20110601,4
20110602,9
20110603,3
20110606,3
20110607,3
20110608,4
20110609,9
20110610,10
20110611,3
20110612,1
20110613,9
20110614,5
20110615,8
20110616,8
20110617,7
20110618,1
20110620,9
20110621,6
20110622,9
20110623,11
20110624,7
20110625,3
20110626,1
20110627,4
20110628,4
20110629,9
20110630,8
20110701,5
20110702,1
20110704,4
20110705,8
20110706,9
20110707,4
20110708,4
20110709,2
20110711,8
20110712,5
20110713,10
20110714,7
20110715,7
20110716,5
20110718,10
20110719,5
20110720,3
20110721,5
20110722,8
20110723,2
20110725,5
20110726,10
20110727,5
20110728,5
20110729,8
20110730,1
20110731,1
20110801,3
20110802,5
20110803,4
20110804,9
20110805,13
20110806,6
20110807,1
20110808,13
20110809,3
20110810,4
20110811,7
20110812,6
20110813,4
20110815,3
20110816,6
20110817,9
20110818,8
20110819,8
20110820,1
20110822,2
20110823,5
20110824,7
20110825,5
20110826,8
20110827,3
20110829,2
20110830,10
20110831,8
20110901,15
20110902,3
20110903,4
20110905,2
20110906,8
20110907,3
20110908,5
20110909,3
20110910,2
20110911,1
20110912,4
20110913,7
20110914,4
20110915,42
20110916,32
20110917,8
20110918,2
20110919,18
20110920,17
20110921,12
20110922,17
20110923,9
20110924,2
20110925,1
20110926,11
20110927,10
20110928,6
20110929,4
20110930,6
20111001,3
20111004,13
20111005,8
20111006,7
20111007,3
20111008,1
20111010,7
20111011,6
20111012,6
20111013,16
20111014,13
20111015,3
20111017,7
20111018,3
20111019,6
20111020,8
20111021,9
20111024,7
20111025,5
20111026,11
20111027,6
20111028,6
20111030,2
20111031,15
20111101,9
20111102,7
20111103,7
20111104,12
20111105,2
20111106,1
20111107,4
20111108,8
20111109,9
20111110,9
20111111,4
20111112,2
20111114,9
20111115,8
20111116,8
20111117,11
20111118,4
20111119,1
20111121,8
20111122,7
20111123,6
20111124,3
20111125,3
20111126,2
20111128,3
20111129,7
20111130,6
20111201,5
20111202,4
20111203,1
20111204,1
20111205,2
20111206,10
20111207,4
20111208,8
20111209,12
20111210,1
20111211,1
20111212,5
20111213,5
20111214,5
20111215,4
20111216,5
20111219,3
20111220,6
20111221,2
20111222,4
20111223,5
20111224,1
20111226,1
20111227,3
20111228,4
20111229,3
20111230,4
20111231,1
20120102,1
20120103,3
20120104,4
20120105,6
20120106,5
20120107,2
20120109,13
20120110,5
20120111,9
20120112,5
20120113,6
20120114,2
20120116,1
20120117,5
20120118,6
20120119,3
20120120,7
20120121,2
20120123,2
20120124,6
20120125,2
20120126,7
20120127,7
20120128,1
20120129,1
20120130,8
20120131,12
20120201,2
20120202,9
20120203,5
20120204,4
20120206,7
20120207,7
20120208,9
20120209,4
20120210,1
20120211,1
20120213,4
20120214,9
20120215,11
20120216,9
20120217,6
20120218,2
20120221,10
20120222,7
20120223,3
20120224,5
20120225,1
20120226,1
20120227,4
20120228,8
20120229,13
20120301,6
20120302,7
20120305,4
20120306,2
20120307,2
20120308,9
20120309,5
20120310,1
20120311,3
20120312,3
20120313,7
20120314,4
20120315,3
20120316,6
20120318,1
20120319,5
20120320,11
20120321,9
20120322,6
20120323,8
20120326,3
20120327,4
20120328,2
20120329,2
20120330,2
20120331,1
20120401,1
20120402,5
20120403,5
20120404,5
20120405,5
20120406,10
20120407,1
20120409,3
20120410,3
20120411,7
20120412,2
20120413,17
20120414,2
20120415,2
20120416,11
20120417,27
20120418,33
20120419,27
20120420,28
20120422,16
20120423,33
20120424,21
20120425,39
20120426,32
20120427,25
20120429,8
20120430,27
20120501,23
20120502,38
20120503,34
20120504,32
20120506,12
20120507,26
20120508,33
20120509,37
20120510,44
20120511,59
20120512,1
20120513,12
20120514,63
20120515,62
20120516,39
20120517,55
20120518,45
20120520,5
20120521,13
20120522,14
20120523,23
20120524,27
20120525,29
20120528,9
20120529,19
20120530,23
20120531,27
20120601,24
20120603,1
20120604,18
20120605,16
20120606,23
20120607,20
20120608,19
20120610,6
20120611,19
20120612,18
20120613,15
20120614,15
20120615,24
20120617,4
20120618,24
20120619,27
20120620,18
20120621,10
20120622,18
20120624,2
20120625,18
20120626,17
20120627,18
20120628,18
20120629,15
20120701,4
20120702,17
20120703,17
20120704,8
20120705,13
20120706,10
20120708,1
20120709,15
20120710,22
20120711,17
20120712,10
20120713,22
20120714,1
20120715,2
20120716,14
20120717,12
20120718,22
20120719,14
20120720,17
20120723,19
20120724,17
20120725,20
20120726,24
20120727,14
20120729,2
20120730,14
20120731,19
20120801,20
20120802,19
20120803,19
20120804,1
20120805,1
20120806,18
20120807,19
20120808,18
20120809,20
20120810,17
20120812,2
20120813,15
20120814,19
20120815,17
20120816,25
20120817,18
20120820,18
20120821,20
20120822,15
20120823,15
20120824,21
20120826,1
20120827,10
20120828,15
20120829,15
20120830,12
20120831,18
20120902,1
20120903,8
20120904,13
20120905,27
20120906,27
20120907,17
20120909,1
20120910,17
20120911,19
20120912,14
20120913,15
20120914,21
20120917,13
20120918,24
20120919,25
20120920,21
20120921,24
20120924,14
20120925,16
20120926,12
20120927,24
20120928,24
20120930,2
20121001,18
20121002,21
20121003,26
20121004,22
20121005,31
20121008,22
20121009,25
20121010,19
20121011,33
20121012,20
20121015,27
20121016,20
20121017,18
20121018,24
20121019,31
20121021,2
20121022,17
20121023,15
20121024,25
20121025,21
20121026,20
20121028,1
20121029,25
20121030,18
20121031,20
20121101,20
20121102,17
20121103,1
20121104,2
20121105,19
20121106,17
20121107,26
20121108,17
20121109,21
20121111,2
20121112,15
20121113,19
20121114,15
20121115,12
20121116,29
20121117,1
20121119,17
20121120,42
20121121,34
20121122,13
20121123,15
20121124,1
20121125,4
20121126,42
20121127,28
20121128,29
20121129,20
20121130,22
20121202,3
20121203,18
20121204,22
20121205,33
20121206,21
20121207,13
20121209,2
20121210,13
20121211,17
20121212,21
20121213,21
20121214,23
20121216,3
20121217,13
20121218,18
20121219,25
20121220,27
20121221,15
20121223,4
20121224,9
20121226,7
20121227,15
20121228,13
20121229,1
20121230,1
20121231,10
20130101,2
20130102,13
20130103,17
20130104,14
20130106,3
20130107,15
20130108,21
20130109,22
20130110,15
20130111,19
20130112,1
20130113,2
20130114,13
20130115,15
20130116,21
20130117,16
20130118,12
20130120,1
20130121,11
20130122,17
20130123,24
20130124,21
20130125,18
20130127,2
20130128,16
20130129,22
20130130,16
20130131,23
20130201,23
20130203,3
20130204,13
20130205,18
20130206,20
20130207,20
20130208,25
20130210,1
20130211,24
20130212,18
20130213,20
20130214,28
20130215,24
20130217,2
20130218,11
20130219,18
20130220,17
20130221,16
20130222,16
20130224,2
20130225,17
20130226,20
20130227,21
20130228,23
20130301,19
20130303,1
20130304,19
20130305,20
20130306,17
20130307,20
20130308,21
20130311,16
20130312,11
20130313,16
20130314,25
20130315,19
20130316,2
20130317,1
20130318,22
20130319,14
20130320,16
20130321,17
20130322,20
20130324,1
20130325,12
20130326,12
20130327,18
20130328,11
20130329,15
20130331,2
20130401,11
20130402,10
20130403,17
20130404,19
20130405,15
20130406,1
20130407,1
20130408,16
20130409,14
20130410,17
20130411,19
20130412,19
20130414,2
20130415,12
20130416,13
20130417,19
20130418,10
20130419,13
20130420,1
20130421,1
20130422,15
20130423,15
20130424,13
20130425,17
20130426,12
20130427,1
20130428,2
20130429,13
20130430,9
20130501,7
20130502,27
20130503,17
20130505,4
20130506,10
20130507,18
20130508,15
20130509,14
20130510,14
20130511,1
20130512,3
20130513,12
20130514,19
20130515,13
20130516,16
20130517,19
20130519,1
20130520,8
20130521,14
20130522,22
20130523,20
20130524,19
20130526,2
20130527,7
20130528,14
20130529,13
20130530,7
20130531,17
20130603,12
20130604,14
20130605,21
20130606,24
20130607,19
20130610,10
20130611,7
20130612,15
20130613,13
20130614,15
20130616,3
20130617,14
20130619,14
20130620,17
20130621,25
20130622,1
20130623,1
20130624,16
20130625,13
20130626,14
20130627,16
20130628,13
20130630,1
20130701,16
20130702,13
20130703,9
20130704,7
20130705,13
20130707,3
20130708,7
20130709,14
20130710,15
20130711,17
20130712,10
20130714,4
20130715,14
20130716,13
20130717,12
20130718,15
20130719,15
20130721,6
20130722,14
20130723,15
20130724,15
20130725,21
20130726,15
20130729,16
20130730,15
20130731,19
20130801,18
20130802,28
20130804,2
20130805,14
20130806,10
20130807,13
20130808,15
20130809,20
20130811,2
20130812,9
20130813,13
20130814,22
20130815,11
20130816,12
20130817,1
20130818,2
20130819,14
20130820,11
20130821,10
20130822,10
20130823,14
20130826,6
20130827,8
20130828,5
20130829,5
20130830,2
20130831,1
20130902,1
20130903,3
20130904,4
20130905,10
20130906,7
20130908,1
20130909,3
20130910,3
20130911,4
20130912,5
20130913,5
20130915,2
20130916,10
20130917,9
20130918,4
20130919,6
20130920,5
20130922,3
20130923,7
20130924,12
20130925,7
20130926,7
20130927,6
20130928,1
20130929,1
20130930,5
20131001,4
20131002,2
20131004,10
20131007,2
20131008,2
20131009,7
20131010,10
20131011,6
20131013,1
20131014,3
20131015,8
20131016,8
20131017,5
20131018,8
20131019,1
20131020,1
20131022,5
20131023,1
20131024,3
20131025,4
20131027,1
20131028,1
20131029,8
20131030,5
20131031,7
20131101,8
20131104,3
20131105,2
20131106,2
20131107,4
20131108,6
20131110,2
20131111,3
20131112,1
20131113,3
20131114,2
20131115,2
20131117,3
20131118,5
20131119,9
20131120,5
20131121,4
20131122,1
20131125,3
20131126,3
20131127,5
20131128,7
20131129,3
20131202,2
20131203,2
20131204,1
20131205,5
20131206,6
20131207,1
20131209,6
20131210,12
20131211,7
20131212,4
20131213,5
20131215,1
20131216,3
20131217,5
20131218,5
20131219,6
20131220,5
20131222,3
20131223,5
20131224,1
20131226,2
20131227,8
20131230,6
20131231,2
20140101,3
20140102,9
20140103,3
20140104,1
20140105,3
20140106,4
20140107,6
20140108,5
20140109,4
20140110,8
20140112,1
20140113,7
20140114,2
20140115,9
20140116,3
20140117,7
20140120,7
20140121,2
20140122,7
20140123,2
20140124,7
20140126,2
20140127,5
20140128,4
20140129,6
20140130,1
20140131,2
20140202,2
20140203,5
20140204,9
20140205,7
20140206,11
20140207,7
20140209,1
20140211,8
20140212,5
20140213,3
20140214,7
20140216,2
20140217,3
20140218,7
20140219,4
20140220,9
20140221,11
20140223,1
20140224,5
20140225,8
20140226,3
20140227,6
20140228,9
20140301,1
20140302,2
20140303,5
20140304,11
20140305,5
20140306,7
20140307,4
20140309,2
20140310,5
20140311,8
20140312,5
20140313,5
20140314,9
20140316,1
20140317,4
20140318,5
20140319,14
20140320,11
20140321,12
20140324,5
20140325,3
20140326,5
20140327,5
20140328,9
20140330,1
20140331,1
20140401,8
20140402,10
20140403,4
20140404,5
20140407,1
20140408,7
20140409,4
20140410,3
20140411,4
20140413,1
20140414,8
20140415,10
20140416,3
20140417,4
20140418,1
20140420,2
20140421,4
20140422,4
20140423,5
20140424,1
20140425,5
20140426,1
20140427,1
20140428,2
20140429,3
20140430,2
20140501,6
20140502,9
20140505,4
20140506,4
20140507,4
20140508,7
20140509,1
20140512,3
20140513,3
20140514,6
20140515,7
20140516,4
20140518,1
20140519,4
20140520,9
20140521,1
20140522,2
20140523,4
20140524,1
20140525,1
20140526,2
20140527,5
20140528,5
20140529,5
20140530,4
20140601,1
20140602,4
20140603,4
20140604,6
20140605,5
20140606,5
20140608,3
20140609,4
20140611,2
20140612,6
20140613,4
20140615,1
20140616,7
20140617,9
20140618,8
20140619,6
20140620,5
20140622,1
20140623,6
20140624,8
20140625,4
20140626,5
20140627,3
20140629,1
20140630,8
20140701,6
20140702,5
20140703,7
20140706,1
20140707,4
20140708,5
20140709,5
20140710,3
20140711,2
20140713,2
20140714,12
20140715,5
20140716,5
20140717,1
20140718,3
20140721,4
20140722,3
20140723,7
20140724,7
20140725,4
20140726,2
20140728,11
20140729,4
20140730,3
20140731,4
20140801,5
20140803,1
20140804,2
20140805,2
20140806,4
20140807,5
20140808,1
20140810,1
20140812,2
20140813,13
20140814,3
20140815,2
20140818,4
20140819,3
20140820,4
20140821,9
20140822,2
20140824,1
20140825,2
20140826,3
20140827,2
20140828,4
20140829,3
20140901,1
20140902,4
20140903,7
20140904,6
20140905,4
20140907,1
20140908,7
20140909,3
20140910,2
20140911,7
20140912,2
20140914,1
20140915,7
20140916,7
20140917,6
20140918,4
20140919,6
20140922,6
20140923,7
20140924,4
20140925,4
20140926,7
20140929,7
20140930,6
20141001,5
20141002,7
20141003,10
20141005,2
20141006,7
20141007,5
20141008,5
20141009,7
20141010,7
20141012,3
20141013,1
20141014,4
20141015,8
20141016,5
20141017,8
20141019,2
20141020,3
20141021,7
20141023,2
20141024,2
20141026,1
20141027,7
20141028,2
20141029,1
20141030,5
20141031,2
20141102,1
20141103,4
20141104,5
20141105,3
20141106,3
20141107,2
20141108,1
20141109,1
20141110,4
20141111,4
20141112,11
20141113,4
20141114,7
20141116,2
20141117,6
20141118,7
20141119,7
20141120,9
20141121,6
20141124,5
20141125,8
20141126,2
20141127,1
20141128,3
20141129,1
20141130,1
20141201,3
20141202,5
20141203,4
20141204,2
20141205,4
20141206,1
20141207,1
20141208,3
20141209,2
20141210,18
20141211,4
20141212,3
20141214,4
20141215,10
20141216,10
20141217,3
20141218,6
20141219,1
20141221,3
20141222,1
20141223,1
20141224,1
20141225,1
20141226,4
20141228,1
20141229,4
20141231,6
20150101,2
20150102,1
20150105,10
20150106,5
20150107,2
20150108,4
20150109,3
20150111,1
20150112,5
20150113,2
20150114,6
20150115,3
20150116,7
20150117,1
20150119,4
20150120,7
20150121,5
20150122,9
20150123,1
20150125,2
20150126,4
20150127,5
20150128,3
20150129,2
20150130,5
20150201,1
20150202,4
20150203,2
20150204,5
20150205,5
20150206,3
20150208,1
20150210,5
20150211,3
20150212,3
20150213,2
20150216,5
20150217,9
20150218,6
20150219,3
20150220,2
20150222,3
20150223,6
20150224,2
20150225,2
20150226,3
20150227,4
20150302,3
20150303,4
20150304,2
20150305,10
20150306,3
20150307,1
20150309,5
20150310,1
20150311,2
20150312,6
20150313,3
20150315,2
20150316,1
20150317,9
20150318,1
20150319,8
20150320,5
20150321,1
20150322,3
20150323,11
20150324,5
20150325,6
20150326,4
20150327,2
20150329,2
20150330,4
20150331,8
20150401,3
20150402,3
20150403,2
20150404,1
20150405,1
20150406,3
20150407,4
20150408,4
20150409,7
20150410,5
20150413,5
20150414,4
20150415,2
20150416,7
20150417,8
20150419,1
20150420,4
20150421,7
20150422,15
20150423,20
20150424,9
20150426,3
20150427,5
20150428,1
20150429,1
20150430,7
