20050107,1
20050111,1
20050112,2
20050118,1
20050128,1
20050202,1
20050204,1
20050209,1
20050218,1
20050223,2
20050307,1
20050318,1
20050321,1
20050322,2
20050325,1
20050328,1
20050329,1
20050405,1
20050419,1
20050422,1
20050504,1
20050510,1
20050512,2
20050513,1
20050517,2
20050518,1
20050524,2
20050526,2
20050607,1
20050616,2
20050624,1
20050705,1
20050708,1
20050713,1
20050718,1
20050722,1
20050817,1
20050818,1
20050823,1
20050909,3
20050915,2
20050919,2
20050920,2
20050922,2
20050927,1
20050928,1
20051006,1
20051007,1
20051009,1
20051010,1
20051019,1
20051021,1
20051027,1
20051028,1
20051101,2
20051115,1
20051118,2
20051121,1
20051122,1
20051124,1
20051126,1
20051203,1
20051206,1
20051207,1
20051213,1
20051217,1
20051222,2
20051223,1
20051228,1
20051229,2
20060125,1
20060127,2
20060210,1
20060211,1
20060216,1
20060217,1
20060221,1
20060306,1
20060313,1
20060314,1
20060315,2
20060323,1
20060325,1
20060327,1
20060404,1
20060406,1
20060410,1
20060412,1
20060414,1
20060418,1
20060421,1
20060422,1
20060504,2
20060508,1
20060509,1
20060517,1
20060520,1
20060522,1
20060530,1
20060602,1
20060621,1
20060622,2
20060623,1
20060626,1
20060627,2
20060628,1
20060701,1
20060707,2
20060714,1
20060724,1
20060725,1
20060726,1
20060729,1
20060808,1
20060811,1
20060814,1
20060822,1
20060828,1
20060901,2
20060916,1
20060920,2
20060922,1
20061003,1
20061006,1
20061018,1
20061020,1
20061026,1
20061030,1
20061102,1
20061103,1
20061104,1
20061108,1
20061109,1
20061115,1
20061117,1
20061118,1
20061120,1
20061128,1
20061204,1
20061205,2
20061211,1
20070102,1
20070108,2
20070117,1
20070130,1
20070131,2
20070206,1
20070212,1
20070224,1
20070227,1
20070302,1
20070303,2
20070321,1
20070323,2
20070326,1
20070418,1
20070425,1
20070426,1
20070516,1
20070524,1
20070525,1
20070611,1
20070612,1
20070616,1
20070620,1
20070622,2
20070629,1
20070710,1
20070724,1
20070725,1
20070815,1
20070918,2
20070921,1
20070929,1
20071002,1
20071004,1
20071016,1
20071024,1
20071027,1
20071110,1
20071117,1
20071126,2
20071128,1
20071129,1
20071130,1
20071201,1
20071214,1
20071221,1
20071222,1
20071224,1
20071226,1
20071227,1
20080110,1
20080114,1
20080115,1
20080122,1
20080125,1
20080129,1
20080214,1
20080215,1
20080220,1
20080306,2
20080311,1
20080313,1
20080320,1
20080321,1
20080331,1
20080408,1
20080409,2
20080412,1
20080423,1
20080424,1
20080429,2
20080502,1
20080510,1
20080512,1
20080514,1
20080515,2
20080517,1
20080522,2
20080527,1
20080528,1
20080529,1
20080603,1
20080604,1
20080612,1
20080616,1
20080619,1
20080624,1
20080625,1
20080723,1
20080808,1
20080811,1
20080814,1
20080829,1
20080909,1
20080910,1
20080911,1
20081008,1
20081017,1
20081021,1
20081024,2
20081028,1
20081030,1
20081103,1
20081108,1
20081110,1
20081114,1
20081117,2
20081118,1
20081124,1
20081125,1
20081202,1
20081205,1
20081211,1
20081222,1
20090107,1
20090202,1
20090204,2
20090210,1
20090214,1
20090306,1
20090309,1
20090312,2
20090320,1
20090325,1
20090421,1
20090423,1
20090424,2
20090503,1
20090512,1
20090525,1
20090526,1
20090609,1
20090623,1
20090721,1
20090724,2
20090914,1
20091005,1
20091007,1
20091017,1
20091020,1
20091022,1
20091026,1
20091030,1
20091103,3
20091110,1
20091112,1
20091116,1
20091120,1
20091122,1
20091202,1
20091205,1
20091207,1
20091209,2
20091211,1
20091216,1
20091218,1
20091220,1
20091221,2
20091222,1
20100109,2
20100111,1
20100129,1
20100203,1
20100208,2
20100210,3
20100223,1
20100302,1
20100309,1
20100311,2
20100318,1
20100325,1
20100406,1
20100414,1
20100415,1
20100416,1
20100418,3
20100419,3
20100420,2
20100421,1
20100504,1
20100505,1
20100511,1
20100602,1
20100614,1
20100616,1
20100617,1
20100621,1
20100628,1
20100629,1
20100714,1
20100722,2
20100726,1
20100803,2
20100804,1
20100814,1
20100823,1
20100904,1
20100905,1
20100907,1
20100908,1
20100913,1
20100915,1
20100916,1
20100920,2
20100927,1
20100929,1
20101001,1
20101008,1
20101017,1
20101021,2
20101023,1
20101029,1
20101030,2
20101031,2
20101101,2
20101103,1
20101105,1
20101109,2
20101111,1
20101116,1
20101117,1
20101203,1
20101213,1
20101214,1
20101216,1
20101217,1
20101222,1
20110108,1
20110128,1
20110131,1
20110201,1
20110202,1
20110209,1
20110215,1
20110216,1
20110301,1
20110314,2
20110318,1
20110331,1
20110403,1
20110425,1
20110426,2
20110427,1
20110509,1
20110510,1
20110517,1
20110523,2
20110606,1
20110614,1
20110617,1
20110621,1
20110623,1
20110705,1
20110707,1
20110711,1
20110713,1
20110725,1
20110726,1
20110729,1
20110801,1
20110802,1
20110804,1
20110808,1
20110811,1
20110812,1
20110819,1
20110825,1
20110829,1
20110916,2
20110917,1
20110923,1
20110928,1
20111011,1
20111017,1
20111025,2
20111026,1
20111107,1
20111108,1
20111122,1
20111129,1
20111202,1
20111215,1
20111220,1
20111221,1
20111223,1
20111227,1
20120103,1
20120109,1
20120111,1
20120125,1
20120126,3
20120130,1
20120131,2
20120201,1
20120218,1
20120220,1
20120221,3
20120222,1
20120305,1
20120306,1
20120319,6
20120320,1
20120321,1
20120322,1
20120327,1
20120328,1
20120329,1
20120401,1
20120415,1
20120417,1
20120423,1
20120426,1
20120427,1
20120503,1
20120507,3
20120508,1
20120516,1
20120518,2
20120523,1
20120604,1
20120619,1
20120621,1
20120627,1
20120713,1
20120716,1
20120718,1
20120724,3
20120725,1
20120726,2
20120728,1
20120730,1
20120731,2
20120806,1
20120807,1
20120813,1
20120827,1
20120830,2
20120905,2
20120910,1
20120918,4
20120924,4
20121008,1
20121009,2
20121014,1
20121016,1
20121018,1
20121019,1
20121022,1
20121023,6
20121029,1
20121030,2
20121101,1
20121102,1
20121105,1
20121109,1
20121113,1
20121114,1
20121115,1
20121127,3
20121128,2
20121130,2
20121203,1
20121210,1
20121213,1
20121214,1
20121218,2
20121226,1
20121230,1
20130106,1
20130109,1
20130111,1
20130114,2
20130121,1
20130123,1
20130125,1
20130130,1
20130131,4
20130201,1
20130206,1
20130226,1
20130310,1
20130325,1
20130326,1
20130327,1
20130328,1
20130329,2
20130403,1
20130404,1
20130407,1
20130419,1
20130422,1
20130423,2
20130425,2
20130426,1
20130428,1
20130508,1
20130509,2
20130516,1
20130603,1
20130611,1
20130612,1
20130702,1
20130703,1
20130708,1
20130710,1
20130712,1
20130714,1
20130715,1
20130721,1
20130723,3
20130724,1
20130806,1
20130807,1
20130814,1
20130816,2
20130817,1
20130821,1
20130902,1
20130903,2
20130904,1
20130905,1
20130916,1
20130918,1
20130926,1
20130930,1
20131003,1
20131010,2
20131023,1
20131025,3
20131028,2
20131029,2
20131107,1
20131111,1
20131112,1
20131113,1
20131115,1
20131121,2
20131122,1
20131124,2
20131202,2
20131204,1
20131206,1
20131209,1
20131217,1
20131218,1
20131222,2
20131223,2
20131224,1
20131225,2
20131226,5
20131227,2
20140102,1
20140103,1
20140108,2
20140115,1
20140117,2
20140121,2
20140123,1
20140124,1
20140130,4
20140205,2
20140207,1
20140211,1
20140212,2
20140213,2
20140219,1
20140220,1
20140224,1
20140303,1
20140305,1
20140314,1
20140317,1
20140318,1
20140319,1
20140403,1
20140404,1
20140409,1
20140410,2
20140417,1
20140422,1
20140423,2
20140424,4
20140428,1
20140430,1
20140505,1
20140507,2
20140521,1
20140529,1
20140530,1
20140604,2
20140605,1
20140606,2
20140610,3
20140617,2
20140618,1
20140624,1
20140701,2
20140710,1
20140716,1
20140717,1
20140724,1
20140725,1
20140727,1
20140728,1
20140729,4
20140730,1
20140804,1
20140805,1
20140813,1
20140820,1
20140821,7
20140822,3
20140825,2
20140904,1
20140905,1
20140907,1
20140908,1
20140909,1
20140911,2
20140912,2
20140914,1
20140916,5
20140917,2
20140918,1
20140923,2
20140924,2
20141002,1
20141003,3
20141007,1
20141008,1
20141009,3
20141013,2
20141014,2
20141015,1
20141016,1
20141020,1
20141021,1
20141022,2
20141023,1
20141024,3
20141027,1
20141028,2
20141029,1
20141030,2
20141031,1
20141105,1
20141106,1
20141107,2
20141113,1
20141114,3
20141118,1
20141119,3
20141120,1
20141123,1
20141125,1
20141202,1
20141203,1
20141204,1
20141209,1
20141210,2
20141211,2
20141216,1
20141217,1
20141218,1
20141219,1
20141221,1
20141222,2
20141223,2
20141224,1
20141225,1
20141226,1
20141229,1
20150106,3
20150112,1
20150119,1
20150123,3
20150202,1
20150203,4
20150206,1
20150210,1
20150212,1
20150216,1
20150217,3
20150218,4
20150222,1
20150223,1
20150224,3
20150225,1
20150304,1
20150305,1
20150306,1
20150308,1
20150309,1
20150317,1
20150318,1
20150320,2
20150324,3
20150325,1
20150326,1
20150329,1
20150330,1
20150331,1
20150407,3
20150408,2
20150415,1
20150419,1
20150422,1
20150423,1
20150426,1
20150427,1
20150428,5
20150429,4
20150430,1
