20050114,2
20050117,1
20050118,1
20050121,1
20050126,1
20050128,1
20050131,1
20050201,2
20050202,1
20050209,2
20050216,1
20050218,1
20050221,1
20050223,1
20050224,1
20050228,1
20050304,1
20050309,1
20050310,1
20050311,2
20050317,1
20050325,1
20050401,1
20050406,1
20050407,1
20050411,2
20050419,1
20050421,1
20050428,1
20050503,1
20050505,1
20050506,1
20050509,2
20050510,1
20050517,1
20050524,1
20050601,1
20050602,1
20050603,1
20050607,1
20050610,3
20050613,1
20050614,1
20050624,1
20050627,1
20050701,1
20050705,1
20050706,1
20050707,1
20050715,1
20050718,1
20050719,2
20050721,1
20050808,1
20050816,1
20050822,1
20050823,1
20050826,1
20050906,3
20050907,1
20050911,1
20050913,1
20050921,1
20051001,1
20051004,1
20051005,1
20051006,2
20051007,1
20051017,2
20051018,1
20051019,2
20051021,1
20051024,1
20051026,1
20051027,2
20051028,1
20051031,1
20051107,1
20051114,1
20051121,1
20051126,1
20051128,1
20051208,1
20051210,1
20051215,1
20051221,1
20060105,1
20060106,1
20060107,1
20060110,1
20060111,1
20060118,2
20060119,1
20060123,1
20060125,2
20060126,1
20060128,1
20060201,1
20060202,1
20060203,1
20060209,1
20060215,1
20060221,1
20060222,1
20060227,1
20060228,1
20060303,1
20060305,1
20060306,1
20060309,1
20060311,1
20060313,1
20060315,1
20060316,2
20060320,1
20060324,1
20060325,1
20060329,1
20060331,3
20060404,2
20060405,1
20060413,1
20060414,1
20060418,1
20060419,1
20060420,2
20060422,1
20060425,1
20060503,2
20060506,1
20060508,1
20060515,1
20060516,1
20060524,1
20060525,1
20060527,1
20060606,1
20060607,1
20060613,1
20060614,1
20060619,1
20060621,1
20060622,1
20060701,1
20060706,2
20060711,1
20060712,2
20060713,1
20060716,1
20060717,1
20060719,3
20060720,1
20060724,2
20060731,1
20060801,1
20060809,1
20060811,1
20060816,1
20060822,1
20060828,1
20060829,1
20060906,1
20060909,1
20060914,1
20060915,1
20060916,1
20060919,1
20060921,1
20060925,1
20060928,1
20061004,1
20061006,1
20061016,3
20061017,1
20061018,1
20061019,1
20061103,1
20061107,1
20061109,1
20061110,1
20061113,1
20061114,1
20061120,1
20061121,1
20061129,1
20061201,1
20061204,1
20061213,1
20061218,1
20061220,1
20070109,2
20070115,1
20070116,1
20070122,2
20070123,1
20070124,2
20070127,1
20070202,1
20070208,1
20070212,1
20070222,1
20070223,1
20070224,1
20070226,1
20070227,1
20070303,1
20070307,1
20070308,1
20070314,1
20070320,1
20070330,1
20070331,1
20070417,1
20070424,1
20070430,1
20070501,1
20070505,1
20070509,1
20070512,1
20070517,1
20070521,1
20070524,1
20070601,1
20070606,2
20070612,2
20070614,1
20070616,1
20070618,1
20070622,3
20070629,1
20070710,1
20070712,2
20070717,1
20070718,1
20070724,1
20070726,1
20070727,2
20070730,1
20070801,1
20070802,1
20070806,1
20070808,1
20070809,1
20070814,1
20070822,1
20070823,1
20070824,1
20070829,1
20070831,1
20070903,1
20070905,1
20070914,3
20070922,1
20070928,2
20070929,1
20071003,1
20071008,1
20071010,1
20071011,1
20071013,1
20071018,3
20071020,1
20071023,2
20071025,2
20071030,1
20071107,1
20071108,1
20071109,1
20071112,1
20071113,1
20071117,1
20071119,1
20071120,1
20071127,2
20071129,1
20071213,1
20071217,1
20071221,1
20080102,1
20080107,1
20080111,1
20080112,1
20080114,3
20080115,2
20080116,1
20080117,1
20080118,1
20080123,1
20080131,1
20080205,1
20080207,2
20080208,1
20080211,2
20080213,1
20080214,1
20080218,1
20080219,2
20080221,1
20080301,1
20080303,2
20080304,2
20080305,1
20080306,2
20080311,1
20080314,1
20080324,3
20080326,1
20080327,1
20080328,1
20080401,1
20080407,1
20080408,1
20080409,1
20080410,1
20080415,1
20080416,1
20080418,2
20080428,1
20080430,2
20080505,1
20080508,2
20080512,1
20080513,1
20080519,2
20080521,1
20080523,1
20080526,1
20080528,1
20080603,1
20080607,1
20080611,2
20080612,1
20080613,3
20080626,1
20080703,1
20080714,1
20080716,1
20080717,2
20080718,2
20080721,1
20080723,1
20080729,1
20080730,1
20080801,2
20080804,1
20080805,1
20080807,1
20080809,1
20080811,1
20080812,2
20080814,1
20080816,1
20080821,1
20080828,1
20080905,1
20080910,1
20080911,1
20080916,1
20080918,2
20080927,1
20081001,1
20081002,1
20081009,2
20081013,2
20081014,1
20081017,1
20081018,1
20081021,1
20081023,1
20081029,1
20081101,1
20081104,1
20081113,1
20081118,1
20081124,1
20081203,1
20081204,1
20081206,1
20081212,1
20081215,1
20081217,1
20081219,1
20081222,1
20090108,1
20090109,1
20090121,1
20090122,2
20090123,1
20090130,1
20090202,1
20090203,3
20090209,1
20090210,2
20090217,1
20090221,2
20090223,1
20090303,1
20090304,2
20090307,1
20090309,1
20090311,3
20090317,1
20090320,1
20090324,1
20090326,2
20090328,1
20090330,1
20090331,1
20090402,1
20090406,1
20090409,1
20090418,1
20090419,1
20090422,2
20090424,1
20090428,1
20090429,1
20090430,1
20090501,1
20090504,1
20090516,1
20090527,1
20090528,3
20090601,1
20090602,1
20090605,1
20090606,1
20090610,1
20090615,1
20090702,1
20090710,1
20090713,2
20090714,1
20090720,1
20090721,1
20090722,1
20090730,1
20090808,1
20090824,1
20090908,1
20090914,1
20090928,1
20091017,1
20091018,1
20091021,1
20091023,2
20091028,1
20091030,2
20091103,1
20091104,1
20091108,1
20091113,1
20091123,2
20091202,1
20091207,1
20091211,1
20091213,2
20091215,2
20091220,1
20091221,1
20091222,1
20091228,1
20100106,1
20100107,1
20100108,1
20100112,1
20100119,1
20100127,1
20100202,1
20100203,5
20100210,4
20100217,1
20100221,1
20100222,3
20100223,1
20100224,2
20100226,1
20100302,1
20100304,2
20100308,1
20100309,2
20100311,1
20100312,1
20100315,2
20100319,1
20100401,1
20100410,1
20100415,1
20100419,2
20100421,1
20100429,3
20100430,1
20100510,1
20100522,1
20100523,1
20100524,1
20100525,1
20100526,1
20100527,1
20100606,1
20100608,1
20100612,1
20100615,1
20100621,2
20100622,1
20100623,1
20100628,1
20100702,2
20100705,1
20100707,1
20100708,1
20100713,2
20100715,1
20100716,1
20100717,1
20100720,2
20100721,1
20100723,2
20100729,1
20100730,1
20100803,1
20100808,1
20100810,2
20100812,2
20100813,2
20100814,1
20100819,1
20100907,2
20100912,1
20100913,1
20100924,1
20100927,1
20100928,1
20100929,1
20101004,2
20101005,1
20101006,1
20101012,1
20101018,1
20101019,2
20101020,2
20101021,1
20101029,1
20101103,1
20101105,1
20101109,1
20101111,1
20101112,1
20101113,1
20101117,3
20101119,1
20101122,3
20101124,1
20101125,1
20101130,1
20101201,3
20101202,1
20101205,1
20101206,1
20101214,2
20101215,1
20101224,1
20101229,1
20101230,1
20110105,1
20110106,1
20110113,1
20110118,1
20110119,2
20110125,1
20110126,1
20110127,2
20110131,1
20110204,1
20110208,1
20110210,1
20110211,2
20110214,1
20110217,1
20110223,1
20110225,1
20110228,1
20110307,3
20110309,2
20110322,2
20110325,1
20110328,1
20110329,2
20110331,1
20110401,1
20110404,1
20110405,1
20110406,1
20110413,1
20110415,1
20110419,1
20110421,2
20110426,1
20110428,1
20110502,1
20110506,1
20110510,1
20110511,1
20110512,3
20110523,2
20110525,3
20110526,1
20110527,2
20110601,1
20110602,1
20110616,1
20110617,1
20110618,1
20110620,2
20110621,3
20110622,1
20110623,1
20110624,1
20110625,1
20110627,1
20110701,2
20110704,1
20110705,1
20110707,1
20110711,1
20110716,1
20110720,3
20110721,1
20110725,3
20110727,1
20110805,1
20110816,1
20110818,1
20110823,1
20110831,1
20110908,1
20110916,1
20110919,2
20110920,5
20110921,3
20110922,8
20110923,4
20110924,1
20111003,2
20111007,1
20111013,1
20111019,1
20111020,1
20111024,1
20111025,1
20111027,2
20111028,1
20111031,1
20111101,1
20111109,1
20111110,1
20111115,1
20111118,3
20111122,1
20111203,1
20111206,1
20111209,1
20111213,1
20111215,1
20111219,2
20111222,1
20111230,1
20120104,1
20120106,1
20120109,1
20120110,1
20120123,1
20120125,2
20120126,5
20120206,1
20120208,2
20120211,1
20120223,1
20120224,1
20120301,1
20120302,1
20120307,1
20120309,1
20120312,1
20120315,3
20120316,2
20120318,1
20120320,1
20120325,1
20120327,2
20120412,1
20120420,1
20120423,1
20120424,2
20120425,1
20120426,1
20120427,3
20120429,1
20120430,2
20120503,1
20120507,1
20120508,1
20120511,1
20120515,2
20120517,1
20120524,2
20120607,1
20120612,1
20120613,1
20120614,1
20120626,1
20120628,1
20120701,1
20120702,1
20120706,1
20120707,1
20120709,1
20120710,1
20120711,4
20120714,1
20120717,1
20120718,2
20120720,1
20120722,1
20120723,1
20120724,2
20120725,1
20120726,4
20120728,1
20120730,2
20120807,1
20120808,2
20120809,1
20120814,1
20120815,2
20120822,1
20120824,1
20120829,2
20120830,1
20120902,1
20120903,1
20120905,1
20120912,1
20120914,2
20120921,1
20120928,1
20121001,1
20121003,1
20121004,1
20121008,2
20121011,1
20121013,1
20121016,2
20121017,1
20121018,2
20121019,1
20121023,4
20121024,3
20121025,1
20121026,1
20121029,1
20121030,1
20121105,1
20121108,2
20121113,1
20121114,1
20121116,1
20121127,1
20121129,1
20121203,1
20121204,1
20121205,1
20121206,1
20121207,1
20121209,1
20121211,1
20121212,1
20121216,1
20121217,1
20121220,1
20121228,1
20130108,3
20130109,3
20130114,1
20130117,2
20130118,2
20130121,1
20130122,2
20130123,2
20130129,1
20130131,1
20130204,1
20130206,1
20130207,1
20130212,1
20130214,1
20130218,2
20130220,1
20130222,2
20130225,1
20130227,1
20130228,1
20130304,2
20130305,3
20130306,2
20130308,1
20130311,1
20130312,1
20130314,2
20130315,1
20130326,1
20130328,2
20130401,2
20130404,1
20130407,2
20130408,1
20130409,1
20130414,1
20130421,2
20130422,1
20130423,4
20130425,1
20130428,1
20130429,1
20130502,1
20130503,1
20130505,2
20130510,1
20130519,1
20130520,1
20130523,2
20130527,1
20130529,2
20130603,1
20130605,1
20130607,1
20130610,1
20130611,1
20130612,1
20130614,3
20130616,1
20130617,4
20130618,1
20130619,8
20130620,6
20130623,2
20130624,2
20130626,2
20130627,2
20130628,2
20130630,1
20130701,3
20130702,5
20130703,2
20130705,1
20130707,2
20130708,1
20130709,2
20130711,4
20130712,2
20130714,2
20130715,2
20130716,2
20130717,3
20130718,3
20130719,2
20130722,3
20130723,6
20130724,3
20130725,2
20130726,2
20130728,2
20130729,5
20130730,2
20130731,4
20130801,4
20130802,1
20130803,1
20130805,3
20130806,3
20130807,2
20130808,5
20130809,1
20130812,2
20130813,4
20130814,3
20130815,1
20130816,2
20130817,1
20130818,1
20130819,1
20130820,2
20130821,2
20130822,1
20130823,2
20130824,1
20130825,1
20130826,1
20130827,5
20130828,2
20130829,1
20130830,2
20130902,1
20130903,4
20130904,3
20130905,3
20130906,2
20130909,1
20130910,2
20130911,3
20130912,4
20130913,1
20130915,2
20130916,4
20130917,4
20130918,3
20130919,3
20130920,1
20130921,1
20130922,5
20130923,2
20130924,4
20130925,1
20130926,1
20130929,2
20130930,2
20131001,2
20131002,4
20131003,4
20131004,1
20131005,1
20131007,2
20131008,1
20131009,2
20131010,4
20131011,2
20131014,2
20131015,2
20131016,2
20131017,1
20131018,2
20131020,1
20131021,1
20131022,4
20131023,2
20131024,2
20131025,3
20131029,1
20131031,1
20131103,2
20131104,2
20131105,2
20131106,4
20131108,1
20131111,2
20131112,1
20131115,1
20131116,1
20131118,1
20131120,3
20131121,5
20131122,4
20131125,2
20131127,1
20131128,1
20131129,4
20131202,2
20131203,2
20131204,4
20131205,1
20131206,3
20131208,1
20131209,2
20131210,1
20131211,2
20131212,1
20131213,2
20131215,1
20131216,4
20131217,3
20131218,2
20131219,5
20131220,1
20131223,1
20131224,1
20131226,1
20131229,1
20131231,1
20140102,3
20140103,2
20140105,2
20140106,6
20140108,2
20140109,4
20140110,5
20140113,1
20140114,1
20140115,2
20140116,5
20140120,2
20140121,2
20140122,3
20140123,5
20140124,2
20140126,1
20140127,1
20140128,7
20140129,3
20140130,3
20140131,3
20140203,2
20140204,2
20140205,5
20140206,4
20140207,2
20140209,1
20140211,2
20140212,4
20140213,3
20140214,2
20140217,1
20140218,2
20140220,3
20140221,3
20140224,3
20140225,1
20140226,5
20140227,2
20140228,2
20140303,3
20140304,6
20140305,4
20140306,2
20140307,1
20140309,3
20140310,2
20140311,1
20140312,1
20140313,3
20140314,1
20140317,1
20140318,1
20140319,2
20140320,5
20140321,3
20140323,1
20140324,1
20140325,4
20140326,3
20140327,5
20140330,1
20140331,4
20140401,2
20140402,1
20140403,4
20140404,2
20140407,1
20140408,1
20140409,4
20140410,1
20140411,1
20140414,1
20140415,7
20140416,2
20140417,3
20140418,1
20140421,3
20140422,5
20140423,4
20140424,1
20140425,1
20140427,1
20140428,2
20140429,3
20140430,3
20140501,1
20140502,4
20140504,3
20140505,4
20140506,2
20140507,7
20140508,3
20140509,3
20140511,1
20140512,1
20140513,4
20140514,3
20140515,2
20140516,3
20140518,4
20140519,4
20140520,2
20140521,2
20140522,5
20140523,1
20140526,1
20140527,3
20140528,1
20140529,2
20140530,7
20140601,2
20140602,5
20140603,3
20140604,2
20140605,1
20140606,1
20140608,1
20140609,1
20140610,1
20140612,3
20140613,4
20140615,1
20140616,5
20140617,3
20140618,4
20140619,3
20140620,4
20140623,6
20140624,2
20140625,2
20140626,2
20140627,3
20140630,2
20140701,2
20140702,3
20140703,2
20140704,1
20140706,2
20140707,5
20140708,2
20140709,4
20140710,3
20140711,3
20140713,7
20140714,6
20140715,4
20140716,5
20140717,2
20140718,2
20140721,2
20140722,4
20140723,3
20140724,1
20140725,2
20140728,1
20140729,6
20140730,3
20140731,2
20140801,4
20140804,4
20140805,5
20140806,5
20140807,2
20140808,2
20140810,2
20140811,1
20140812,4
20140813,4
20140814,2
20140815,4
20140817,1
20140818,6
20140819,6
20140820,3
20140821,5
20140822,1
20140826,2
20140827,1
20140828,1
20140829,6
20140901,1
20140902,3
20140903,4
20140904,2
20140905,4
20140907,2
20140908,6
20140909,3
20140911,4
20140912,2
20140914,3
20140915,2
20140916,9
20140917,5
20140918,2
20140919,4
20140922,8
20140923,2
20140924,4
20140925,6
20140926,4
20140928,1
20140929,3
20141001,3
20141002,1
20141003,4
20141006,2
20141007,2
20141008,2
20141009,3
20141010,3
20141012,2
20141013,6
20141014,4
20141015,3
20141016,3
20141017,3
20141020,3
20141021,3
20141022,2
20141023,1
20141026,2
20141027,4
20141028,3
20141029,3
20141030,5
20141031,2
20141102,1
20141103,2
20141105,4
20141106,2
20141107,2
20141110,2
20141111,1
20141113,3
20141114,1
20141117,1
20141118,1
20141119,2
20141120,5
20141121,3
20141124,6
20141125,3
20141126,2
20141130,1
20141201,1
20141202,10
20141203,2
20141204,4
20141205,5
20141206,1
20141207,3
20141208,4
20141209,4
20141210,2
20141211,4
20141212,4
20141214,1
20141215,4
20141216,5
20141217,2
20141218,5
20141219,2
20141222,4
20141223,3
20141224,3
20141229,2
20141230,1
20141231,2
20150101,2
20150102,5
20150104,3
20150105,6
20150106,5
20150107,5
20150108,4
20150109,3
20150110,1
20150111,1
20150112,1
20150113,3
20150114,3
20150115,5
20150116,2
20150119,1
20150120,5
20150121,4
20150122,3
20150123,2
20150125,1
20150126,5
20150127,11
20150128,2
20150129,6
20150130,1
20150201,1
20150202,3
20150203,2
20150204,1
20150205,2
20150206,3
20150209,3
20150210,3
20150211,3
20150212,2
20150213,2
20150217,2
20150218,1
20150219,3
20150220,3
20150222,3
20150223,1
20150224,1
20150225,4
20150226,4
20150227,4
20150302,4
20150303,5
20150304,1
20150305,4
20150306,2
20150309,2
20150310,2
20150311,2
20150312,6
20150313,4
20150315,2
20150316,4
20150317,4
20150319,5
20150323,2
20150324,4
20150325,1
20150326,1
20150327,2
20150329,1
20150330,2
20150331,4
20150402,3
20150403,2
20150406,1
20150407,4
20150408,4
20150409,2
20150412,1
20150413,6
20150414,6
20150415,3
20150416,3
20150417,1
20150419,1
20150420,1
20150421,7
20150422,1
20150423,7
20150424,2
20150426,1
20150427,2
20150428,1
20150429,2
20150430,2
