20050412,1
20050415,1
20050516,1
20050523,1
20050621,1
20050630,1
20050701,1
20050720,1
20050727,1
20050921,1
20051015,2
20051017,1
20051019,1
20051025,1
20051027,1
20051028,1
20051103,2
20051105,1
20051111,1
20051112,1
20051125,2
20051129,1
20051208,1
20060106,1
20060108,1
20060113,1
20060119,2
20060211,1
20060216,1
20060221,1
20060303,1
20060307,1
20060313,3
20060314,3
20060321,1
20060331,1
20060403,1
20060411,2
20060424,1
20060425,1
20060507,1
20060508,1
20060511,1
20060522,1
20060526,1
20060612,1
20060620,1
20060630,1
20060706,1
20060718,1
20060815,1
20060921,1
20061025,1
20061118,1
20061120,1
20061122,1
20061130,1
20070112,1
20070116,1
20070117,1
20070127,1
20070130,1
20070201,1
20070329,2
20070423,1
20070502,1
20070515,2
20070523,2
20070614,1
20070615,1
20070619,1
20070702,1
20070718,1
20070816,2
20070817,1
20070831,1
20070905,1
20070906,1
20070910,1
20070922,1
20070925,1
20071002,2
20071004,1
20071023,1
20071031,1
20071103,1
20071108,1
20071114,1
20071129,1
20080103,1
20080110,1
20080115,1
20080116,1
20080117,1
20080123,1
20080129,1
20080229,1
20080402,1
20080414,1
20080421,2
20080529,1
20080602,1
20080605,1
20080618,3
20080619,3
20080624,1
20080626,2
20080707,1
20080708,2
20080717,1
20080722,1
20080723,2
20080730,2
20080806,1
20080809,1
20080813,1
20080818,1
20080905,1
20080908,3
20080918,1
20080926,1
20080927,1
20080929,2
20081001,1
20081002,1
20081006,1
20081008,1
20081009,1
20081013,2
20081016,1
20081018,2
20081022,1
20081031,1
20081101,2
20081112,1
20081114,1
20081117,1
20081120,1
20081223,1
20090103,1
20090105,1
20090106,1
20090109,1
20090120,1
20090126,1
20090205,1
20090206,1
20090213,1
20090217,1
20090223,1
20090227,1
20090309,1
20090322,1
20090323,1
20090327,1
20090328,1
20090331,1
20090413,1
20090414,1
20090421,1
20090422,2
20090423,1
20090424,2
20090502,1
20090506,1
20090507,1
20090508,1
20090511,3
20090514,1
20090516,1
20090518,2
20090519,1
20090521,1
20090529,1
20090530,1
20090605,3
20090609,1
20090611,1
20090619,1
20090622,1
20090623,1
20090624,1
20090626,1
20090629,1
20090713,2
20090715,1
20090722,1
20090821,1
20090829,1
20090831,1
20090901,1
20090910,1
20090921,1
20090922,1
20091021,1
20091022,2
20091023,2
20091028,1
20091030,2
20091103,1
20091106,1
20091117,1
20091123,1
20091130,1
20091204,1
20091209,1
20091214,1
20091215,1
20091221,1
20091228,2
20100112,1
20100115,1
20100120,1
20100121,1
20100126,1
20100129,1
20100204,1
20100213,1
20100222,1
20100301,1
20100305,1
20100309,1
20100310,1
20100403,1
20100416,1
20100421,1
20100430,1
20100506,1
20100510,1
20100525,1
20100610,1
20100611,1
20100616,1
20100618,1
20100702,1
20100704,1
20100714,1
20100720,1
20100721,1
20100724,1
20100729,1
20100730,1
20100805,1
20100810,1
20100819,1
20100820,2
20100901,1
20100909,1
20100927,1
20100930,1
20101020,1
20101025,1
20101026,1
20101029,1
20101105,1
20101115,1
20101210,2
20101216,1
20101218,1
20101222,1
20101229,1
20110103,2
20110110,2
20110115,1
20110120,1
20110125,1
20110126,1
20110128,1
20110207,1
20110214,1
20110218,1
20110301,2
20110304,1
20110305,1
20110307,2
20110308,1
20110315,1
20110317,1
20110318,6
20110404,1
20110407,1
20110419,1
20110421,2
20110510,1
20110513,1
20110514,1
20110517,1
20110525,1
20110528,1
20110621,2
20110705,1
20110706,3
20110715,1
20110718,1
20110720,1
20110808,1
20110815,1
20110816,1
20110817,2
20110819,2
20110825,1
20110830,1
20110831,1
20110901,2
20110902,2
20110914,1
20110917,1
20110930,1
20111001,1
20111006,1
20111007,1
20111010,1
20111012,2
20111018,1
20111019,1
20111020,2
20111021,1
20111024,1
20111025,1
20111028,1
20111101,1
20111118,1
20111222,1
20111230,1
20120103,2
20120105,1
20120111,1
20120113,1
20120117,2
20120118,2
20120119,2
20120123,1
20120130,1
20120202,3
20120206,1
20120208,1
20120209,2
20120221,2
20120224,2
20120227,1
20120228,1
20120229,1
20120306,1
20120313,2
20120403,1
20120413,1
20120417,2
20120424,1
20120509,1
20120510,1
20120515,1
20120516,3
20120524,4
20120607,1
20120622,1
20120713,2
20120807,1
20120809,1
20120826,1
20120827,1
20120828,2
20120829,1
20120830,1
20120831,1
20120904,1
20120905,1
20120914,1
20120916,1
20120917,1
20120918,1
20120926,1
20121002,2
20121008,1
20121016,2
20121018,1
20121019,3
20121023,3
20121025,1
20121026,1
20121105,1
20121112,1
20121121,1
20121204,1
20121205,1
20121206,1
20121220,1
20121225,1
20130115,1
20130116,1
20130118,2
20130131,1
20130212,2
20130213,1
20130219,1
20130314,1
20130328,1
20130404,1
20130411,2
20130412,2
20130414,1
20130416,2
20130418,2
20130422,1
20130423,2
20130425,1
20130426,1
20130430,1
20130507,1
20130524,2
20130527,1
20130528,1
20130606,2
20130614,1
20130712,1
20130715,1
20130717,1
20130719,1
20130722,1
20130731,1
20130801,2
20130806,1
20130813,1
20130830,1
20130909,2
20130925,2
20130930,1
20131014,1
20131015,1
20131016,2
20131018,2
20131021,2
20131025,1
20131105,1
20131106,2
20131108,2
20131121,1
20131204,1
20131205,2
20131210,1
20131213,1
20131215,1
20131216,1
20131217,5
20131218,1
20131219,1
20131227,1
20131230,1
20140103,1
20140107,2
20140108,3
20140109,2
20140110,1
20140113,1
20140114,2
20140115,1
20140116,2
20140117,2
20140122,3
20140123,1
20140124,1
20140127,2
20140128,1
20140129,1
20140131,1
20140205,1
20140206,1
20140207,1
20140211,2
20140218,1
20140220,1
20140224,2
20140304,1
20140314,1
20140317,1
20140321,3
20140324,1
20140326,3
20140327,3
20140408,1
20140411,1
20140414,1
20140415,1
20140416,2
20140417,1
20140421,1
20140507,2
20140511,1
20140522,2
20140526,1
20140529,1
20140530,1
20140605,1
20140611,1
20140618,1
20140619,1
20140620,1
20140623,1
20140624,1
20140625,2
20140626,1
20140630,2
20140701,1
20140716,3
20140717,1
20140721,1
20140722,1
20140728,1
20140729,1
20140811,1
20140812,1
20140813,2
20140825,1
20140828,4
20140829,2
20140908,1
20140909,2
20140912,1
20140916,1
20140918,1
20140922,1
20140925,2
20140926,1
20141003,1
20141009,1
20141016,1
20141017,1
20141020,1
20141022,4
20141030,2
20141106,1
20141112,1
20141120,1
20141121,1
20141201,1
20141202,1
20141215,2
20141223,1
20150107,1
20150120,1
20150121,2
20150126,1
20150204,2
20150211,1
20150212,1
20150217,1
20150218,1
20150224,1
20150304,1
20150305,1
20150309,1
20150312,1
20150323,2
20150324,1
20150325,1
20150326,1
20150406,3
20150415,3
20150416,1
20150420,1
20150421,1
20150429,1
