20050105,1
20050106,1
20050107,3
20050110,2
20050111,2
20050113,1
20050114,1
20050117,1
20050118,3
20050119,1
20050120,1
20050124,1
20050125,2
20050127,2
20050128,6
20050131,3
20050201,2
20050202,1
20050203,2
20050204,2
20050207,1
20050208,3
20050209,2
20050210,2
20050211,2
20050213,1
20050214,5
20050215,7
20050216,3
20050217,4
20050218,4
20050221,1
20050222,3
20050223,4
20050224,2
20050225,1
20050228,3
20050301,3
20050302,4
20050303,3
20050304,2
20050307,1
20050308,1
20050310,3
20050314,2
20050315,2
20050316,2
20050317,2
20050318,1
20050321,1
20050322,1
20050323,2
20050324,3
20050325,2
20050328,1
20050329,3
20050330,3
20050331,1
20050401,2
20050404,1
20050405,2
20050406,2
20050407,1
20050408,1
20050411,3
20050412,1
20050413,3
20050414,1
20050415,2
20050419,3
20050420,1
20050421,4
20050422,2
20050423,3
20050425,5
20050426,1
20050427,1
20050428,2
20050429,1
20050502,4
20050503,1
20050504,5
20050505,1
20050506,2
20050509,2
20050510,2
20050511,1
20050512,4
20050516,2
20050517,4
20050518,1
20050519,1
20050524,1
20050525,2
20050526,1
20050531,1
20050601,1
20050606,2
20050607,1
20050608,3
20050615,2
20050616,1
20050617,2
20050621,1
20050623,3
20050624,1
20050627,2
20050628,2
20050629,2
20050701,2
20050705,1
20050707,1
20050708,3
20050713,1
20050714,2
20050715,1
20050718,3
20050720,1
20050725,1
20050726,2
20050727,2
20050801,1
20050802,2
20050804,1
20050808,1
20050809,2
20050810,3
20050811,4
20050812,1
20050815,1
20050816,1
20050818,2
20050819,1
20050823,1
20050824,2
20050826,1
20050829,1
20050830,1
20050831,1
20050901,2
20050902,2
20050908,1
20050909,2
20050912,2
20050914,1
20050916,3
20050919,2
20050920,1
20050921,2
20050922,5
20050925,1
20050927,1
20050928,1
20051001,2
20051003,1
20051004,4
20051006,1
20051007,1
20051010,1
20051013,1
20051014,1
20051018,1
20051020,1
20051021,2
20051022,1
20051024,2
20051025,1
20051026,3
20051027,5
20051028,1
20051031,2
20051101,2
20051102,2
20051103,1
20051104,1
20051109,2
20051110,2
20051111,1
20051114,2
20051117,2
20051118,2
20051119,1
20051121,1
20051122,1
20051123,1
20051130,1
20051201,2
20051202,1
20051205,2
20051206,4
20051207,1
20051209,2
20051212,1
20051213,3
20051214,2
20051215,1
20051216,1
20051219,3
20051220,1
20051221,1
20051222,1
20051228,1
20051229,1
20051230,1
20060103,1
20060105,1
20060106,5
20060107,1
20060111,1
20060112,2
20060113,2
20060114,1
20060116,1
20060117,1
20060119,1
20060121,2
20060123,2
20060124,2
20060125,3
20060127,2
20060128,2
20060130,2
20060131,3
20060201,1
20060202,4
20060206,1
20060207,3
20060208,5
20060209,2
20060211,1
20060213,3
20060214,2
20060215,3
20060216,2
20060221,1
20060222,1
20060223,3
20060228,3
20060301,1
20060302,1
20060304,1
20060306,6
20060307,7
20060308,3
20060309,1
20060311,1
20060313,2
20060314,2
20060315,1
20060316,1
20060317,3
20060318,1
20060320,1
20060321,4
20060322,1
20060323,2
20060324,3
20060325,2
20060327,1
20060328,2
20060331,2
20060401,1
20060403,4
20060404,2
20060406,1
20060407,2
20060410,2
20060411,1
20060413,2
20060420,1
20060425,1
20060426,2
20060427,4
20060428,1
20060501,1
20060502,1
20060503,2
20060504,1
20060505,1
20060508,1
20060509,2
20060510,2
20060511,2
20060512,2
20060513,3
20060515,1
20060516,3
20060517,1
20060518,3
20060519,2
20060522,2
20060523,1
20060524,3
20060525,1
20060526,1
20060527,1
20060530,2
20060531,1
20060601,2
20060602,1
20060603,2
20060605,1
20060606,1
20060608,2
20060609,1
20060612,1
20060613,1
20060614,2
20060619,2
20060620,3
20060621,2
20060623,1
20060627,1
20060629,1
20060630,1
20060701,1
20060706,1
20060707,1
20060708,1
20060710,2
20060711,3
20060712,1
20060713,2
20060721,1
20060722,1
20060724,1
20060725,2
20060727,5
20060728,1
20060729,1
20060731,1
20060801,3
20060802,2
20060804,2
20060805,2
20060808,1
20060810,2
20060814,3
20060815,1
20060816,2
20060817,4
20060819,1
20060820,1
20060822,2
20060824,2
20060826,1
20060829,2
20060831,2
20060902,2
20060905,1
20060906,1
20060907,4
20060908,3
20060911,1
20060912,2
20060913,1
20060914,1
20060915,1
20060918,1
20060919,1
20060923,1
20060925,1
20060926,1
20060927,1
20060928,1
20060929,2
20060930,3
20061002,1
20061005,1
20061007,1
20061009,1
20061010,1
20061011,3
20061018,2
20061019,2
20061023,4
20061024,2
20061025,2
20061027,1
20061030,2
20061031,1
20061101,2
20061102,2
20061107,2
20061108,3
20061110,1
20061113,1
20061115,1
20061116,2
20061120,1
20061122,1
20061127,1
20061128,2
20061130,2
20061204,3
20061207,4
20061211,1
20061212,1
20061218,2
20061219,3
20061220,1
20061221,2
20061223,1
20061228,1
20061229,1
20061230,1
20070102,3
20070103,1
20070108,1
20070109,2
20070110,1
20070111,1
20070112,1
20070116,2
20070117,4
20070119,1
20070120,1
20070122,2
20070129,1
20070130,1
20070131,1
20070205,1
20070206,1
20070207,2
20070208,3
20070209,1
20070213,2
20070214,2
20070216,1
20070217,1
20070220,1
20070222,2
20070226,1
20070228,1
20070301,1
20070305,2
20070306,1
20070307,1
20070308,1
20070309,3
20070310,1
20070313,1
20070314,2
20070315,1
20070316,2
20070319,1
20070320,1
20070321,1
20070324,1
20070326,3
20070327,2
20070329,1
20070330,2
20070402,1
20070403,2
20070406,2
20070407,1
20070409,1
20070411,1
20070412,2
20070413,1
20070416,3
20070417,1
20070418,2
20070419,1
20070420,1
20070423,1
20070424,1
20070425,4
20070427,1
20070428,2
20070501,2
20070502,4
20070503,3
20070504,1
20070507,1
20070508,1
20070509,1
20070511,1
20070512,1
20070514,1
20070515,1
20070517,2
20070519,1
20070521,2
20070522,2
20070524,1
20070525,1
20070526,2
20070530,1
20070531,3
20070601,2
20070602,1
20070604,1
20070605,1
20070607,4
20070608,2
20070611,2
20070612,2
20070613,3
20070614,1
20070615,3
20070619,1
20070620,2
20070621,1
20070623,1
20070626,4
20070627,2
20070628,1
20070703,2
20070707,1
20070710,1
20070711,2
20070712,1
20070716,3
20070717,3
20070718,1
20070719,1
20070720,3
20070721,1
20070725,3
20070726,2
20070731,3
20070801,3
20070802,5
20070806,1
20070807,1
20070808,3
20070809,3
20070810,2
20070814,2
20070815,1
20070816,1
20070817,1
20070821,1
20070822,1
20070831,1
20070904,6
20070907,1
20070908,1
20070912,1
20070914,2
20070917,1
20070918,1
20070919,1
20070920,1
20070921,1
20070924,1
20070926,1
20070927,2
20070928,3
20071001,1
20071002,1
20071003,2
20071004,4
20071005,1
20071008,1
20071009,1
20071010,1
20071011,2
20071012,1
20071016,1
20071017,1
20071019,1
20071020,1
20071022,2
20071023,1
20071024,3
20071025,1
20071026,1
20071027,1
20071029,2
20071030,2
20071031,1
20071101,4
20071102,1
20071105,1
20071106,2
20071108,1
20071109,3
20071112,1
20071114,1
20071116,2
20071117,1
20071128,3
20071129,1
20071130,3
20071204,1
20071205,1
20071208,1
20071210,1
20071211,3
20071217,2
20071219,2
20071221,2
20071224,1
20071228,2
20080102,1
20080109,2
20080111,1
20080114,1
20080115,2
20080118,1
20080119,2
20080124,1
20080128,1
20080129,1
20080130,2
20080131,3
20080201,2
20080205,2
20080206,1
20080207,2
20080208,1
20080209,1
20080211,1
20080212,2
20080213,5
20080214,3
20080215,1
20080219,1
20080220,2
20080221,2
20080222,1
20080226,2
20080227,2
20080228,1
20080229,2
20080301,1
20080303,1
20080305,1
20080307,1
20080311,1
20080313,1
20080318,1
20080319,1
20080320,2
20080321,1
20080325,1
20080326,2
20080327,1
20080328,3
20080331,1
20080402,1
20080403,1
20080404,1
20080407,1
20080410,1
20080411,1
20080416,2
20080417,1
20080421,1
20080423,1
20080429,2
20080501,1
20080502,2
20080505,1
20080506,3
20080507,1
20080508,1
20080509,1
20080510,1
20080512,1
20080515,3
20080516,3
20080517,1
20080519,2
20080520,1
20080522,1
20080524,1
20080528,2
20080602,2
20080603,1
20080605,1
20080606,4
20080609,1
20080610,1
20080611,3
20080612,3
20080613,1
20080617,1
20080619,2
20080620,1
20080623,1
20080624,1
20080626,1
20080628,1
20080630,2
20080701,2
20080702,1
20080710,3
20080721,1
20080722,4
20080723,1
20080724,2
20080725,1
20080729,2
20080731,2
20080801,1
20080802,1
20080804,2
20080805,2
20080807,5
20080808,2
20080811,1
20080813,1
20080816,1
20080818,1
20080819,1
20080822,2
20080902,1
20080904,3
20080905,1
20080906,1
20080909,2
20080910,2
20080912,1
20080917,1
20080918,2
20080920,1
20080924,1
20080925,1
20080926,1
20080929,2
20080930,4
20081001,5
20081002,2
20081003,1
20081006,1
20081007,1
20081008,2
20081014,1
20081015,1
20081017,1
20081021,1
20081023,2
20081027,2
20081028,4
20081030,5
20081031,2
20081104,1
20081105,3
20081106,2
20081107,1
20081110,2
20081112,2
20081114,1
20081117,1
20081119,1
20081120,1
20081121,3
20081122,1
20081124,1
20081202,3
20081204,3
20081205,1
20081208,2
20081211,3
20081212,1
20081215,1
20081217,2
20081219,2
20081226,1
20081230,1
20081231,1
20090102,1
20090106,2
20090107,1
20090108,1
20090112,1
20090114,1
20090115,1
20090121,1
20090123,1
20090126,2
20090128,3
20090130,1
20090204,1
20090205,2
20090206,1
20090211,2
20090212,1
20090217,3
20090219,2
20090220,1
20090221,1
20090224,1
20090303,2
20090304,1
20090309,1
20090312,1
20090314,1
20090316,1
20090317,1
20090324,2
20090325,1
20090330,2
20090401,1
20090402,1
20090406,1
20090408,3
20090409,1
20090414,1
20090415,1
20090416,2
20090420,1
20090428,1
20090429,1
20090430,1
20090501,1
20090504,1
20090505,1
20090506,1
20090509,1
20090511,2
20090514,2
20090518,1
20090519,1
20090526,2
20090527,1
20090602,2
20090603,1
20090605,1
20090611,1
20090612,1
20090616,1
20090617,1
20090619,1
20090620,1
20090623,1
20090625,1
20090630,2
20090701,2
20090707,3
20090708,2
20090710,1
20090713,1
20090718,1
20090720,1
20090724,2
20090727,1
20090728,3
20090729,2
20090730,4
20090731,1
20090807,1
20090811,1
20090812,1
20090817,2
20090818,1
20090820,1
20090825,1
20090827,1
20090829,1
20090901,1
20090904,1
20090908,4
20090909,2
20090910,1
20090911,2
20090914,1
20090915,1
20090916,2
20090917,2
20090918,4
20090921,1
20090922,2
20090923,1
20090924,1
20090928,1
20090929,2
20091006,1
20091007,1
20091009,1
20091012,1
20091013,1
20091014,2
20091015,2
20091021,2
20091022,1
20091023,1
20091026,2
20091027,2
20091028,1
20091029,1
20091030,1
20091103,1
20091105,4
20091108,1
20091111,1
20091112,2
20091119,2
20091123,1
20091124,1
20091125,1
20091129,1
20091203,1
20091205,1
20091208,1
20091210,2
20091212,1
20091214,1
20091215,1
20091216,4
20091217,2
20091220,1
20091222,1
20091224,1
20091228,1
20091229,1
20091230,2
20100103,1
20100104,1
20100107,1
20100109,1
20100111,1
20100115,4
20100116,1
20100120,1
20100121,2
20100122,1
20100126,3
20100127,1
20100128,1
20100129,1
20100131,1
20100202,2
20100203,2
20100204,2
20100205,1
20100208,2
20100210,1
20100211,2
20100212,1
20100213,1
20100215,1
20100216,2
20100217,1
20100218,1
20100219,1
20100224,2
20100303,4
20100305,3
20100306,1
20100308,1
20100309,1
20100310,3
20100311,1
20100313,1
20100316,1
20100317,3
20100318,1
20100319,3
20100322,2
20100324,1
20100327,1
20100330,2
20100331,1
20100401,3
20100402,1
20100404,1
20100406,2
20100407,3
20100408,1
20100412,3
20100415,1
20100422,2
20100423,3
20100426,1
20100427,1
20100428,2
20100429,1
20100504,1
20100505,1
20100506,1
20100511,1
20100512,2
20100513,1
20100514,2
20100517,3
20100518,1
20100521,1
20100522,1
20100525,1
20100527,1
20100528,2
20100602,1
20100603,1
20100606,2
20100607,1
20100608,1
20100609,1
20100615,1
20100616,1
20100617,3
20100618,1
20100619,2
20100621,2
20100622,4
20100623,4
20100624,1
20100625,1
20100628,1
20100629,2
20100630,2
20100706,1
20100709,1
20100710,2
20100711,1
20100712,2
20100713,1
20100714,2
20100719,3
20100720,1
20100721,2
20100722,1
20100723,4
20100724,1
20100726,1
20100728,2
20100729,3
20100730,1
20100803,3
20100804,1
20100805,1
20100806,1
20100810,1
20100812,2
20100813,2
20100816,1
20100818,2
20100819,2
20100824,1
20100826,1
20100829,1
20100831,1
20100907,3
20100908,1
20100909,2
20100910,1
20100914,2
20100915,1
20100916,1
20100918,1
20100919,1
20100920,2
20100922,1
20100924,1
20100928,2
20100929,1
20100930,1
20101002,1
20101004,1
20101006,3
20101007,3
20101008,2
20101009,2
20101012,1
20101013,3
20101015,2
20101016,1
20101018,3
20101020,1
20101022,4
20101023,2
20101027,1
20101029,1
20101030,1
20101101,1
20101103,3
20101105,2
20101108,1
20101109,1
20101110,1
20101115,2
20101116,3
20101118,1
20101122,3
20101123,1
20101124,2
20101127,1
20101129,1
20101201,2
20101202,2
20101203,1
20101206,1
20101207,3
20101208,2
20101209,1
20101210,1
20101213,1
20101214,1
20101221,1
20101222,3
20101227,1
20110103,1
20110104,4
20110105,2
20110106,3
20110107,3
20110108,2
20110110,1
20110112,1
20110113,1
20110114,1
20110118,1
20110119,1
20110121,2
20110125,3
20110126,1
20110127,3
20110128,1
20110201,3
20110202,2
20110203,3
20110204,1
20110205,1
20110207,1
20110208,2
20110209,1
20110210,2
20110213,1
20110214,2
20110216,2
20110217,1
20110218,1
20110223,2
20110225,4
20110226,1
20110228,2
20110301,2
20110302,2
20110303,2
20110304,2
20110307,1
20110308,2
20110309,4
20110310,1
20110314,1
20110316,3
20110318,1
20110321,5
20110322,6
20110323,2
20110324,3
20110328,2
20110329,1
20110330,4
20110331,1
20110401,1
20110404,2
20110405,3
20110407,1
20110408,4
20110410,1
20110412,1
20110413,2
20110415,1
20110419,2
20110420,2
20110421,4
20110422,2
20110428,4
20110429,1
20110430,1
20110502,1
20110503,1
20110504,2
20110505,3
20110506,1
20110509,2
20110510,6
20110512,1
20110513,1
20110518,1
20110523,1
20110524,2
20110525,3
20110526,3
20110527,1
20110531,1
20110601,3
20110604,1
20110610,2
20110614,1
20110615,1
20110617,1
20110621,1
20110627,1
20110706,1
20110707,1
20110708,1
20110712,1
20110713,1
20110715,2
20110716,1
20110718,2
20110720,1
20110721,1
20110722,1
20110723,1
20110725,1
20110726,1
20110727,2
20110728,1
20110729,3
20110801,1
20110805,1
20110806,1
20110807,1
20110808,2
20110809,1
20110810,3
20110811,1
20110812,1
20110813,2
20110816,2
20110817,2
20110820,1
20110822,1
20110823,1
20110824,4
20110825,3
20110826,2
20110827,2
20110901,3
20110902,1
20110903,4
20110911,1
20110913,1
20110914,1
20110917,1
20110922,5
20110926,1
20110929,1
20111004,2
20111005,1
20111006,2
20111007,3
20111008,1
20111013,2
20111019,1
20111020,1
20111022,1
20111024,1
20111027,1
20111028,2
20111031,3
20111102,1
20111103,1
20111105,1
20111110,2
20111117,1
20111121,1
20111125,1
20111128,1
20111130,1
20111203,1
20111206,3
20111207,3
20111209,1
20111210,2
20111216,1
20111217,2
20111220,4
20111221,3
20111222,1
20111223,1
20111229,1
20111230,1
20111231,1
20120102,1
20120103,2
20120104,1
20120105,5
20120107,1
20120113,2
20120124,1
20120125,2
20120126,2
20120127,1
20120130,2
20120131,2
20120202,1
20120203,1
20120206,2
20120207,1
20120209,1
20120214,1
20120215,1
20120216,2
20120217,1
20120221,1
20120222,2
20120223,2
20120224,1
20120227,1
20120228,4
20120229,1
20120301,2
20120302,1
20120305,2
20120306,1
20120307,2
20120308,3
20120312,1
20120313,1
20120314,2
20120315,1
20120316,1
20120318,1
20120319,1
20120321,1
20120322,6
20120323,1
20120326,1
20120327,2
20120329,1
20120330,1
20120403,1
20120404,2
20120407,1
20120408,1
20120409,1
20120413,1
20120416,1
20120418,3
20120420,2
20120422,1
20120423,1
20120424,2
20120425,1
20120501,1
20120503,1
20120504,1
20120507,1
20120509,1
20120510,2
20120516,1
20120517,1
20120521,1
20120524,1
20120530,1
20120601,3
20120602,1
20120604,2
20120605,1
20120607,1
20120612,1
20120618,2
20120620,1
20120625,1
20120628,2
20120629,1
20120705,1
20120709,2
20120712,1
20120713,1
20120717,1
20120718,2
20120719,3
20120726,2
20120731,2
20120801,1
20120802,3
20120803,1
20120807,2
20120808,1
20120813,2
20120814,1
20120815,1
20120816,2
20120817,1
20120821,2
20120822,1
20120827,2
20120829,1
20120830,1
20120903,1
20120905,2
20120907,2
20120910,2
20120911,1
20120912,1
20120913,2
20120914,4
20120918,2
20120919,2
20120920,1
20120921,2
20120924,2
20120926,1
20120928,1
20121002,1
20121003,4
20121004,2
20121005,1
20121008,1
20121009,1
20121010,1
20121012,1
20121015,3
20121016,2
20121017,1
20121018,3
20121019,1
20121022,1
20121024,1
20121025,4
20121029,1
20121030,2
20121031,3
20121101,2
20121102,3
20121103,1
20121104,1
20121106,1
20121107,4
20121112,3
20121113,4
20121115,1
20121116,2
20121118,2
20121123,2
20121127,1
20121204,3
20121206,1
20121209,2
20121211,1
20121212,2
20121213,1
20121228,1
20130102,1
20130107,5
20130108,2
20130111,2
20130117,4
20130122,4
20130123,1
20130124,2
20130125,1
20130127,1
20130128,1
20130131,2
20130201,1
20130203,1
20130205,1
20130207,6
20130208,1
20130209,1
20130211,1
20130212,1
20130215,2
20130219,1
20130221,2
20130225,2
20130226,6
20130227,2
20130228,2
20130301,1
20130304,1
20130305,3
20130306,4
20130308,1
20130312,2
20130315,2
20130317,1
20130318,2
20130319,2
20130320,1
20130321,1
20130325,1
20130326,1
20130327,2
20130328,3
20130402,2
20130403,3
20130404,3
20130408,1
20130409,3
20130412,2
20130414,1
20130415,6
20130416,2
20130418,3
20130419,1
20130424,1
20130425,6
20130426,2
20130428,1
20130430,2
20130501,4
20130502,2
20130503,3
20130506,1
20130507,2
20130508,2
20130509,3
20130510,2
20130512,1
20130513,2
20130514,4
20130515,1
20130518,1
20130521,2
20130522,3
20130523,4
20130527,1
20130529,1
20130530,1
20130531,1
20130601,1
20130603,1
20130604,2
20130605,1
20130606,7
20130607,9
20130608,1
20130609,2
20130610,1
20130611,2
20130612,1
20130613,1
20130614,2
20130616,2
20130617,2
20130619,1
20130620,4
20130621,1
20130623,1
20130625,2
20130626,3
20130627,4
20130628,3
20130630,1
20130703,1
20130704,2
20130706,1
20130708,2
20130710,4
20130711,4
20130712,1
20130714,1
20130715,3
20130717,1
20130718,2
20130719,1
20130722,1
20130723,1
20130729,1
20130730,6
20130731,3
20130801,3
20130802,1
20130804,1
20130805,1
20130806,1
20130808,1
20130814,1
20130815,2
20130820,2
20130821,1
20130822,2
20130826,1
20130827,2
20130828,3
20130829,14
20130830,7
20130901,3
20130902,19
20130903,14
20130904,5
20130905,1
20130906,2
20130907,1
20130908,1
20130909,6
20130910,7
20130911,6
20130912,7
20130913,1
20130914,1
20130916,1
20130917,3
20130918,1
20130919,2
20130920,2
20130921,1
20130922,1
20130923,1
20130924,2
20130925,2
20130926,3
20130927,1
20130930,2
20131001,3
20131002,4
20131003,3
20131004,2
20131008,5
20131009,1
20131011,1
20131013,1
20131014,1
20131016,1
20131017,6
20131018,2
20131021,1
20131022,2
20131023,2
20131024,2
20131025,1
20131028,4
20131029,4
20131030,4
20131031,3
20131101,3
20131104,2
20131105,2
20131106,2
20131107,1
20131108,1
20131112,3
20131114,2
20131119,1
20131121,2
20131122,1
20131125,2
20131126,2
20131127,2
20131129,1
20131130,2
20131201,2
20131202,2
20131203,1
20131204,5
20131205,1
20131206,1
20131209,4
20131210,1
20131211,1
20131212,2
20131213,2
20131215,2
20131216,3
20131217,1
20131219,4
20131220,4
20131221,1
20131223,1
20131226,2
20131227,1
20131230,1
20131231,1
20140102,3
20140103,1
20140106,4
20140108,3
20140109,3
20140110,2
20140113,1
20140114,8
20140115,3
20140116,1
20140120,1
20140121,8
20140122,3
20140123,2
20140126,3
20140127,1
20140128,3
20140130,4
20140202,1
20140203,4
20140204,3
20140206,7
20140207,1
20140210,2
20140211,3
20140212,5
20140213,7
20140214,1
20140218,2
20140219,3
20140220,1
20140221,1
20140223,1
20140224,7
20140225,5
20140226,5
20140227,1
20140228,1
20140303,2
20140304,2
20140305,1
20140306,1
20140307,6
20140309,1
20140310,3
20140311,5
20140312,2
20140313,1
20140314,1
20140316,1
20140317,4
20140318,1
20140320,1
20140321,1
20140323,1
20140324,3
20140325,2
20140327,1
20140328,1
20140331,2
20140401,1
20140403,1
20140404,1
20140408,3
20140409,2
20140410,4
20140414,1
20140415,1
20140418,1
20140421,2
20140422,2
20140423,2
20140424,5
20140425,5
20140428,1
20140429,4
20140501,2
20140505,3
20140508,2
20140509,1
20140511,1
20140512,4
20140513,2
20140514,1
20140515,8
20140516,5
20140518,2
20140519,6
20140520,6
20140521,1
20140522,1
20140523,2
20140527,1
20140528,2
20140530,1
20140603,2
20140604,1
20140605,5
20140606,5
20140611,1
20140613,1
20140616,3
20140618,2
20140619,2
20140623,1
20140624,2
20140625,1
20140626,2
20140627,5
20140701,2
20140706,2
20140708,2
20140709,2
20140710,2
20140714,1
20140715,4
20140716,1
20140718,3
20140721,4
20140722,5
20140723,1
20140724,3
20140725,2
20140727,1
20140728,1
20140729,5
20140730,5
20140731,4
20140801,2
20140804,2
20140805,4
20140806,8
20140807,1
20140808,2
20140813,2
20140814,3
20140815,2
20140818,3
20140819,2
20140821,2
20140822,1
20140825,1
20140826,1
20140828,1
20140901,1
20140902,1
20140903,3
20140904,4
20140907,1
20140908,2
20140909,1
20140910,4
20140911,2
20140912,3
20140914,1
20140915,1
20140916,4
20140917,1
20140923,1
20140924,1
20140925,3
20140928,1
20140929,4
20140930,6
20141001,3
20141002,3
20141005,1
20141006,1
20141007,1
20141009,1
20141010,1
20141013,1
20141014,2
20141015,1
20141016,1
20141017,1
20141020,2
20141021,4
20141022,4
20141023,2
20141024,3
20141027,4
20141028,6
20141029,3
20141030,3
20141031,1
20141102,1
20141103,1
20141104,1
20141106,2
20141107,1
20141110,1
20141111,2
20141112,4
20141113,2
20141117,2
20141118,2
20141119,3
20141120,1
20141121,3
20141124,4
20141201,2
20141203,3
20141205,2
20141207,3
20141208,1
20141209,4
20141210,2
20141211,1
20141212,2
20141214,1
20141215,2
20141216,3
20141217,4
20141218,2
20141219,2
20141221,1
20141222,2
20141223,2
20150105,4
20150106,4
20150107,2
20150108,2
20150109,1
20150112,2
20150113,2
20150114,1
20150116,2
20150120,4
20150121,2
20150122,7
20150125,1
20150126,3
20150127,3
20150129,4
20150130,2
20150202,6
20150203,4
20150204,3
20150205,6
20150206,3
20150208,2
20150209,3
20150210,2
20150211,2
20150212,4
20150213,2
20150217,2
20150218,2
20150219,4
20150220,4
20150223,6
20150224,2
20150225,4
20150226,4
20150227,3
20150301,3
20150302,5
20150303,4
20150304,1
20150306,3
20150310,2
20150311,1
20150312,4
20150313,2
20150316,1
20150318,1
20150319,2
20150323,3
20150324,1
20150325,1
20150326,2
20150330,3
20150401,1
20150405,2
20150406,2
20150408,1
20150412,1
20150413,1
20150414,7
20150415,1
20150416,2
20150417,5
20150419,2
20150420,2
20150421,7
20150422,3
20150423,7
20150424,3
20150427,5
20150428,4
20150429,2
20150430,1
