20050102,1
20050103,5
20050104,6
20050105,1
20050106,4
20050107,6
20050108,1
20050109,1
20050110,2
20050111,1
20050112,3
20050113,3
20050114,3
20050117,1
20050118,2
20050119,1
20050120,2
20050121,4
20050124,2
20050125,5
20050126,2
20050128,5
20050130,3
20050131,9
20050201,2
20050203,8
20050204,3
20050207,3
20050208,1
20050209,5
20050210,2
20050211,4
20050213,1
20050214,3
20050215,5
20050216,4
20050217,4
20050218,6
20050220,1
20050221,1
20050222,5
20050223,3
20050224,1
20050225,5
20050227,2
20050228,5
20050301,8
20050302,4
20050303,5
20050304,4
20050307,3
20050308,4
20050309,3
20050310,4
20050311,1
20050312,1
20050314,2
20050315,2
20050316,2
20050317,3
20050318,9
20050321,3
20050322,3
20050323,1
20050324,5
20050325,2
20050328,4
20050330,4
20050331,4
20050401,3
20050404,2
20050405,6
20050406,2
20050407,6
20050408,8
20050411,3
20050413,5
20050414,2
20050415,3
20050418,6
20050419,4
20050420,2
20050421,2
20050422,5
20050425,2
20050426,1
20050428,2
20050429,2
20050430,1
20050502,3
20050503,2
20050504,4
20050505,4
20050506,5
20050508,1
20050509,2
20050510,3
20050511,2
20050512,6
20050513,8
20050515,1
20050516,1
20050518,4
20050519,5
20050520,2
20050523,3
20050524,3
20050525,3
20050526,4
20050527,2
20050529,1
20050530,2
20050531,4
20050601,4
20050602,3
20050603,6
20050606,3
20050607,2
20050608,1
20050610,4
20050612,1
20050613,2
20050614,2
20050615,3
20050616,2
20050617,1
20050619,2
20050620,3
20050621,2
20050622,3
20050623,3
20050624,1
20050627,3
20050628,2
20050629,3
20050630,3
20050701,1
20050702,1
20050705,6
20050706,6
20050707,5
20050708,4
20050710,1
20050711,3
20050712,3
20050713,6
20050714,1
20050715,3
20050718,4
20050719,3
20050720,4
20050721,6
20050722,7
20050724,1
20050725,7
20050726,5
20050727,3
20050728,5
20050729,2
20050731,1
20050801,2
20050802,4
20050803,3
20050804,6
20050805,3
20050807,2
20050808,2
20050809,2
20050810,2
20050812,2
20050814,2
20050815,5
20050816,7
20050817,10
20050818,8
20050819,3
20050820,1
20050821,1
20050822,5
20050823,3
20050824,2
20050825,1
20050826,5
20050829,7
20050830,5
20050831,5
20050901,9
20050902,3
20050903,1
20050904,1
20050905,3
20050906,6
20050907,7
20050908,3
20050909,4
20050912,6
20050913,4
20050914,5
20050915,3
20050916,2
20050917,2
20050918,1
20050919,7
20050920,7
20050921,8
20050922,7
20050923,4
20050924,2
20050925,2
20050926,4
20050927,3
20050928,2
20050929,1
20050930,6
20051003,4
20051004,4
20051005,4
20051006,2
20051007,5
20051008,1
20051009,2
20051010,3
20051011,5
20051012,1
20051013,1
20051014,1
20051017,3
20051018,2
20051019,3
20051020,1
20051021,3
20051022,1
20051024,3
20051025,3
20051026,7
20051027,3
20051028,1
20051029,6
20051031,5
20051101,6
20051102,9
20051103,6
20051104,2
20051105,5
20051107,2
20051108,6
20051109,5
20051110,4
20051111,6
20051112,3
20051113,2
20051114,3
20051115,6
20051116,7
20051117,2
20051118,4
20051119,5
20051120,2
20051121,3
20051122,5
20051123,4
20051125,5
20051126,8
20051128,9
20051129,2
20051130,7
20051201,6
20051202,4
20051203,6
20051205,1
20051206,6
20051207,6
20051208,4
20051209,4
20051210,2
20051212,2
20051213,3
20051214,2
20051215,5
20051216,4
20051217,4
20051219,3
20051220,5
20051221,4
20051222,4
20051223,12
20051224,5
20051225,1
20051226,1
20051227,7
20051228,6
20051229,3
20051230,4
20051231,2
20060103,6
20060104,8
20060105,7
20060106,8
20060107,3
20060108,2
20060109,2
20060110,1
20060111,4
20060112,6
20060113,4
20060114,3
20060116,4
20060118,5
20060119,3
20060120,1
20060123,6
20060124,4
20060125,3
20060126,5
20060127,4
20060128,2
20060130,3
20060131,7
20060201,2
20060202,6
20060203,5
20060204,1
20060205,1
20060206,1
20060207,4
20060208,7
20060209,2
20060210,4
20060211,2
20060213,3
20060214,3
20060215,7
20060216,6
20060217,5
20060218,2
20060220,4
20060221,5
20060222,10
20060223,4
20060224,4
20060225,1
20060226,2
20060227,3
20060228,1
20060301,3
20060302,3
20060303,5
20060304,6
20060306,3
20060307,2
20060308,7
20060309,3
20060310,7
20060311,1
20060313,4
20060314,6
20060315,5
20060316,3
20060317,4
20060318,1
20060320,6
20060321,5
20060322,6
20060323,3
20060324,2
20060325,1
20060328,3
20060329,2
20060330,2
20060331,5
20060401,2
20060403,6
20060404,5
20060405,4
20060406,7
20060407,3
20060408,4
20060409,1
20060410,5
20060411,6
20060412,2
20060413,8
20060414,4
20060415,3
20060417,2
20060418,6
20060419,1
20060420,4
20060421,2
20060422,1
20060424,4
20060425,5
20060426,3
20060427,6
20060429,3
20060501,7
20060502,8
20060503,2
20060504,7
20060505,3
20060506,1
20060507,1
20060508,2
20060509,2
20060510,4
20060511,1
20060512,4
20060513,3
20060515,3
20060516,8
20060517,6
20060518,1
20060519,1
20060520,4
20060521,1
20060522,8
20060523,5
20060524,4
20060525,2
20060526,5
20060527,1
20060530,8
20060531,8
20060601,10
20060602,11
20060603,4
20060605,1
20060606,6
20060607,10
20060608,4
20060609,5
20060612,3
20060613,4
20060614,3
20060615,6
20060616,1
20060617,3
20060618,2
20060619,3
20060620,2
20060621,5
20060622,6
20060623,1
20060626,5
20060627,2
20060628,5
20060629,2
20060630,3
20060701,1
20060703,2
20060704,1
20060705,5
20060706,9
20060707,8
20060708,2
20060709,1
20060710,4
20060711,1
20060712,3
20060713,7
20060714,7
20060715,4
20060716,1
20060717,4
20060718,7
20060719,5
20060720,7
20060721,3
20060723,1
20060724,6
20060725,4
20060726,3
20060727,4
20060728,9
20060729,2
20060731,8
20060801,6
20060802,3
20060803,6
20060804,4
20060805,1
20060806,1
20060807,8
20060808,2
20060809,3
20060810,5
20060811,7
20060812,3
20060813,1
20060814,4
20060815,8
20060816,8
20060817,1
20060818,5
20060819,2
20060820,1
20060821,6
20060822,4
20060823,4
20060824,6
20060825,4
20060826,3
20060828,6
20060829,5
20060830,4
20060831,3
20060901,6
20060902,3
20060904,1
20060905,2
20060906,7
20060907,4
20060908,4
20060911,2
20060912,6
20060913,3
20060914,2
20060915,4
20060916,1
20060917,1
20060918,2
20060919,5
20060920,6
20060921,8
20060922,10
20060924,1
20060925,4
20060926,4
20060927,2
20060928,4
20060929,2
20060930,2
20061002,6
20061003,4
20061004,7
20061005,12
20061006,6
20061008,1
20061009,7
20061010,5
20061011,6
20061012,3
20061013,8
20061014,3
20061016,3
20061017,12
20061018,4
20061019,10
20061020,2
20061021,2
20061022,1
20061023,9
20061024,6
20061025,4
20061026,7
20061027,4
20061028,2
20061029,1
20061030,10
20061031,6
20061101,10
20061102,10
20061103,12
20061104,5
20061106,5
20061107,5
20061108,4
20061109,6
20061110,4
20061111,1
20061112,2
20061113,13
20061114,7
20061115,6
20061116,4
20061117,7
20061118,3
20061119,1
20061120,3
20061121,5
20061122,5
20061124,8
20061125,6
20061126,2
20061127,9
20061128,8
20061129,4
20061130,9
20061201,6
20061202,3
20061203,1
20061204,3
20061205,12
20061206,7
20061207,8
20061208,5
20061209,3
20061211,4
20061212,6
20061213,4
20061214,8
20061215,5
20061216,2
20061218,8
20061219,6
20061220,4
20061221,5
20061222,6
20061223,3
20061226,9
20061227,3
20061228,2
20061229,5
20061230,2
20061231,1
20070101,2
20070102,3
20070103,7
20070104,15
20070105,3
20070107,1
20070108,5
20070109,6
20070110,3
20070111,3
20070112,5
20070113,3
20070116,4
20070118,4
20070119,6
20070121,1
20070122,5
20070123,8
20070124,5
20070125,6
20070126,7
20070127,1
20070128,1
20070129,4
20070130,1
20070131,1
20070201,4
20070202,5
20070203,1
20070204,1
20070205,4
20070206,6
20070207,7
20070208,8
20070209,4
20070210,1
20070211,1
20070212,3
20070213,4
20070214,1
20070215,4
20070216,3
20070217,2
20070218,1
20070219,1
20070220,9
20070221,5
20070222,5
20070223,4
20070225,1
20070226,2
20070227,7
20070228,5
20070301,10
20070302,2
20070303,3
20070305,6
20070306,6
20070307,6
20070308,13
20070309,8
20070310,1
20070311,1
20070313,6
20070314,4
20070315,5
20070316,6
20070317,1
20070318,1
20070319,4
20070320,4
20070321,9
20070322,6
20070323,2
20070324,2
20070325,1
20070326,1
20070327,8
20070328,6
20070329,3
20070330,3
20070331,3
20070402,3
20070403,1
20070404,3
20070405,6
20070406,3
20070407,3
20070408,1
20070409,4
20070410,4
20070411,10
20070412,9
20070413,5
20070416,4
20070417,2
20070418,3
20070419,1
20070420,3
20070421,1
20070423,4
20070424,5
20070425,5
20070426,2
20070427,5
20070428,1
20070501,3
20070502,2
20070503,2
20070504,6
20070505,1
20070507,4
20070508,2
20070509,3
20070510,8
20070511,7
20070512,4
20070513,1
20070514,6
20070515,9
20070516,4
20070517,5
20070518,2
20070519,2
20070520,1
20070521,4
20070522,3
20070523,9
20070524,8
20070525,8
20070526,2
20070527,1
20070529,3
20070530,4
20070531,4
20070601,8
20070602,5
20070603,1
20070604,7
20070605,6
20070606,8
20070607,9
20070608,6
20070611,4
20070612,5
20070613,2
20070614,4
20070615,2
20070616,1
20070617,1
20070618,1
20070619,9
20070620,9
20070621,5
20070622,3
20070623,2
20070625,4
20070626,4
20070627,10
20070628,4
20070629,7
20070701,1
20070702,2
20070703,4
20070704,1
20070705,5
20070706,5
20070707,2
20070709,1
20070710,3
20070711,4
20070712,9
20070713,7
20070715,1
20070716,4
20070717,7
20070718,5
20070719,2
20070720,4
20070721,2
20070723,3
20070724,3
20070725,5
20070726,1
20070727,5
20070728,2
20070730,6
20070731,1
20070801,6
20070802,4
20070803,2
20070804,1
20070806,3
20070807,3
20070808,3
20070809,7
20070810,7
20070811,2
20070812,3
20070813,3
20070814,9
20070815,11
20070816,9
20070817,6
20070819,2
20070820,4
20070821,4
20070822,4
20070823,5
20070824,3
20070827,8
20070828,4
20070829,9
20070830,5
20070831,7
20070901,1
20070904,3
20070905,3
20070906,10
20070907,6
20070908,2
20070910,2
20070911,1
20070912,1
20070913,3
20070914,3
20070915,4
20070917,4
20070918,2
20070919,4
20070920,9
20070921,8
20070924,5
20070925,2
20070926,3
20070927,1
20070928,7
20070929,3
20071001,5
20071002,4
20071003,5
20071004,6
20071005,4
20071008,2
20071009,8
20071010,7
20071011,10
20071012,8
20071013,4
20071015,3
20071016,5
20071017,2
20071018,2
20071019,4
20071022,5
20071023,7
20071024,6
20071025,3
20071026,4
20071027,1
20071028,1
20071029,3
20071030,3
20071031,2
20071101,6
20071102,2
20071103,2
20071105,5
20071106,6
20071107,9
20071108,6
20071109,4
20071112,5
20071113,10
20071114,14
20071115,4
20071116,7
20071117,1
20071118,1
20071119,5
20071120,10
20071121,2
20071122,2
20071123,8
20071124,4
20071126,6
20071127,3
20071128,4
20071129,2
20071130,8
20071201,3
20071203,3
20071204,1
20071205,3
20071206,6
20071207,8
20071209,1
20071210,2
20071211,7
20071212,1
20071213,1
20071214,2
20071215,1
20071217,2
20071218,1
20071219,3
20071220,3
20071221,5
20071222,1
20071224,5
20071226,7
20071227,4
20071228,3
20071231,1
20080102,2
20080103,3
20080104,3
20080105,2
20080107,2
20080108,3
20080109,5
20080110,7
20080111,7
20080113,1
20080114,2
20080115,5
20080116,7
20080117,4
20080118,5
20080119,1
20080120,1
20080121,2
20080122,8
20080123,5
20080124,9
20080125,2
20080126,1
20080128,3
20080129,4
20080130,5
20080131,3
20080201,5
20080202,1
20080205,2
20080206,3
20080207,8
20080208,7
20080209,2
20080211,3
20080212,5
20080213,4
20080214,5
20080215,1
20080216,3
20080217,1
20080218,4
20080219,9
20080220,10
20080221,6
20080222,5
20080225,5
20080226,2
20080227,6
20080228,3
20080229,5
20080303,2
20080304,3
20080305,2
20080306,10
20080307,6
20080310,2
20080311,2
20080312,4
20080313,4
20080314,5
20080317,2
20080318,5
20080319,5
20080320,4
20080321,3
20080322,1
20080324,6
20080325,5
20080326,3
20080327,2
20080328,5
20080329,2
20080330,1
20080331,1
20080401,6
20080402,5
20080403,6
20080404,5
20080405,2
20080406,1
20080407,1
20080408,1
20080409,6
20080410,8
20080411,13
20080412,1
20080414,3
20080415,5
20080416,2
20080417,3
20080418,2
20080419,2
20080421,3
20080422,4
20080423,5
20080424,6
20080426,2
20080428,1
20080430,4
20080501,3
20080502,3
20080506,1
20080507,3
20080508,5
20080509,3
20080510,2
20080512,3
20080513,7
20080514,5
20080515,2
20080516,2
20080517,1
20080518,1
20080519,4
20080520,2
20080522,4
20080523,2
20080524,3
20080527,2
20080528,1
20080530,2
20080601,1
20080603,3
20080604,2
20080605,8
20080606,8
20080607,2
20080609,4
20080610,2
20080611,1
20080612,1
20080613,3
20080616,2
20080618,3
20080619,2
20080620,4
20080622,1
20080623,4
20080624,1
20080625,1
20080626,4
20080627,1
20080628,3
20080630,4
20080701,7
20080702,2
20080703,2
20080707,4
20080709,5
20080710,9
20080711,7
20080712,1
20080714,4
20080715,3
20080716,4
20080717,2
20080718,2
20080719,1
20080721,2
20080722,2
20080723,5
20080724,4
20080726,1
20080729,4
20080730,2
20080731,2
20080801,6
20080802,2
20080804,1
20080805,1
20080806,2
20080807,5
20080808,6
20080809,1
20080810,1
20080811,3
20080812,4
20080813,6
20080814,9
20080815,4
20080816,3
20080817,1
20080818,4
20080819,3
20080820,1
20080821,4
20080822,3
20080825,2
20080826,1
20080827,7
20080828,2
20080829,3
20080830,3
20080901,1
20080902,5
20080903,2
20080904,8
20080905,10
20080906,4
20080907,1
20080908,1
20080909,3
20080910,4
20080911,2
20080912,3
20080913,1
20080914,1
20080915,2
20080916,2
20080917,2
20080918,3
20080919,1
20080920,1
20080922,3
20080923,2
20080924,2
20080925,2
20080926,3
20080929,1
20080930,2
20081001,1
20081002,4
20081003,1
20081004,1
20081006,3
20081007,2
20081008,4
20081009,9
20081010,6
20081011,1
20081012,1
20081013,4
20081014,5
20081015,3
20081016,1
20081017,4
20081018,3
20081020,2
20081021,3
20081022,7
20081023,2
20081024,5
20081025,1
20081026,1
20081027,3
20081028,8
20081029,3
20081030,3
20081031,3
20081101,2
20081102,1
20081103,3
20081104,1
20081105,4
20081106,2
20081107,6
20081108,2
20081109,1
20081110,2
20081111,3
20081112,2
20081113,5
20081114,13
20081115,2
20081116,1
20081117,5
20081118,5
20081119,6
20081120,4
20081121,3
20081122,2
20081124,1
20081125,2
20081126,2
20081128,10
20081129,3
20081201,5
20081202,6
20081203,5
20081204,2
20081205,4
20081206,1
20081207,1
20081208,5
20081209,5
20081210,2
20081211,3
20081212,4
20081213,2
20081215,3
20081216,7
20081218,4
20081219,2
20081222,4
20081223,4
20081224,3
20081225,1
20081227,1
20081229,3
20081230,3
20081231,4
20090102,6
20090103,1
20090104,1
20090105,5
20090106,3
20090107,5
20090108,7
20090109,10
20090111,2
20090112,2
20090113,4
20090114,4
20090115,3
20090116,3
20090117,1
20090120,2
20090121,2
20090122,2
20090123,1
20090126,1
20090127,2
20090128,3
20090129,5
20090131,1
20090202,5
20090203,2
20090204,1
20090205,5
20090206,10
20090207,2
20090209,2
20090210,1
20090211,3
20090212,2
20090213,3
20090214,2
20090215,1
20090217,4
20090218,9
20090219,4
20090220,2
20090221,1
20090223,1
20090224,4
20090225,1
20090226,4
20090227,2
20090302,3
20090303,1
20090304,2
20090305,3
20090306,3
20090307,2
20090308,2
20090309,1
20090310,3
20090311,2
20090312,5
20090313,6
20090316,2
20090317,2
20090318,2
20090319,4
20090320,5
20090323,1
20090324,3
20090325,1
20090326,2
20090327,3
20090331,1
20090401,1
20090405,1
20090406,6
20090407,3
20090408,5
20090409,5
20090410,5
20090412,1
20090413,2
20090414,3
20090415,7
20090416,2
20090417,2
20090420,2
20090421,2
20090422,6
20090423,2
20090424,3
20090425,2
20090427,6
20090428,2
20090429,3
20090430,1
20090501,1
20090504,4
20090505,3
20090506,3
20090507,6
20090508,4
20090510,1
20090511,1
20090512,1
20090513,2
20090514,5
20090515,4
20090516,2
20090518,1
20090519,2
20090520,5
20090521,3
20090522,3
20090523,1
20090524,1
20090526,5
20090527,3
20090528,4
20090529,2
20090530,2
20090601,1
20090602,2
20090603,6
20090604,2
20090605,2
20090606,2
20090608,1
20090609,1
20090611,1
20090612,1
20090613,1
20090616,2
20090617,4
20090618,1
20090619,1
20090623,4
20090624,4
20090625,3
20090626,2
20090630,2
20090701,4
20090702,4
20090703,2
20090706,1
20090707,1
20090708,2
20090709,2
20090710,2
20090711,1
20090712,1
20090713,4
20090714,3
20090715,1
20090716,4
20090717,2
20090719,2
20090720,2
20090721,1
20090722,1
20090723,2
20090726,3
20090727,3
20090728,1
20090729,3
20090730,4
20090731,1
20090801,1
20090803,1
20090804,3
20090805,7
20090806,3
20090807,3
20090808,1
20090809,1
20090810,3
20090811,1
20090812,2
20090813,5
20090814,6
20090815,2
20090817,3
20090818,1
20090819,7
20090820,3
20090821,4
20090822,1
20090826,1
20090827,2
20090828,2
20090831,3
20090901,5
20090902,1
20090903,2
20090904,6
20090908,1
20090909,1
20090910,3
20090911,3
20090914,3
20090915,2
20090916,1
20090917,1
20090918,1
20090923,1
20090924,2
20090925,1
20090926,2
20090929,1
20090930,3
20091002,2
20091005,4
20091006,5
20091007,3
20091008,1
20091009,2
20091010,1
20091011,1
20091012,2
20091013,2
20091014,3
20091015,3
20091016,5
20091017,4
20091018,1
20091019,2
20091020,2
20091021,4
20091022,6
20091023,5
20091024,2
20091026,1
20091027,3
20091028,4
20091029,5
20091030,2
20091031,1
20091102,1
20091103,2
20091104,2
20091105,4
20091106,4
20091108,1
20091109,7
20091110,2
20091111,5
20091112,5
20091113,9
20091114,2
20091116,2
20091117,5
20091118,6
20091119,7
20091120,5
20091122,1
20091123,2
20091124,2
20091125,6
20091126,5
20091127,5
20091128,2
20091129,2
20091130,4
20091201,2
20091202,3
20091203,7
20091204,1
20091205,1
20091206,1
20091207,2
20091208,5
20091209,5
20091210,4
20091211,4
20091212,1
20091213,2
20091214,2
20091215,4
20091216,4
20091217,2
20091218,3
20091221,3
20091222,2
20091223,1
20091224,1
20091228,4
20091229,3
20091231,2
20100104,1
20100105,2
20100106,2
20100107,6
20100108,4
20100111,1
20100112,3
20100113,1
20100114,2
20100115,3
20100116,1
20100118,2
20100119,2
20100120,5
20100121,2
20100122,2
20100124,1
20100125,3
20100126,2
20100127,2
20100128,3
20100129,5
20100130,2
20100201,1
20100202,3
20100203,7
20100204,5
20100205,4
20100206,2
20100211,6
20100212,7
20100213,1
20100214,1
20100215,2
20100216,1
20100217,2
20100218,5
20100219,5
20100220,5
20100221,1
20100222,4
20100223,6
20100224,5
20100225,2
20100226,3
20100227,1
20100228,1
20100301,2
20100302,4
20100303,4
20100304,3
20100305,4
20100306,2
20100307,1
20100308,2
20100309,4
20100310,1
20100311,1
20100312,4
20100314,1
20100315,2
20100316,3
20100317,1
20100318,2
20100319,4
20100320,1
20100321,1
20100322,2
20100323,4
20100324,4
20100325,3
20100326,2
20100327,2
20100328,1
20100329,3
20100331,7
20100401,3
20100402,2
20100405,1
20100406,1
20100407,1
20100408,2
20100409,7
20100411,2
20100412,3
20100413,3
20100414,2
20100415,4
20100416,4
20100419,3
20100420,2
20100423,3
20100426,1
20100427,6
20100428,1
20100429,1
20100430,3
20100503,2
20100504,1
20100505,2
20100506,3
20100507,1
20100508,1
20100510,1
20100511,2
20100512,1
20100513,2
20100514,6
20100516,2
20100517,3
20100518,3
20100519,6
20100520,4
20100521,3
20100522,1
20100524,1
20100525,1
20100526,4
20100527,4
20100528,5
20100529,2
20100601,3
20100603,1
20100604,5
20100605,1
20100606,1
20100607,3
20100608,3
20100609,4
20100610,1
20100611,3
20100612,1
20100613,1
20100614,4
20100615,1
20100616,5
20100617,3
20100618,3
20100619,1
20100620,1
20100621,8
20100622,3
20100623,4
20100624,3
20100625,4
20100626,2
20100628,3
20100629,2
20100630,5
20100701,4
20100702,3
20100703,2
20100706,4
20100707,3
20100708,2
20100709,7
20100710,1
20100711,1
20100713,1
20100714,1
20100715,3
20100716,2
20100718,1
20100719,1
20100720,4
20100721,1
20100722,4
20100723,5
20100724,1
20100726,3
20100727,3
20100728,5
20100729,5
20100730,2
20100731,2
20100802,3
20100803,2
20100804,2
20100805,3
20100806,3
20100807,2
20100809,3
20100810,2
20100812,3
20100813,7
20100814,1
20100815,1
20100816,6
20100817,13
20100818,8
20100819,6
20100820,2
20100821,1
20100823,2
20100824,1
20100825,7
20100826,6
20100827,5
20100830,1
20100831,3
20100901,3
20100902,2
20100903,3
20100904,2
20100906,1
20100907,1
20100908,2
20100909,6
20100910,3
20100911,2
20100913,1
20100914,2
20100915,3
20100916,3
20100917,3
20100919,2
20100920,3
20100922,5
20100923,4
20100924,1
20100925,2
20100927,7
20100928,5
20100929,6
20100930,2
20101001,2
20101002,5
20101003,2
20101004,1
20101005,2
20101006,9
20101007,1
20101008,2
20101009,3
20101011,1
20101012,3
20101013,5
20101014,4
20101015,7
20101016,3
20101019,5
20101020,4
20101021,4
20101022,2
20101023,3
20101025,6
20101026,6
20101027,1
20101028,3
20101029,3
20101030,1
20101031,1
20101101,1
20101102,3
20101103,3
20101104,4
20101105,5
20101106,2
20101107,2
20101108,1
20101109,2
20101110,3
20101112,2
20101113,2
20101114,3
20101115,4
20101116,7
20101117,5
20101118,7
20101119,3
20101120,2
20101121,2
20101122,3
20101124,2
20101125,1
20101126,6
20101127,5
20101128,2
20101129,5
20101130,5
20101201,5
20101202,2
20101203,5
20101204,2
20101206,2
20101207,8
20101208,2
20101209,1
20101210,2
20101211,2
20101213,3
20101214,7
20101215,3
20101216,2
20101217,2
20101218,3
20101219,1
20101221,4
20101227,1
20101228,2
20101229,4
20101231,1
20110102,1
20110103,1
20110104,2
20110106,1
20110107,3
20110108,1
20110110,8
20110111,7
20110112,1
20110113,4
20110114,3
20110115,4
20110117,2
20110118,3
20110119,2
20110120,3
20110121,1
20110122,3
20110124,2
20110125,1
20110126,4
20110127,4
20110128,4
20110129,1
20110131,3
20110201,4
20110202,3
20110203,5
20110204,3
20110205,3
20110206,1
20110207,1
20110208,2
20110209,1
20110210,2
20110211,2
20110212,4
20110214,2
20110215,6
20110216,4
20110217,3
20110218,2
20110219,2
20110220,2
20110221,2
20110222,15
20110223,9
20110224,1
20110225,2
20110226,2
20110228,4
20110301,1
20110302,5
20110303,4
20110304,5
20110305,2
20110307,2
20110308,3
20110309,5
20110310,3
20110311,6
20110312,1
20110314,2
20110316,2
20110317,8
20110319,3
20110320,1
20110321,4
20110322,4
20110323,4
20110324,8
20110325,3
20110326,3
20110328,2
20110329,6
20110330,4
20110331,3
20110401,5
20110402,5
20110404,9
20110405,1
20110407,3
20110408,4
20110409,1
20110411,3
20110412,4
20110413,3
20110414,3
20110415,5
20110416,4
20110418,5
20110419,9
20110420,3
20110423,2
20110425,6
20110426,2
20110427,5
20110428,7
20110429,1
20110430,3
20110502,1
20110503,3
20110504,3
20110505,4
20110506,2
20110507,2
20110509,3
20110510,5
20110511,2
20110512,3
20110513,1
20110514,2
20110515,2
20110516,2
20110517,16
20110518,7
20110519,4
20110520,2
20110521,2
20110522,1
20110523,3
20110524,7
20110525,8
20110526,2
20110527,2
20110528,2
20110529,1
20110530,1
20110531,3
20110601,6
20110602,8
20110603,2
20110604,2
20110605,1
20110606,4
20110607,5
20110608,5
20110609,2
20110610,3
20110611,1
20110612,1
20110613,2
20110614,4
20110615,3
20110616,5
20110617,3
20110618,3
20110619,2
20110620,12
20110621,7
20110622,4
20110624,3
20110625,2
20110627,2
20110628,5
20110629,6
20110630,7
20110701,7
20110702,2
20110704,2
20110705,5
20110706,3
20110707,6
20110708,5
20110709,1
20110710,1
20110711,5
20110712,5
20110713,3
20110714,3
20110715,3
20110716,3
20110718,4
20110720,5
20110721,8
20110722,4
20110723,4
20110724,2
20110725,1
20110726,4
20110727,3
20110728,5
20110729,1
20110730,2
20110731,2
20110801,3
20110802,1
20110803,3
20110804,4
20110805,4
20110806,1
20110808,1
20110809,1
20110810,1
20110811,1
20110812,8
20110813,4
20110814,1
20110815,9
20110816,18
20110817,9
20110818,3
20110819,4
20110820,2
20110821,3
20110822,4
20110823,2
20110824,2
20110825,3
20110826,3
20110827,3
20110829,13
20110830,6
20110831,3
20110901,4
20110902,5
20110903,4
20110904,1
20110906,1
20110908,8
20110909,3
20110910,4
20110911,2
20110912,3
20110913,9
20110914,1
20110915,3
20110916,6
20110917,1
20110918,3
20110919,4
20110920,5
20110921,2
20110922,7
20110923,2
20110924,3
20110925,1
20110926,3
20110927,2
20110928,4
20110929,3
20110930,2
20111001,2
20111002,3
20111003,3
20111004,5
20111005,4
20111006,6
20111007,3
20111008,4
20111010,4
20111011,5
20111012,5
20111013,9
20111014,5
20111015,2
20111017,8
20111018,6
20111019,3
20111020,6
20111021,6
20111022,4
20111024,6
20111025,5
20111026,4
20111027,7
20111028,4
20111029,1
20111030,3
20111031,2
20111101,3
20111102,3
20111103,1
20111104,1
20111105,2
20111107,4
20111108,1
20111109,2
20111110,6
20111111,9
20111112,1
20111114,7
20111115,14
20111116,5
20111117,4
20111118,4
20111119,1
20111120,1
20111121,7
20111122,6
20111123,4
20111124,5
20111125,18
20111126,5
20111127,1
20111128,3
20111129,6
20111130,7
20111201,9
20111202,4
20111203,1
20111204,1
20111205,4
20111206,4
20111207,7
20111208,7
20111209,7
20111210,2
20111211,1
20111212,4
20111213,8
20111214,2
20111215,5
20111216,4
20111217,3
20111218,1
20111219,1
20111220,3
20111221,3
20111222,3
20111223,6
20111224,3
20111226,1
20111227,5
20111228,2
20111229,4
20111230,4
20111231,1
20120101,1
20120103,5
20120104,4
20120105,8
20120106,6
20120107,2
20120109,8
20120110,5
20120111,3
20120112,5
20120113,5
20120114,1
20120117,4
20120118,1
20120119,4
20120120,3
20120121,4
20120123,3
20120124,2
20120126,3
20120127,2
20120128,2
20120130,2
20120131,5
20120201,4
20120202,6
20120203,2
20120204,2
20120205,1
20120206,6
20120207,7
20120208,4
20120209,1
20120210,2
20120211,1
20120212,1
20120213,4
20120215,3
20120216,2
20120217,4
20120218,2
20120220,2
20120221,18
20120222,9
20120223,3
20120224,3
20120225,2
20120228,8
20120229,3
20120301,5
20120302,7
20120303,4
20120305,4
20120306,3
20120307,9
20120308,2
20120309,4
20120310,1
20120311,1
20120312,7
20120313,2
20120314,1
20120315,1
20120316,6
20120317,2
20120318,1
20120319,6
20120320,3
20120321,1
20120322,2
20120323,3
20120325,3
20120326,4
20120327,5
20120328,2
20120329,2
20120330,3
20120331,1
20120401,2
20120402,5
20120403,7
20120404,4
20120405,3
20120406,3
20120407,2
20120409,1
20120410,3
20120411,2
20120412,2
20120413,3
20120415,3
20120416,6
20120417,6
20120418,3
20120419,1
20120420,5
20120421,1
20120422,2
20120423,19
20120424,15
20120425,7
20120426,9
20120427,6
20120428,1
20120429,1
20120430,15
20120501,5
20120502,2
20120503,5
20120504,2
20120505,1
20120506,1
20120507,6
20120508,5
20120509,5
20120510,9
20120511,2
20120514,4
20120515,6
20120516,6
20120517,17
20120518,2
20120520,1
20120521,1
20120522,5
20120523,4
20120524,5
20120525,2
20120529,1
20120530,5
20120531,2
20120601,6
20120603,2
20120604,7
20120605,4
20120606,1
20120607,4
20120608,4
20120611,3
20120612,4
20120613,4
20120614,6
20120615,4
20120617,2
20120618,3
20120619,3
20120620,4
20120621,2
20120622,1
20120624,3
20120625,2
20120626,2
20120627,6
20120628,2
20120629,5
20120630,2
20120701,1
20120702,6
20120703,5
20120704,1
20120705,8
20120706,1
20120707,1
20120708,1
20120709,1
20120710,2
20120712,4
20120713,6
20120714,1
20120715,1
20120716,2
20120717,8
20120719,3
20120720,2
20120722,1
20120723,4
20120724,1
20120725,5
20120726,6
20120727,3
20120728,1
20120729,1
20120730,5
20120731,4
20120801,3
20120802,2
20120803,3
20120806,3
20120807,3
20120808,6
20120810,5
20120812,1
20120813,4
20120814,5
20120815,14
20120816,14
20120817,7
20120818,1
20120819,3
20120820,9
20120822,3
20120823,6
20120824,2
20120827,6
20120828,4
20120829,5
20120830,3
20120831,8
20120903,2
20120904,3
20120905,2
20120906,8
20120907,3
20120908,1
20120910,2
20120911,4
20120912,1
20120913,3
20120914,14
20120915,2
20120916,2
20120917,9
20120918,3
20120919,4
20120920,12
20120921,14
20120922,2
20120923,2
20120924,2
20120925,9
20120926,1
20120927,7
20120928,6
20120930,2
20121001,3
20121002,8
20121003,4
20121004,5
20121005,3
20121008,5
20121009,9
20121010,11
20121011,8
20121012,9
20121013,3
20121015,4
20121016,4
20121017,4
20121018,4
20121019,5
20121022,1
20121023,4
20121024,5
20121025,8
20121026,3
20121028,2
20121029,5
20121030,3
20121031,6
20121101,4
20121102,2
20121103,1
20121104,1
20121105,4
20121106,3
20121107,6
20121108,4
20121109,9
20121111,1
20121112,5
20121113,6
20121114,10
20121115,14
20121116,9
20121118,1
20121119,16
20121120,9
20121121,11
20121122,3
20121123,15
20121125,4
20121126,13
20121127,9
20121128,8
20121129,10
20121130,6
20121202,2
20121203,5
20121204,7
20121205,5
20121206,5
20121207,9
20121209,1
20121210,3
20121211,7
20121212,9
20121213,7
20121214,6
20121215,2
20121216,2
20121217,6
20121218,13
20121219,3
20121220,1
20121221,3
20121222,1
20121223,2
20121224,1
20121225,2
20121226,2
20121227,5
20121228,4
20121229,1
20121230,3
20121231,1
20130103,3
20130104,7
20130106,2
20130108,7
20130109,6
20130110,6
20130111,4
20130112,1
20130113,3
20130114,5
20130115,7
20130116,5
20130117,5
20130118,5
20130120,1
20130121,3
20130122,10
20130123,2
20130124,11
20130125,7
20130127,1
20130128,2
20130129,7
20130130,1
20130131,5
20130201,3
20130204,3
20130205,3
20130206,2
20130207,4
20130208,1
20130211,2
20130212,3
20130213,2
20130214,3
20130215,8
20130218,1
20130219,4
20130220,4
20130221,15
20130222,9
20130224,1
20130225,3
20130226,6
20130227,8
20130228,6
20130301,7
20130303,2
20130304,5
20130305,9
20130306,4
20130307,5
20130308,3
20130311,2
20130312,5
20130313,9
20130314,1
20130315,3
20130316,2
20130318,1
20130319,4
20130321,2
20130322,8
20130324,2
20130326,4
20130327,14
20130328,4
20130329,1
20130401,3
20130402,6
20130403,2
20130404,6
20130405,4
20130407,3
20130409,3
20130410,3
20130411,2
20130412,4
20130413,1
20130414,1
20130415,3
20130416,4
20130417,2
20130418,5
20130419,1
20130421,1
20130422,4
20130423,4
20130424,12
20130425,7
20130426,4
20130428,2
20130429,3
20130430,6
20130501,5
20130502,2
20130503,3
20130505,3
20130506,2
20130508,6
20130509,5
20130510,5
20130512,3
20130513,9
20130514,10
20130515,7
20130516,12
20130517,10
20130520,4
20130521,6
20130522,5
20130523,4
20130524,3
20130527,2
20130528,2
20130529,5
20130530,2
20130531,4
20130602,1
20130603,1
20130604,2
20130605,3
20130606,4
20130607,9
20130608,1
20130610,4
20130611,4
20130613,6
20130614,3
20130616,2
20130617,1
20130619,14
20130620,5
20130621,2
20130622,1
20130623,1
20130624,1
20130625,2
20130626,11
20130627,8
20130628,5
20130629,1
20130701,2
20130702,3
20130703,3
20130704,1
20130705,5
20130707,2
20130708,4
20130709,8
20130710,7
20130711,5
20130712,3
20130714,1
20130715,3
20130716,5
20130717,2
20130718,4
20130719,3
20130722,5
20130723,7
20130724,10
20130725,6
20130726,1
20130727,1
20130729,3
20130730,2
20130731,2
20130801,3
20130802,3
20130804,3
20130805,1
20130806,3
20130807,1
20130808,3
20130809,7
20130811,2
20130812,6
20130813,5
20130814,5
20130815,23
20130816,11
20130817,1
20130818,4
20130819,4
20130820,10
20130821,8
20130822,3
20130823,1
20130825,1
20130826,2
20130827,9
20130828,16
20130829,5
20130830,4
20130902,1
20130903,1
20130904,3
20130905,1
20130906,3
20130908,1
20130909,7
20130910,3
20130911,6
20130912,7
20130913,4
20130914,2
20130915,2
20130916,6
20130917,5
20130918,11
20130919,2
20130920,2
20130921,1
20130922,2
20130923,11
20130924,3
20130925,5
20130926,6
20130927,3
20130928,2
20130929,1
20130930,4
20131001,5
20131002,2
20131003,2
20131004,4
20131005,2
20131006,5
20131007,6
20131008,6
20131009,5
20131010,5
20131011,2
20131013,3
20131014,5
20131015,9
20131016,6
20131017,7
20131018,4
20131020,1
20131021,3
20131022,6
20131023,4
20131024,5
20131025,4
20131027,3
20131028,2
20131029,3
20131030,3
20131031,1
20131101,6
20131103,1
20131104,2
20131105,3
20131106,3
20131107,5
20131108,2
20131110,1
20131111,8
20131112,8
20131113,1
20131114,15
20131115,6
20131117,4
20131118,9
20131119,2
20131120,10
20131121,5
20131122,4
20131123,2
20131124,2
20131125,16
20131126,10
20131127,9
20131128,3
20131129,20
20131130,2
20131201,4
20131202,11
20131203,5
20131204,8
20131205,4
20131209,5
20131210,4
20131211,7
20131212,8
20131213,2
20131216,2
20131217,6
20131218,3
20131219,5
20131220,4
20131222,3
20131223,1
20131224,4
20131225,4
20131226,4
20131227,2
20131229,3
20131230,3
20131231,1
20140101,1
20140102,5
20140103,2
20140105,3
20140106,1
20140107,1
20140108,1
20140109,9
20140110,5
20140111,2
20140112,3
20140113,4
20140114,5
20140115,8
20140116,9
20140117,5
20140118,2
20140119,1
20140120,3
20140121,3
20140122,4
20140123,5
20140124,4
20140127,2
20140128,2
20140129,7
20140130,7
20140131,8
20140201,1
20140202,4
20140203,5
20140204,3
20140205,4
20140206,4
20140207,4
20140209,3
20140210,3
20140211,5
20140212,2
20140213,3
20140214,2
20140217,1
20140218,4
20140219,3
20140220,14
20140221,7
20140222,1
20140224,7
20140225,8
20140226,8
20140227,6
20140228,4
20140302,1
20140303,2
20140304,1
20140305,6
20140306,5
20140309,2
20140310,2
20140311,1
20140312,4
20140313,7
20140314,2
20140317,7
20140318,9
20140319,2
20140320,4
20140321,1
20140325,1
20140326,4
20140327,3
20140328,8
20140401,4
20140402,2
20140403,10
20140404,1
20140406,1
20140407,4
20140408,5
20140409,4
20140410,10
20140411,3
20140413,2
20140414,8
20140415,7
20140416,6
20140417,3
20140418,7
20140421,4
20140422,5
20140423,6
20140424,8
20140425,4
20140426,1
20140427,1
20140428,1
20140429,2
20140430,3
20140501,4
20140502,2
20140505,3
20140506,11
20140507,7
20140508,5
20140509,13
20140511,3
20140512,8
20140513,5
20140514,1
20140515,16
20140516,10
20140519,4
20140520,7
20140521,3
20140522,4
20140523,1
20140525,1
20140526,2
20140527,7
20140528,6
20140529,7
20140530,1
20140601,1
20140602,4
20140603,4
20140604,9
20140605,5
20140606,8
20140608,5
20140609,9
20140610,3
20140611,6
20140612,2
20140614,1
20140615,2
20140616,8
20140617,5
20140618,3
20140619,5
20140620,6
20140622,1
20140623,3
20140624,3
20140625,2
20140626,6
20140627,8
20140629,1
20140630,4
20140701,2
20140702,4
20140703,5
20140704,2
20140706,1
20140707,1
20140708,8
20140709,2
20140710,5
20140711,4
20140712,1
20140713,3
20140714,1
20140715,1
20140716,4
20140717,10
20140718,5
20140721,4
20140722,1
20140723,3
20140724,10
20140725,1
20140728,4
20140729,4
20140730,5
20140731,7
20140801,1
20140804,1
20140805,7
20140806,3
20140807,2
20140808,2
20140809,1
20140810,1
20140811,8
20140812,2
20140813,20
20140814,14
20140815,10
20140817,3
20140818,6
20140819,5
20140820,5
20140821,7
20140822,5
20140825,1
20140826,5
20140827,3
20140828,4
20140829,3
20140902,3
20140903,3
20140904,7
20140905,1
20140907,2
20140908,5
20140909,5
20140910,8
20140911,5
20140912,2
20140915,3
20140916,3
20140918,3
20140919,5
20140920,1
20140922,3
20140923,3
20140924,10
20140925,4
20140926,2
20140928,1
20140929,3
20140930,3
20141001,2
20141002,4
20141003,2
20141005,2
20141006,4
20141007,7
20141008,11
20141009,5
20141013,1
20141014,1
20141015,6
20141016,7
20141017,5
20141020,3
20141021,4
20141022,7
20141023,14
20141024,4
20141027,3
20141028,5
20141029,6
20141030,16
20141031,5
20141102,1
20141103,3
20141104,14
20141105,1
20141106,7
20141107,2
20141109,1
20141110,11
20141111,4
20141112,14
20141113,17
20141114,7
20141116,1
20141117,2
20141118,2
20141119,7
20141120,11
20141121,3
20141123,1
20141124,4
20141125,8
20141126,9
20141128,18
20141130,2
20141201,8
20141202,9
20141203,2
20141204,7
20141205,13
20141207,2
20141208,9
20141209,6
20141210,2
20141211,10
20141212,3
20141213,1
20141214,1
20141215,1
20141216,8
20141217,1
20141218,12
20141219,6
20141222,4
20141223,1
20141224,2
20141225,2
20141226,6
20141228,1
20141230,7
20141231,2
20150101,4
20150102,5
20150104,1
20150105,4
20150106,1
20150107,3
20150108,4
20150109,1
20150111,1
20150112,3
20150113,5
20150114,1
20150115,5
20150116,2
20150118,1
20150119,1
20150120,5
20150121,4
20150122,3
20150125,1
20150126,1
20150127,1
20150128,1
20150129,3
20150130,2
20150131,1
20150201,1
20150202,2
20150203,6
20150204,4
20150205,5
20150207,1
20150208,1
20150209,1
20150210,2
20150211,5
20150212,4
20150213,2
20150216,1
20150217,5
20150218,2
20150219,26
20150220,9
20150222,2
20150223,3
20150224,4
20150225,6
20150226,7
20150227,4
20150301,1
20150302,3
20150303,1
20150304,6
20150305,13
20150306,2
20150308,2
20150311,4
20150312,2
20150313,2
20150315,1
20150316,3
20150317,3
20150318,4
20150319,11
20150320,4
20150322,1
20150323,5
20150324,2
20150325,1
20150326,2
20150327,1
20150329,2
20150330,4
20150331,3
20150401,14
20150402,10
20150403,3
20150404,1
20150405,1
20150406,5
20150407,3
20150408,4
20150409,7
20150410,5
20150413,4
20150414,1
20150415,7
20150416,7
20150417,2
20150418,1
20150420,4
20150421,10
20150422,6
20150423,2
20150424,4
20150426,1
20150427,4
20150428,2
20150429,7
20150430,6
