20120620,5
20120720,1
20120916,1
20130320,2
20131103,1
20140501,1
20140504,1
20140703,1
20140804,2
20140806,2
20140807,1
20140813,4
20140904,1
20141027,1
20141030,1
20141106,1
20141203,2
20141210,2
20141212,1
20141221,1
20141222,1
20141223,2
20141229,2
20141231,3
20150101,1
20150106,1
20150120,1
20150121,2
20150125,1
20150126,2
20150127,1
20150128,1
20150129,2
20150202,1
20150209,1
20150211,1
20150225,1
20150302,1
20150303,1
20150304,1
20150305,1
20150312,1
20150318,1
20150330,1
20150409,4
20150410,2
20150413,2
20150414,1
20150416,1
20150420,1
20150430,2
