20050104,1
20050106,1
20050109,1
20050110,1
20050112,2
20050113,2
20050114,2
20050118,2
20050119,2
20050120,2
20050126,1
20050131,1
20050201,1
20050202,2
20050208,1
20050209,2
20050211,1
20050214,1
20050215,1
20050217,1
20050223,2
20050224,2
20050301,1
20050302,1
20050303,3
20050304,1
20050307,1
20050308,3
20050310,1
20050313,1
20050314,1
20050315,1
20050316,1
20050317,2
20050322,1
20050324,1
20050325,1
20050328,1
20050330,1
20050407,1
20050408,1
20050411,2
20050412,1
20050418,1
20050419,2
20050420,2
20050422,1
20050426,1
20050427,1
20050429,2
20050506,2
20050511,1
20050516,2
20050519,2
20050523,1
20050524,2
20050525,1
20050529,1
20050601,1
20050603,2
20050606,2
20050608,2
20050609,1
20050613,1
20050614,2
20050616,1
20050617,2
20050622,1
20050623,1
20050626,1
20050629,1
20050706,2
20050707,1
20050708,1
20050712,3
20050719,2
20050720,2
20050725,2
20050726,1
20050727,2
20050728,1
20050729,1
20050802,2
20050804,1
20050808,3
20050809,2
20050810,2
20050816,1
20050819,1
20050822,2
20050823,2
20050825,1
20050830,1
20050903,1
20050907,1
20050908,2
20050913,1
20050916,2
20050917,1
20050918,1
20050923,1
20050929,1
20051006,1
20051012,2
20051013,1
20051019,2
20051020,1
20051021,1
20051024,2
20051027,1
20051028,1
20051029,1
20051102,1
20051104,1
20051112,1
20051115,1
20051117,2
20051120,1
20051121,1
20051201,1
20051202,1
20051205,1
20051206,1
20051207,1
20051208,2
20051209,1
20051210,1
20051212,2
20051213,1
20051214,1
20051215,1
20051217,1
20051220,1
20051222,3
20051231,1
20060103,1
20060107,1
20060111,1
20060116,1
20060117,2
20060118,4
20060119,3
20060127,1
20060131,1
20060201,1
20060202,1
20060205,1
20060210,1
20060216,1
20060217,1
20060218,1
20060221,3
20060222,1
20060224,1
20060227,1
20060228,1
20060301,1
20060305,1
20060307,1
20060308,1
20060311,1
20060314,1
20060316,1
20060318,1
20060325,1
20060328,1
20060329,2
20060402,2
20060404,1
20060406,1
20060408,1
20060414,1
20060415,1
20060417,1
20060418,2
20060419,4
20060424,1
20060426,1
20060427,1
20060502,1
20060506,1
20060507,1
20060508,3
20060509,2
20060512,1
20060514,1
20060516,1
20060518,1
20060525,2
20060612,1
20060613,1
20060618,1
20060619,2
20060624,1
20060627,2
20060629,4
20060630,3
20060706,1
20060707,1
20060711,1
20060717,1
20060718,4
20060719,2
20060720,2
20060725,1
20060726,2
20060727,1
20060729,1
20060730,1
20060801,1
20060802,1
20060808,1
20060810,1
20060812,1
20060814,1
20060815,2
20060820,1
20060823,2
20060824,2
20060825,2
20060829,1
20060830,1
20060905,1
20060908,1
20060912,2
20060920,1
20060925,2
20060926,1
20060928,1
20060930,1
20061002,1
20061007,1
20061009,2
20061010,1
20061011,1
20061013,1
20061016,1
20061017,1
20061018,3
20061024,1
20061025,1
20061030,1
20061104,2
20061106,1
20061110,1
20061113,1
20061116,1
20061117,1
20061118,1
20061120,1
20061129,3
20061206,2
20061208,1
20061213,1
20061216,1
20061218,1
20061220,1
20061222,1
20070102,1
20070110,1
20070111,1
20070113,1
20070116,5
20070117,3
20070118,3
20070122,1
20070123,3
20070124,1
20070208,1
20070209,1
20070213,2
20070215,1
20070221,1
20070222,1
20070226,1
20070303,1
20070306,2
20070308,1
20070312,2
20070316,1
20070319,1
20070320,1
20070322,1
20070323,1
20070324,1
20070326,1
20070327,1
20070328,1
20070331,1
20070402,2
20070411,3
20070413,1
20070416,1
20070417,5
20070418,1
20070419,1
20070424,1
20070426,1
20070502,1
20070503,1
20070504,2
20070505,3
20070506,1
20070507,1
20070509,3
20070510,1
20070512,1
20070514,1
20070515,2
20070519,1
20070523,3
20070525,1
20070602,1
20070606,1
20070608,2
20070609,2
20070613,1
20070614,1
20070618,1
20070619,1
20070620,3
20070625,1
20070627,2
20070628,3
20070708,1
20070715,1
20070716,1
20070717,4
20070718,4
20070719,1
20070721,1
20070726,2
20070727,3
20070728,1
20070730,1
20070731,1
20070803,1
20070804,1
20070806,2
20070807,3
20070808,2
20070811,1
20070813,2
20070815,2
20070816,3
20070817,3
20070821,2
20070822,2
20070823,3
20070829,1
20070901,1
20070905,1
20070906,2
20070907,2
20070909,1
20070910,1
20070912,1
20070915,1
20070919,1
20070925,1
20070928,1
20071002,1
20071006,1
20071008,1
20071009,1
20071012,2
20071014,1
20071016,2
20071017,8
20071018,1
20071023,1
20071024,2
20071025,1
20071026,3
20071029,1
20071030,1
20071031,1
20071105,3
20071107,1
20071108,2
20071109,1
20071110,1
20071112,1
20071113,2
20071115,2
20071116,3
20071117,1
20071121,1
20071127,3
20071128,1
20071130,6
20071201,3
20071203,2
20071204,2
20071206,2
20071207,1
20071208,1
20071210,1
20071212,3
20071214,1
20071217,2
20071219,1
20071221,1
20071223,1
20071227,2
20071231,1
20080103,2
20080104,1
20080108,5
20080109,1
20080110,1
20080111,3
20080112,1
20080113,1
20080115,1
20080116,5
20080117,6
20080119,1
20080122,4
20080128,1
20080130,1
20080131,1
20080202,1
20080204,2
20080205,4
20080206,2
20080207,1
20080211,2
20080212,3
20080213,2
20080214,1
20080215,1
20080220,2
20080221,2
20080229,1
20080306,2
20080307,5
20080308,1
20080309,1
20080310,1
20080312,2
20080313,1
20080317,1
20080318,1
20080319,1
20080320,1
20080322,2
20080324,1
20080325,5
20080327,2
20080328,1
20080331,1
20080401,1
20080402,1
20080403,1
20080408,2
20080409,1
20080410,1
20080411,1
20080412,1
20080414,2
20080415,1
20080416,5
20080417,10
20080418,1
20080421,3
20080422,3
20080423,1
20080425,2
20080430,1
20080501,1
20080503,1
20080505,1
20080507,1
20080510,1
20080515,1
20080516,1
20080521,1
20080523,1
20080525,1
20080527,1
20080528,1
20080531,1
20080602,1
20080603,2
20080604,1
20080607,2
20080611,2
20080614,1
20080617,1
20080618,1
20080619,3
20080620,1
20080623,1
20080625,1
20080626,3
20080628,1
20080701,2
20080704,1
20080705,1
20080711,1
20080714,2
20080715,2
20080716,6
20080717,14
20080718,10
20080719,1
20080721,3
20080722,2
20080724,1
20080725,2
20080726,2
20080727,1
20080728,2
20080729,3
20080730,1
20080731,1
20080801,1
20080804,2
20080805,1
20080807,1
20080808,5
20080810,1
20080812,1
20080813,2
20080814,1
20080815,2
20080818,1
20080820,1
20080822,1
20080825,2
20080826,2
20080827,4
20080902,1
20080904,3
20080906,1
20080908,1
20080912,1
20080915,1
20080916,2
20080917,3
20080918,6
20080919,1
20080921,1
20080922,5
20080923,2
20080924,2
20080925,4
20080926,3
20080927,3
20080929,5
20080930,4
20081001,5
20081002,5
20081003,15
20081004,9
20081005,5
20081006,13
20081007,7
20081008,6
20081009,7
20081010,7
20081011,4
20081012,2
20081013,4
20081014,4
20081015,10
20081016,7
20081017,3
20081018,2
20081019,1
20081020,1
20081021,3
20081022,6
20081023,4
20081024,1
20081025,1
20081027,1
20081028,3
20081029,2
20081030,3
20081031,2
20081101,3
20081102,1
20081103,5
20081104,3
20081105,1
20081106,3
20081107,2
20081108,1
20081110,4
20081111,4
20081112,5
20081113,2
20081114,3
20081117,1
20081118,3
20081119,1
20081120,3
20081121,2
20081124,3
20081125,4
20081126,3
20081128,1
20081201,2
20081202,5
20081203,2
20081204,1
20081205,3
20081206,2
20081208,2
20081209,1
20081210,3
20081211,3
20081212,3
20081215,1
20081217,2
20081220,2
20081221,1
20081222,1
20081223,1
20081224,4
20081226,1
20081228,1
20081229,1
20081231,3
20090102,4
20090103,1
20090105,6
20090106,1
20090107,3
20090108,5
20090109,4
20090110,1
20090111,1
20090112,4
20090113,2
20090114,8
20090115,1
20090116,7
20090117,1
20090118,1
20090120,3
20090121,5
20090122,1
20090123,2
20090124,1
20090125,1
20090126,3
20090127,2
20090128,7
20090129,6
20090130,3
20090202,1
20090203,3
20090204,3
20090205,7
20090206,1
20090207,2
20090210,4
20090211,5
20090212,4
20090213,7
20090214,1
20090217,1
20090218,3
20090219,3
20090220,1
20090221,5
20090222,2
20090223,2
20090224,3
20090225,3
20090226,2
20090227,3
20090228,5
20090302,4
20090303,2
20090304,2
20090305,4
20090306,4
20090307,2
20090308,2
20090309,6
20090311,4
20090312,1
20090313,5
20090314,2
20090317,3
20090318,1
20090319,4
20090320,3
20090322,1
20090324,3
20090325,1
20090326,4
20090327,1
20090328,1
20090330,2
20090331,3
20090401,3
20090402,1
20090403,2
20090404,1
20090405,1
20090406,3
20090407,1
20090408,1
20090409,13
20090410,11
20090411,1
20090412,1
20090413,9
20090414,8
20090415,3
20090416,4
20090417,4
20090419,2
20090420,7
20090421,3
20090422,7
20090423,8
20090424,4
20090425,3
20090427,3
20090428,1
20090429,3
20090430,3
20090501,2
20090502,3
20090504,6
20090505,8
20090506,10
20090507,6
20090508,9
20090509,7
20090510,2
20090511,5
20090512,4
20090513,2
20090514,3
20090515,3
20090518,5
20090519,2
20090520,3
20090521,4
20090522,2
20090526,2
20090527,2
20090528,5
20090529,2
20090602,2
20090603,2
20090604,2
20090605,3
20090606,1
20090608,3
20090609,1
20090610,5
20090611,2
20090612,1
20090615,2
20090616,2
20090617,4
20090618,2
20090619,2
20090620,1
20090624,3
20090625,1
20090627,2
20090628,1
20090630,3
20090701,4
20090702,1
20090703,2
20090704,1
20090706,3
20090707,1
20090708,2
20090709,2
20090710,1
20090711,3
20090713,2
20090714,1
20090715,4
20090716,3
20090717,1
20090718,1
20090719,1
20090720,1
20090721,1
20090722,5
20090723,8
20090724,2
20090725,1
20090726,1
20090727,2
20090728,5
20090729,6
20090730,1
20090731,3
20090801,1
20090802,1
20090803,1
20090804,2
20090805,5
20090806,2
20090807,5
20090808,2
20090811,4
20090812,1
20090817,3
20090818,2
20090819,4
20090820,2
20090822,1
20090824,6
20090827,3
20090828,3
20090829,1
20090831,7
20090901,4
20090902,6
20090903,2
20090907,1
20090909,1
20090910,3
20090911,5
20090913,1
20090914,1
20090915,3
20090916,3
20090917,3
20090918,2
20090921,1
20090922,3
20090923,2
20090924,2
20090925,1
20090928,4
20090929,1
20090930,4
20091001,4
20091002,4
20091004,1
20091005,4
20091006,3
20091007,2
20091008,3
20091009,2
20091010,1
20091012,2
20091013,3
20091014,5
20091015,1
20091017,2
20091019,1
20091020,3
20091021,3
20091022,10
20091023,3
20091024,1
20091026,1
20091027,5
20091028,2
20091029,3
20091030,1
20091102,2
20091103,3
20091104,2
20091105,1
20091106,1
20091111,2
20091114,2
20091116,2
20091117,1
20091118,3
20091119,2
20091120,2
20091121,1
20091123,1
20091125,2
20091127,1
20091130,2
20091201,4
20091202,1
20091203,5
20091204,3
20091205,2
20091207,1
20091208,2
20091209,4
20091210,3
20091211,4
20091214,5
20091215,7
20091216,13
20091217,7
20091218,7
20091219,1
20091221,3
20091222,2
20091223,4
20091224,3
20091228,1
20091229,2
20091230,1
20091231,2
20100102,2
20100103,2
20100104,5
20100105,2
20100106,2
20100107,3
20100108,4
20100111,1
20100112,3
20100113,3
20100114,4
20100115,9
20100116,1
20100118,1
20100119,8
20100120,6
20100121,14
20100122,1
20100123,1
20100124,1
20100127,6
20100128,3
20100129,3
20100130,1
20100201,4
20100202,3
20100203,3
20100204,5
20100205,1
20100206,3
20100208,1
20100209,3
20100210,2
20100211,2
20100212,1
20100213,2
20100217,1
20100218,2
20100219,3
20100220,3
20100221,2
20100222,1
20100223,2
20100225,4
20100226,1
20100301,2
20100303,1
20100304,6
20100305,3
20100308,7
20100309,1
20100310,1
20100311,2
20100312,1
20100313,1
20100314,1
20100315,6
20100316,5
20100317,3
20100318,4
20100319,2
20100322,1
20100323,1
20100324,2
20100325,5
20100326,3
20100327,2
20100329,3
20100330,3
20100331,1
20100401,6
20100402,1
20100403,1
20100404,1
20100405,1
20100406,5
20100407,1
20100408,2
20100410,1
20100411,1
20100412,5
20100413,2
20100414,2
20100416,1
20100417,5
20100419,2
20100420,3
20100421,2
20100422,4
20100423,2
20100424,1
20100425,1
20100426,1
20100428,1
20100430,2
20100501,2
20100503,1
20100505,3
20100506,1
20100507,2
20100511,1
20100512,3
20100513,2
20100517,2
20100518,1
20100519,3
20100520,3
20100521,4
20100522,1
20100524,1
20100525,1
20100526,5
20100527,1
20100528,1
20100529,2
20100602,1
20100604,2
20100605,2
20100607,2
20100608,1
20100610,5
20100611,3
20100612,1
20100614,2
20100615,4
20100616,4
20100618,1
20100619,1
20100621,3
20100622,1
20100623,2
20100624,1
20100625,3
20100626,1
20100627,1
20100628,1
20100629,2
20100701,6
20100702,3
20100703,2
20100706,3
20100707,3
20100708,3
20100709,1
20100710,2
20100712,1
20100713,1
20100714,2
20100716,1
20100717,1
20100719,1
20100720,3
20100721,5
20100722,3
20100723,2
20100724,3
20100726,2
20100727,2
20100728,1
20100729,1
20100730,1
20100731,2
20100801,1
20100802,2
20100803,2
20100805,1
20100806,2
20100807,1
20100810,4
20100811,3
20100812,2
20100814,2
20100815,1
20100816,4
20100817,5
20100818,6
20100819,1
20100820,2
20100821,2
20100823,1
20100824,1
20100825,4
20100826,3
20100827,1
20100828,2
20100830,1
20100831,3
20100901,3
20100902,3
20100903,1
20100904,1
20100907,1
20100908,2
20100909,2
20100910,1
20100911,2
20100913,2
20100914,6
20100915,4
20100916,3
20100917,2
20100918,2
20100920,5
20100921,4
20100922,1
20100923,1
20100924,2
20100925,1
20100927,4
20100929,5
20100930,3
20101001,1
20101003,2
20101004,1
20101005,3
20101006,1
20101007,6
20101008,2
20101009,3
20101010,1
20101011,6
20101012,4
20101013,3
20101014,4
20101015,7
20101016,3
20101017,2
20101018,4
20101019,2
20101020,13
20101021,4
20101022,4
20101023,1
20101024,1
20101025,5
20101026,3
20101027,4
20101028,6
20101029,3
20101030,2
20101031,2
20101101,4
20101102,1
20101103,5
20101104,5
20101105,6
20101106,3
20101107,1
20101108,2
20101109,1
20101110,2
20101111,1
20101113,1
20101114,1
20101115,1
20101116,7
20101117,1
20101118,4
20101119,1
20101120,1
20101122,4
20101123,2
20101124,2
20101127,1
20101128,2
20101129,2
20101201,4
20101202,7
20101203,5
20101204,1
20101206,4
20101207,6
20101208,5
20101209,3
20101210,4
20101213,5
20101214,3
20101215,4
20101216,7
20101217,2
20101218,1
20101219,1
20101220,1
20101221,5
20101223,3
20101224,2
20101226,1
20101228,2
20101229,5
20101230,4
20101231,1
20110103,4
20110104,3
20110105,3
20110106,2
20110107,8
20110108,5
20110110,5
20110111,3
20110112,7
20110113,8
20110114,5
20110115,3
20110116,1
20110117,1
20110118,5
20110119,14
20110120,4
20110121,5
20110122,4
20110123,2
20110124,4
20110125,1
20110126,2
20110127,4
20110128,2
20110129,2
20110130,2
20110131,5
20110201,3
20110205,4
20110206,1
20110207,3
20110208,4
20110209,5
20110210,4
20110211,6
20110214,3
20110215,4
20110216,5
20110217,2
20110218,3
20110219,1
20110221,1
20110222,3
20110223,4
20110224,2
20110225,6
20110226,2
20110228,7
20110301,5
20110302,4
20110303,3
20110304,3
20110305,2
20110307,5
20110308,8
20110309,3
20110310,4
20110311,6
20110312,2
20110315,7
20110316,5
20110317,1
20110318,14
20110319,1
20110321,5
20110322,2
20110323,2
20110324,4
20110325,3
20110328,2
20110329,5
20110330,2
20110331,3
20110401,5
20110403,1
20110404,10
20110405,1
20110406,2
20110407,4
20110408,1
20110411,4
20110412,1
20110413,2
20110414,6
20110415,4
20110418,5
20110419,4
20110420,10
20110421,7
20110422,1
20110425,6
20110426,2
20110428,1
20110429,3
20110501,2
20110502,5
20110503,2
20110504,5
20110507,2
20110509,5
20110510,2
20110511,4
20110513,3
20110514,3
20110515,2
20110516,2
20110517,3
20110518,3
20110519,3
20110520,1
20110523,3
20110524,4
20110525,9
20110526,2
20110527,2
20110528,2
20110531,3
20110601,3
20110602,5
20110603,5
20110604,1
20110605,2
20110606,3
20110607,4
20110608,3
20110609,9
20110610,3
20110611,1
20110612,1
20110613,5
20110614,5
20110615,6
20110616,5
20110617,5
20110618,3
20110619,1
20110620,5
20110621,3
20110622,1
20110625,1
20110627,3
20110628,2
20110629,6
20110630,3
20110701,4
20110702,2
20110705,2
20110706,8
20110707,5
20110708,5
20110709,3
20110711,2
20110712,6
20110713,3
20110714,4
20110715,7
20110716,1
20110718,6
20110719,8
20110720,11
20110721,5
20110722,1
20110723,2
20110725,2
20110726,4
20110727,4
20110728,4
20110729,4
20110730,3
20110801,2
20110802,4
20110803,7
20110804,4
20110805,2
20110806,2
20110808,1
20110809,5
20110810,9
20110811,3
20110812,7
20110813,2
20110815,9
20110816,5
20110817,6
20110818,10
20110819,5
20110820,1
20110821,1
20110822,9
20110823,1
20110824,6
20110825,6
20110826,6
20110827,2
20110829,6
20110830,2
20110831,3
20110901,3
20110902,6
20110903,1
20110904,1
20110906,4
20110907,2
20110908,2
20110909,3
20110910,2
20110912,3
20110913,2
20110914,3
20110915,3
20110917,1
20110918,1
20110919,9
20110920,4
20110921,5
20110922,9
20110923,4
20110924,2
20110926,3
20110927,1
20110928,4
20110929,4
20110930,4
20111001,3
20111003,2
20111004,4
20111005,4
20111006,2
20111007,6
20111008,2
20111010,1
20111011,5
20111012,1
20111013,5
20111014,2
20111017,17
20111018,13
20111019,4
20111020,3
20111021,1
20111022,5
20111024,6
20111025,2
20111026,1
20111027,3
20111028,9
20111031,3
20111101,7
20111102,5
20111103,5
20111104,3
20111105,1
20111107,2
20111108,2
20111110,2
20111111,2
20111114,8
20111115,1
20111116,1
20111117,5
20111118,3
20111119,5
20111121,3
20111122,2
20111123,3
20111125,5
20111126,1
20111128,8
20111129,3
20111130,4
20111201,7
20111202,8
20111205,4
20111206,6
20111207,6
20111208,3
20111209,4
20111212,3
20111213,4
20111214,3
20111215,2
20111216,3
20111219,4
20111220,4
20111221,2
20111222,1
20111223,3
20111227,1
20111228,3
20111229,2
20111230,2
20111231,1
20120102,1
20120103,3
20120104,2
20120105,2
20120106,3
20120107,2
20120109,5
20120110,3
20120111,1
20120112,7
20120113,4
20120117,16
20120118,6
20120119,6
20120120,4
20120121,1
20120123,5
20120124,2
20120126,3
20120127,1
20120128,2
20120130,7
20120131,5
20120201,2
20120202,2
20120203,3
20120206,5
20120208,5
20120209,7
20120210,8
20120211,2
20120212,1
20120213,1
20120214,5
20120215,4
20120216,1
20120217,4
20120218,1
20120220,1
20120221,4
20120222,5
20120223,1
20120224,1
20120225,4
20120227,2
20120228,4
20120229,15
20120301,2
20120302,2
20120305,4
20120306,2
20120307,3
20120308,5
20120309,5
20120311,1
20120312,6
20120313,5
20120314,4
20120315,4
20120316,4
20120319,4
20120320,4
20120321,3
20120322,2
20120323,1
20120325,1
20120326,2
20120327,3
20120328,1
20120329,4
20120330,3
20120402,2
20120403,7
20120404,4
20120405,4
20120406,3
20120408,1
20120409,6
20120410,8
20120411,5
20120412,4
20120413,21
20120416,10
20120417,5
20120418,3
20120419,9
20120420,4
20120423,5
20120424,8
20120425,10
20120426,3
20120427,11
20120428,1
20120429,2
20120430,6
20120501,7
20120502,4
20120503,1
20120504,1
20120505,2
20120507,2
20120508,3
20120509,3
20120510,10
20120511,5
20120512,1
20120515,9
20120516,3
20120517,3
20120518,4
20120519,1
20120521,3
20120524,5
20120525,3
20120526,1
20120529,6
20120530,3
20120531,1
20120601,5
20120602,1
20120603,1
20120604,3
20120605,3
20120606,4
20120607,5
20120608,5
20120610,1
20120611,2
20120612,3
20120613,3
20120614,4
20120615,2
20120618,6
20120619,1
20120620,1
20120621,5
20120622,4
20120625,8
20120626,5
20120627,3
20120628,3
20120629,7
20120702,4
20120705,4
20120706,1
20120707,1
20120709,8
20120710,1
20120711,4
20120712,12
20120713,19
20120714,2
20120715,2
20120716,11
20120717,5
20120718,5
20120719,4
20120720,3
20120721,2
20120723,5
20120724,2
20120725,4
20120726,5
20120727,2
20120728,2
20120729,1
20120731,3
20120801,3
20120802,3
20120803,3
20120804,1
20120805,3
20120806,3
20120807,4
20120809,4
20120810,6
20120814,7
20120815,6
20120816,2
20120817,2
20120820,3
20120821,3
20120822,1
20120823,1
20120827,2
20120829,5
20120830,3
20120831,2
20120903,1
20120904,2
20120905,6
20120906,1
20120907,2
20120909,2
20120910,4
20120911,3
20120912,2
20120913,3
20120914,7
20120916,1
20120917,4
20120918,4
20120919,1
20120920,3
20120922,1
20120923,1
20120924,5
20120925,3
20120926,2
20120927,4
20120928,2
20121001,4
20121002,1
20121003,4
20121004,4
20121005,8
20121008,3
20121009,7
20121010,14
20121011,7
20121012,21
20121013,1
20121015,10
20121016,11
20121017,7
20121018,7
20121019,5
20121021,3
20121022,3
20121023,4
20121024,5
20121025,5
20121026,4
20121029,6
20121030,2
20121031,3
20121101,7
20121102,8
20121104,2
20121105,1
20121106,3
20121107,6
20121108,5
20121109,10
20121113,4
20121114,6
20121115,7
20121116,4
20121118,3
20121119,3
20121120,1
20121121,3
20121123,3
20121125,1
20121126,4
20121127,1
20121128,3
20121129,5
20121130,6
20121201,1
20121202,1
20121203,6
20121204,9
20121205,9
20121206,2
20121207,6
20121209,1
20121210,3
20121211,7
20121212,3
20121213,11
20121214,6
20121216,1
20121217,2
20121218,1
20121219,6
20121220,5
20121221,3
20121223,2
20121224,2
20121225,2
20121226,3
20121227,3
20121228,1
20121230,3
20121231,2
20130101,1
20130102,4
20130103,2
20130104,6
20130106,2
20130107,11
20130108,3
20130109,7
20130110,6
20130111,23
20130112,1
20130113,3
20130114,1
20130115,7
20130116,5
20130117,10
20130118,1
20130121,1
20130122,3
20130123,4
20130124,3
20130125,6
20130128,5
20130129,2
20130130,4
20130131,3
20130201,1
20130203,1
20130204,3
20130205,1
20130206,2
20130207,5
20130208,1
20130211,1
20130212,3
20130213,2
20130214,4
20130215,1
20130218,1
20130219,1
20130220,5
20130221,2
20130222,2
20130224,1
20130225,5
20130226,3
20130227,2
20130228,3
20130301,6
20130303,2
20130304,2
20130305,5
20130306,5
20130307,2
20130308,5
20130310,3
20130311,2
20130312,2
20130313,3
20130314,4
20130315,7
20130317,4
20130318,4
20130319,3
20130320,4
20130321,3
20130322,2
20130324,1
20130326,7
20130327,3
20130328,7
20130329,3
20130331,2
20130401,2
20130402,8
20130403,6
20130404,2
20130405,5
20130407,3
20130408,4
20130409,5
20130410,9
20130411,11
20130412,21
20130414,3
20130415,5
20130416,7
20130417,4
20130418,10
20130419,3
20130421,1
20130422,2
20130423,6
20130424,3
20130425,5
20130426,5
20130429,3
20130430,6
20130501,5
20130502,3
20130503,1
20130504,1
20130506,4
20130507,5
20130508,5
20130509,1
20130510,2
20130513,4
20130514,2
20130515,3
20130516,6
20130517,2
20130520,3
20130521,5
20130523,2
20130524,2
20130528,1
20130529,3
20130530,4
20130531,2
20130602,1
20130603,3
20130604,8
20130605,3
20130606,3
20130607,2
20130608,2
20130609,3
20130610,2
20130611,4
20130612,4
20130613,3
20130614,2
20130616,2
20130617,5
20130619,3
20130620,3
20130621,1
20130623,3
20130624,3
20130625,6
20130627,2
20130628,4
20130629,1
20130630,1
20130702,2
20130703,1
20130704,1
20130705,1
20130707,2
20130708,3
20130709,9
20130710,7
20130711,9
20130712,23
20130713,1
20130714,3
20130715,12
20130716,4
20130717,3
20130718,1
20130719,3
20130722,1
20130723,6
20130724,4
20130725,3
20130726,3
20130728,2
20130729,3
20130730,3
20130731,4
20130801,3
20130802,5
20130805,3
20130806,1
20130807,4
20130809,4
20130811,2
20130812,1
20130813,5
20130814,5
20130815,6
20130816,4
20130818,4
20130819,5
20130820,3
20130821,11
20130822,10
20130823,4
20130827,4
20130828,1
20130829,3
20130830,2
20130902,1
20130903,4
20130904,6
20130905,6
20130906,9
20130908,1
20130909,5
20130910,5
20130911,4
20130912,5
20130913,5
20130915,2
20130916,1
20130917,3
20130918,9
20130919,4
20130920,2
20130923,2
20130924,5
20130925,1
20130926,1
20130927,7
20130930,6
20131001,5
20131002,8
20131003,7
20131004,5
20131006,3
20131007,6
20131008,2
20131009,4
20131010,4
20131011,14
20131013,2
20131014,5
20131015,5
20131016,10
20131017,4
20131018,5
20131019,1
20131020,3
20131021,7
20131022,5
20131023,4
20131024,4
20131025,1
20131028,2
20131029,3
20131031,3
20131101,4
20131104,1
20131105,3
20131106,2
20131107,2
20131108,3
20131110,2
20131111,1
20131112,4
20131113,4
20131114,4
20131115,2
20131117,2
20131118,3
20131119,3
20131120,11
20131121,3
20131122,1
20131124,2
20131125,2
20131126,3
20131127,2
20131128,1
20131129,3
20131202,5
20131203,5
20131204,4
20131205,4
20131206,6
20131207,1
20131208,3
20131209,4
20131210,4
20131213,2
20131215,1
20131216,3
20131217,4
20131218,2
20131219,5
20131220,4
20131222,2
20131223,3
20131226,2
20131227,2
20131230,5
20131231,1
20140101,1
20140102,7
20140103,4
20140105,1
20140106,3
20140107,5
20140108,8
20140109,3
20140110,9
20140112,1
20140113,5
20140114,20
20140115,14
20140116,5
20140117,7
20140118,1
20140120,1
20140121,1
20140122,3
20140123,4
20140124,2
20140128,4
20140129,3
20140130,7
20140131,4
20140203,4
20140204,3
20140205,4
20140206,6
20140207,5
20140209,3
20140211,3
20140212,5
20140213,2
20140214,5
20140215,1
20140217,1
20140218,2
20140219,5
20140220,2
20140221,3
20140223,1
20140224,3
20140225,4
20140226,7
20140227,10
20140228,2
20140301,1
20140303,6
20140304,5
20140305,4
20140306,4
20140307,6
20140308,1
20140309,2
20140310,4
20140311,1
20140312,1
20140313,2
20140314,7
20140316,1
20140317,2
20140318,5
20140319,2
20140320,6
20140321,6
20140323,1
20140324,4
20140325,1
20140326,5
20140327,2
20140328,2
20140331,2
20140401,4
20140402,3
20140403,3
20140406,1
20140407,5
20140408,5
20140409,2
20140410,5
20140411,20
20140413,3
20140414,5
20140415,2
20140416,8
20140417,7
20140418,3
20140420,1
20140421,4
20140422,3
20140423,4
20140424,3
20140425,6
20140427,1
20140428,6
20140429,3
20140430,4
20140501,2
20140502,7
20140503,1
20140504,2
20140505,3
20140506,1
20140507,8
20140508,3
20140509,1
20140512,4
20140513,2
20140514,2
20140515,7
20140516,2
20140517,1
20140518,2
20140519,5
20140520,13
20140521,5
20140522,3
20140523,1
20140526,2
20140527,2
20140528,4
20140529,7
20140530,4
20140601,1
20140602,4
20140603,2
20140604,4
20140605,2
20140606,4
20140608,4
20140609,1
20140610,5
20140611,5
20140612,7
20140613,2
20140614,1
20140615,3
20140616,5
20140617,5
20140618,4
20140619,4
20140620,2
20140623,7
20140624,5
20140625,4
20140626,5
20140627,4
20140629,2
20140630,6
20140701,3
20140702,3
20140703,8
20140704,2
20140706,1
20140707,4
20140708,1
20140709,2
20140710,7
20140711,17
20140713,3
20140714,4
20140715,2
20140716,2
20140717,4
20140718,3
20140720,1
20140721,1
20140722,2
20140723,2
20140724,1
20140725,2
20140727,1
20140728,1
20140729,3
20140730,6
20140731,2
20140801,6
20140802,1
20140803,1
20140804,1
20140806,2
20140807,4
20140808,3
20140810,2
20140811,1
20140812,4
20140813,11
20140814,3
20140815,6
20140817,3
20140818,3
20140819,4
20140820,9
20140821,4
20140822,2
20140824,2
20140825,4
20140826,5
20140827,4
20140828,9
20140829,5
20140830,1
20140902,2
20140903,5
20140904,3
20140905,2
20140907,3
20140908,3
20140909,7
20140910,9
20140911,2
20140912,5
20140914,1
20140915,9
20140916,3
20140917,4
20140918,4
20140919,2
20140922,4
20140923,6
20140924,7
20140925,2
20140926,2
20140927,3
20140929,5
20140930,4
20141001,2
20141002,3
20141003,5
20141005,3
20141006,3
20141007,1
20141008,5
20141009,8
20141010,3
20141011,1
20141012,2
20141013,6
20141014,21
20141015,6
20141016,5
20141017,2
20141019,1
20141020,1
20141021,3
20141022,4
20141023,2
20141027,6
20141028,2
20141029,3
20141030,8
20141031,5
20141103,4
20141104,5
20141105,4
20141106,3
20141107,2
20141108,1
20141109,1
20141110,2
20141111,5
20141112,2
20141113,2
20141114,5
20141115,2
20141117,2
20141118,5
20141119,10
20141120,6
20141121,4
20141123,2
20141124,1
20141125,4
20141126,2
20141128,3
20141129,1
20141130,2
20141201,5
20141202,1
20141203,6
20141204,5
20141205,3
20141207,1
20141208,4
20141209,4
20141210,3
20141211,2
20141212,2
20141214,2
20141216,3
20141217,4
20141218,5
20141219,6
20141222,5
20141223,3
20141228,3
20141229,1
20141230,2
20150101,1
20150104,1
20150106,5
20150107,5
20150108,2
20150109,2
20150111,4
20150112,7
20150113,7
20150114,18
20150115,8
20150116,4
20150119,1
20150120,4
20150121,6
20150122,6
20150123,5
20150125,4
20150126,3
20150127,5
20150128,3
20150129,7
20150130,9
20150201,1
20150202,6
20150203,7
20150204,2
20150205,6
20150206,6
20150208,1
20150209,3
20150210,1
20150211,3
20150212,2
20150213,3
20150216,2
20150217,2
20150218,5
20150219,3
20150220,4
20150222,1
20150223,3
20150224,2
20150225,4
20150226,5
20150227,3
20150228,1
20150302,1
20150303,2
20150304,7
20150305,5
20150306,5
20150307,1
20150308,1
20150309,1
20150310,3
20150311,6
20150312,6
20150313,4
20150315,1
20150316,4
20150317,5
20150318,6
20150319,1
20150320,5
20150323,6
20150324,2
20150325,3
20150326,2
20150330,3
20150331,3
20150401,5
20150402,3
20150403,3
20150406,2
20150407,2
20150408,3
20150409,3
20150410,12
20150412,7
20150413,12
20150414,19
20150415,6
20150416,10
20150417,2
20150419,2
20150420,5
20150421,11
20150422,6
20150423,4
20150424,2
20150426,1
20150427,2
20150428,10
20150429,9
20150430,6
